0.2329 
0.2293 
0.2283 
0.2271 
0.2255 
0.2246 
0.2241 
0.2233 
0.2227 
0.2217 
0.1854 
0.1818 
0.1795 
0.1790 
0.1785 
0.1778 
0.1764 
0.1754 
0.1739 
0.1733 
0.1789 
0.1768 
0.1750 
0.1730 
0.1728 
0.1725 
0.1720 
0.1712 
0.1710 
0.1705 
0.2454 
0.2450 
0.2437 
0.2428 
0.2417 
0.2415 
0.2411 
0.2408 
0.2403 
0.2401 
0.3455 
0.3434 
0.3420 
0.3410 
0.3394 
0.3389 
0.3385 
0.3379 
0.3371 
0.3363 
0.2679 
0.2663 
0.2648 
0.2623 
0.2607 
0.2596 
0.2587 
0.2575 
0.2568 
0.2561 
0.2560 
0.2548 
0.2520 
0.2508 
0.2494 
0.2488 
0.2485 
0.2479 
0.2476 
0.2470 
0.1842 
0.1829 
0.1784 
0.1758 
0.1748 
0.1738 
0.1721 
0.1711 
0.1701 
0.1700 
0.4560 
0.4536 
0.4530 
0.4527 
0.4514 
0.4486 
0.4471 
0.4464 
0.4461 
0.4458 
0.2477 
0.2432 
0.2419 
0.2409 
0.2397 
0.2390 
0.2384 
0.2376 
0.2371 
0.2367 
0.3420 
0.3411 
0.3402 
0.3399 
0.3379 
0.3362 
0.3353 
0.3329 
0.3292 
0.3259 
0.3433 
0.3428 
0.3404 
0.3398 
0.3392 
0.3390 
0.3386 
0.3379 
0.3378 
0.3376 
0.2304 
0.2277 
0.2261 
0.2247 
0.2236 
0.2228 
0.2222 
0.2218 
0.2211 
0.2208 
0.2962 
0.2961 
0.2961 
0.2961 
0.2960 
0.2960 
0.2960 
0.2958 
0.2956 
0.2955 
0.2789 
0.2770 
0.2757 
0.2741 
0.2736 
0.2731 
0.2722 
0.2714 
0.2710 
0.2710 
0.4430 
0.4407 
0.4395 
0.4372 
0.4360 
0.4345 
0.4329 
0.4324 
0.4320 
0.4318 
0.4146 
0.4146 
0.4145 
0.4145 
0.4142 
0.4141 
0.4140 
0.4139 
0.4138 
0.4137 
0.3315 
0.3296 
0.3290 
0.3283 
0.3279 
0.3277 
0.3273 
0.3272 
0.3268 
0.3265 
0.2804 
0.2794 
0.2788 
0.2784 
0.2779 
0.2777 
0.2774 
0.2772 
0.2770 
0.2769 
0.3341 
0.3335 
0.3333 
0.3330 
0.3325 
0.3322 
0.3320 
0.3319 
0.3318 
0.3317 
0.3575 
0.3553 
0.3550 
0.3544 
0.3535 
0.3520 
0.3508 
0.3492 
0.3488 
0.3486 
0.2540 
0.2518 
0.2493 
0.2479 
0.2466 
0.2460 
0.2455 
0.2449 
0.2444 
0.2440 
0.1917 
0.1895 
0.1870 
0.1845 
0.1830 
0.1824 
0.1816 
0.1812 
0.1808 
0.1801 
0.2726 
0.2694 
0.2682 
0.2672 
0.2653 
0.2646 
0.2636 
0.2622 
0.2620 
0.2618 
0.2740 
0.2725 
0.2719 
0.2709 
0.2703 
0.2700 
0.2697 
0.2694 
0.2692 
0.2689 
0.2034 
0.2008 
0.1997 
0.1981 
0.1969 
0.1963 
0.1957 
0.1952 
0.1948 
0.1941 
0.3915 
0.3870 
0.3859 
0.3840 
0.3837 
0.3830 
0.3825 
0.3821 
0.3812 
0.3807 
0.2604 
0.2552 
0.2546 
0.2540 
0.2523 
0.2519 
0.2515 
0.2507 
0.2503 
0.2498 
0.2330 
0.2318 
0.2293 
0.2284 
0.2275 
0.2270 
0.2265 
0.2262 
0.2256 
0.2253 
0.2593 
0.2574 
0.2564 
0.2556 
0.2550 
0.2543 
0.2534 
0.2527 
0.2523 
0.2521 
