0.2329 
0.2293 
0.2283 
0.2271 
0.2255 
0.2246 
0.2241 
0.2233 
0.2227 
0.2217 
0.1854 
0.1818 
0.1795 
0.1790 
0.1785 
0.1778 
0.1764 
0.1754 
0.1739 
0.1733 
0.1789 
0.1768 
0.1750 
0.1730 
0.1728 
0.1725 
0.1720 
0.1712 
0.1710 
0.1705 
0.2454 
0.2450 
0.2437 
0.2428 
0.2417 
0.2415 
0.2411 
0.2408 
0.2403 
0.2401 
0.3455 
0.3434 
0.3420 
0.3410 
0.3394 
0.3389 
0.3385 
0.3379 
0.3371 
0.3363 
0.2679 
0.2663 
0.2648 
0.2623 
0.2607 
0.2596 
0.2587 
0.2575 
0.2568 
0.2561 
0.2560 
0.2548 
0.2520 
0.2508 
0.2494 
0.2488 
0.2485 
0.2479 
0.2476 
0.2470 
0.1842 
0.1829 
0.1784 
0.1758 
0.1748 
0.1738 
0.1721 
0.1711 
0.1701 
0.1700 
0.4560 
0.4536 
0.4530 
0.4527 
0.4514 
0.4486 
0.4471 
0.4464 
0.4461 
0.4458 
0.2477 
0.2432 
0.2419 
0.2409 
0.2397 
0.2390 
0.2384 
0.2376 
0.2371 
0.2367 
0.3420 
0.3411 
0.3402 
0.3399 
0.3379 
0.3362 
0.3353 
0.3329 
0.3292 
0.3259 
0.3433 
0.3428 
0.3404 
0.3398 
0.3392 
0.3390 
0.3386 
0.3379 
0.3378 
0.3376