0.2304 
0.2277 
0.2261 
0.2247 
0.2236 
0.2228 
0.2222 
0.2218 
0.2211 
0.2208 
0.2962 
0.2961 
0.2961 
0.2961 
0.2960 
0.2960 
0.2960 
0.2958 
0.2956 
0.2955 
0.2789 
0.2770 
0.2757 
0.2741 
0.2736 
0.2731 
0.2722 
0.2714 
0.2710 
0.2710 
0.4430 
0.4407 
0.4395 
0.4372 
0.4360 
0.4345 
0.4329 
0.4324 
0.4320 
0.4318 
0.4146 
0.4146 
0.4145 
0.4145 
0.4142 
0.4141 
0.4140 
0.4139 
0.4138 
0.4137 
0.3315 
0.3296 
0.3290 
0.3283 
0.3279 
0.3277 
0.3273 
0.3272 
0.3268 
0.3265 
0.2804 
0.2794 
0.2788 
0.2784 
0.2779 
0.2777 
0.2774 
0.2772 
0.2770 
0.2769 
0.3341 
0.3335 
0.3333 
0.3330 
0.3325 
0.3322 
0.3320 
0.3319 
0.3318 
0.3317 
0.3575 
0.3553 
0.3550 
0.3544 
0.3535 
0.3520 
0.3508 
0.3492 
0.3488 
0.3486 
0.2540 
0.2518 
0.2493 
0.2479 
0.2466 
0.2460 
0.2455 
0.2449 
0.2444 
0.2440 
0.1917 
0.1895 
0.1870 
0.1845 
0.1830 
0.1824 
0.1816 
0.1812 
0.1808 
0.1801 
0.2726 
0.2694 
0.2682 
0.2672 
0.2653 
0.2646 
0.2636 
0.2622 
0.2620 
0.2618 