1.45669806 1.33165312 -0.12578204 30.0
0.67747432 0.11656345 2.05159497 30.0
-0.61523730 -0.36221445 -1.05979335 30.0
0.07989109 -1.23820579 0.19484575 30.0
-1.38875711 -0.82500231 -1.11379409 30.0
-1.03512847 0.97567338 -1.84430504 30.0
-1.30074024 1.17578101 0.88670129 30.0
-0.94938982 1.30445790 -0.90061921 30.0
-0.06203691 1.55861747 -0.03900885 30.0
-0.89233816 -1.37981737 -0.22843817 30.0
-0.75640881 1.19327676 1.24976635 30.0
-1.46037996 0.07006108 0.41065481 30.0
1.35069013 -1.26267505 -0.09060278 30.0
-0.78677636 1.53502035 -0.71734226 30.0
0.08150512 1.56118035 0.57602406 30.0
-1.17872179 -1.31746197 -0.25887325 30.0
1.52762437 0.88101649 -0.41825581 30.0
0.69983613 -1.03771734 -1.06739128 30.0
-0.67158020 -0.68212068 0.87839890 30.0
-0.75128919 -1.40194952 -0.85037220 30.0
-1.40592074 -1.22899246 -0.13459036 30.0
0.33741963 0.83328182 -1.06648064 30.0
1.14035809 -0.04020797 1.53799510 30.0
-0.39895967 0.15314002 -1.05743718 30.0
-1.41323400 -1.21686924 -0.13365459 30.0
0.21540193 0.60585731 -1.07711482 30.0
0.38556919 1.42524481 1.14385116 30.0
-0.69125849 0.81445420 -1.03077304 30.0
0.34009817 -0.80793494 0.78376877 30.0
-0.05094993 1.43677509 1.15286469 30.0
0.63681000 -0.87543786 0.68616724 30.0
0.42726552 -1.29144907 0.06630270 30.0
-0.42172211 -0.84574646 0.73221880 30.0
1.25228631 0.58183861 1.02650845 30.0
-1.41769314 0.31330371 -0.43059951 30.0
-0.06006974 0.98788047 -1.06120241 30.0
1.54820895 -0.61339289 0.18911988 30.0
-1.04459059 0.69703001 -1.07377720 30.0
0.70740342 0.91691440 1.34066367 30.0
1.39708495 0.23273844 -0.59168613 30.0
-0.30679467 -1.17903340 -1.07881510 30.0
1.00601387 0.39657515 1.78450775 30.0
1.36964297 0.58220321 0.65528470 30.0
-0.73236018 1.53646839 0.84567130 30.0
0.85063624 0.31379169 -1.01443505 30.0
0.77575558 -1.09935331 -1.04752171 30.0
-0.84539980 -1.01520848 -1.14434695 30.0
-0.27655727 1.29011750 1.24107575 30.0
1.40341151 0.06889229 -0.66245830 30.0
-1.39996898 -1.22897613 -0.31634724 30.0
1.36964297 0.58220321 0.65528470 30.0
0.96387708 1.46849465 -0.84565485 30.0
-1.22265887 -0.05595767 1.26761496 30.0
0.79030931 -0.71049482 0.85184920 30.0
0.94772702 0.92949450 1.21869493 30.0
-1.49695396 0.63949293 -0.25232381 30.0
-0.51938921 0.94104183 -1.02885640 30.0
0.33202711 -1.44223785 -0.79132545 30.0
-1.23490655 0.71230251 0.93652821 30.0
1.33237588 0.78447062 0.71699858 30.0
1.36773968 -1.26230812 -0.59540862 30.0
1.05970907 1.01113081 -1.81252146 30.0
0.54113543 1.00658309 -1.01358616 30.0
0.53227764 -1.01953185 -1.09295428 30.0
1.05663300 1.08567107 -1.65986395 30.0
1.22084188 0.97410494 1.00788009 30.0
-1.51936817 -0.41160530 0.46659550 30.0
1.37870955 1.08784425 0.70823812 30.0
-1.40802085 -0.41250366 -0.84325129 30.0
-0.05875276 -1.09165204 -1.12482274 30.0
-0.31584746 0.83328182 -1.06648064 30.0
-0.83090031 1.52461898 0.71655327 30.0
1.20959413 0.15305419 1.28184116 30.0
0.42848277 -1.43532932 -0.85870266 30.0
0.79567122 -0.90422601 0.64884013 30.0
-0.40308481 -1.43633485 -0.92975301 30.0
1.40111756 0.52831084 -0.81520253 30.0
1.30133438 -0.20308661 1.22103381 30.0
0.71806115 -0.42189303 -1.04483879 30.0
-0.06087893 -0.50500417 -1.09564972 30.0
0.52251631 1.56022084 0.71693403 30.0
1.22898090 1.00767183 1.02179754 30.0
-0.61179709 -0.94808143 0.59850740 30.0
-1.44205439 -0.89881212 -0.59133679 30.0
-0.97467870 -0.28247902 1.58058906 30.0
-1.47137940 -0.93938231 0.34205088 30.0
0.38916177 1.28540015 1.23650849 30.0
-0.82427865 -1.37775326 -1.00556040 30.0
0.91263062 0.23272112 -1.01014316 30.0
0.86540413 -0.12136312 1.83932507 30.0
1.29766345 -0.93042880 0.55197018 30.0
1.35637021 -1.15091753 0.21944371 30.0
0.08116358 -0.72540581 0.85387594 30.0
0.78651208 -0.94824553 -1.08294201 30.0
-0.54283494 -0.06154681 1.93668449 30.0
-0.06044269 1.05920362 -1.04494250 30.0
-0.32815966 -1.44028962 -0.30943877 30.0
1.44143784 -0.94058394 -0.65193850 30.0
-0.41959313 1.16133332 -0.99371815 30.0
-1.38669384 -0.85245913 0.65559405 30.0
-0.17562079 -0.13052420 1.87704432 30.0
-0.19037586 -1.27152550 0.12827072 30.0
-1.20815885 1.48811269 -0.16026866 30.0
0.77798098 1.19327676 1.24976635 30.0
-1.34048283 0.31304452 -0.81520569 30.0
0.93400550 -1.38418913 -0.76539558 30.0
-0.77064222 1.17909563 -0.96989447 30.0
-1.43171155 0.58131915 -0.59525818 30.0
-0.84831625 -0.01221452 -1.03151667 30.0
-1.31080377 0.78447062 0.71699858 30.0
1.38950241 -0.16991474 0.91185504 30.0
0.33554122 -0.92240512 -1.10927176 30.0
-0.05656466 1.57640982 0.79871863 30.0
-1.05215466 -1.35032165 -0.74444366 30.0
-0.54071039 0.83134896 1.48901868 30.0
0.53913563 -0.28973985 -1.07692599 30.0
0.54886001 1.56357586 -0.70710069 30.0
-1.12417209 -0.62940323 0.88808399 30.0
-1.47393227 0.84121925 0.19155213 30.0
-1.35806072 0.97621781 0.59903765 30.0
-0.91801995 -0.89553124 0.65445757 30.0
-0.76171565 0.87037820 1.39089859 30.0
1.04944825 -1.25150347 -1.00313091 30.0
0.88945645 -1.33417439 -0.09320644 30.0
-0.06019102 1.02193725 -1.05333698 30.0
-1.45763385 -1.03245819 -0.01586543 30.0
-0.41498700 0.54674536 -1.05590153 30.0
-0.29425573 1.56693137 0.94027740 30.0
-1.51113617 0.84087718 -0.41764829 30.0
-1.04746222 0.88617986 1.16161835 30.0
1.43801796 -1.20951259 -0.15026659 30.0
-1.47460008 -0.67394787 -0.59010857 30.0
0.59951663 1.55165195 0.88869935 30.0
0.82246041 -1.36451745 -0.15922830 30.0
1.50711250 -0.85954463 0.42438903 30.0
-1.45268333 1.24547267 -0.43681419 30.0
1.47803140 0.46312732 0.46311605 30.0
-0.54119033 0.99392247 1.28951132 30.0
-0.53685528 0.62411582 1.78213751 30.0
-0.68308139 0.59079456 -1.03004336 30.0
0.51418686 0.23821872 -1.04646003 30.0
0.81777257 1.51781821 0.02343615 30.0
-1.42158031 -1.19265056 -0.11888327 30.0
0.63375926 -0.28687942 -1.06755805 30.0
-0.53782135 0.50203609 1.93984580 30.0
-0.72879350 0.11622279 2.04789495 30.0
1.43230724 -1.22114909 -0.13568328 30.0
0.47500366 0.76323229 1.60401356 30.0
-0.65590215 0.11656345 2.05159497 30.0
1.41819096 0.63937193 0.45361203 30.0
0.90588707 1.51132250 -0.02032660 30.0
0.89047074 1.52248621 0.84417617 30.0
-0.90862674 -1.00830626 -1.40331769 30.0
-0.68375278 1.16226387 1.27194881 30.0
0.95123357 0.91229981 -1.46832919 30.0
-1.20268226 1.17304409 1.04811144 30.0
-0.20086364 1.55260301 0.35467196 30.0
-1.37797332 -0.89874732 -1.09668279 30.0
0.44381964 -0.76228476 0.82263809 30.0
0.80045748 -0.23329984 1.70779240 30.0
-0.60768044 -1.02936232 0.48007441 30.0
-0.53656954 0.75775391 1.59944797 30.0
-0.05437066 -0.35835978 1.53060901 30.0
0.34204975 -0.58697480 -1.06823850 30.0
-1.46363473 -0.98503155 -0.17025444 30.0
-0.52748513 1.54384673 -0.81632173 30.0
0.55218172 1.34666157 -0.92899603 30.0
1.40800333 0.39033365 0.67582703 30.0
0.21506143 0.66409963 -1.07691145 30.0
1.46494722 -0.85811687 0.63225925 30.0
0.73275667 1.52673101 0.02162021 30.0
1.51019704 -0.85955071 0.11406585 30.0
1.15844488 1.48803985 0.70852017 30.0
1.44482291 -1.16252840 0.07563829 30.0
1.45808196 -0.64029187 -0.82433951 30.0
-1.21543264 -0.23834780 1.39859557 30.0
-0.35368097 0.18789327 2.07209015 30.0
1.47623110 -0.78723943 0.71726716 30.0
-1.21948206 -1.30380344 -0.20762686 30.0
-1.40440547 0.52827430 -0.70648736 30.0
-1.07594073 1.29315877 1.07227397 30.0
1.26731086 -1.24081516 0.05899601 30.0
0.58244491 1.54597890 0.99268502 30.0
-0.93234253 1.01113081 -1.44510341 30.0
-1.27733016 1.04656625 0.93931395 30.0
-0.94797850 -0.48976329 -1.01830566 30.0
0.43514013 -1.38640475 -0.14079443 30.0
0.96780813 1.14111769 1.19686019 30.0
-1.34905529 0.23386124 0.74166757 30.0
-0.53576070 -1.42432261 -0.37838086 30.0
0.72720855 1.49056637 -0.86863518 30.0
-0.68491071 0.77619869 -1.02550030 30.0
-0.89369780 0.72969979 1.50516760 30.0
0.22132471 -1.42030180 -0.19315906 30.0
-0.31215122 0.47935319 -1.06574142 30.0
1.46005964 1.04856014 -0.74025315 30.0
-0.30351281 -1.44348276 -0.93141615 30.0
-0.45735046 1.00128615 1.29425395 30.0
-1.48236525 -0.89766699 0.07399554 30.0
-1.52192461 -0.61376578 -0.07486976 30.0
-0.62128139 -0.65111637 -1.03778291 30.0
1.35385251 -0.86617118 -1.53433490 30.0
-0.77235395 1.15801096 -0.97512227 30.0
-1.17002034 -1.26054502 0.02389909 30.0
0.21655117 -0.10772715 -1.10517299 30.0
0.63375926 -0.28687942 -1.06755805 30.0
1.29678655 1.08609045 0.94984657 30.0
-1.29790926 -0.37037075 1.20254099 30.0
-0.46100864 1.54109406 1.04897583 30.0
-1.22160649 -1.10741699 -0.97037947 30.0
0.33027816 0.40337184 -1.06574142 30.0
-1.40901899 -1.22429371 -0.08192271 30.0
0.80578262 1.37519670 1.12998927 30.0
-0.27909878 1.15956211 1.30206192 30.0
-0.41932717 0.83037668 -1.05663812 30.0
-0.76001126 -1.33356452 -0.07645630 30.0
-0.70693374 1.52462864 0.36128929 30.0
0.88436151 -0.86438364 0.70006716 30.0
-1.22453463 0.14996423 -0.94493073 30.0
-1.34066534 1.17652261 0.78923595 30.0
0.44418705 1.28198433 -0.95178956 30.0
-0.18776058 -0.64653367 0.92727512 30.0
-1.39887023 0.71299255 0.40156624 30.0
1.55380881 -0.59558207 0.32606769 30.0
0.69843763 -1.15119731 0.26822180 30.0
0.75393236 1.53646839 0.84567130 30.0
-0.75029218 -1.14935708 -1.02875042 30.0
-0.93239892 0.87844235 -1.44740808 30.0
-1.46487319 1.04857743 -0.63534188 30.0
1.09751284 1.29315877 1.07227397 30.0
-0.61685008 -1.41695714 -0.63423866 30.0
1.02546978 -0.84304190 0.71243685 30.0
-0.27974689 1.11990917 1.30111587 30.0
1.44033289 -1.03360355 -0.59200436 30.0
-0.42348695 -0.68968856 -1.05760562 30.0
-1.47896349 -0.89767176 0.38699323 30.0
0.87688690 -0.06030917 1.89054894 30.0
-0.06035188 0.91974598 -1.07817125 30.0
1.50378740 -0.89767969 0.05080639 30.0
1.51825809 -0.78794366 0.48041818 30.0
-0.82753491 -1.27011192 0.05602560 30.0
0.19385505 1.01378489 1.31037998 30.0
1.42913675 -1.22664082 -0.11402765 30.0
0.44093317 0.97853941 -1.03069174 30.0
0.63965029 -0.42442122 -1.05237591 30.0
-1.40709782 -1.22701609 -0.13872337 30.0
-0.06054521 -0.76667911 0.82702523 30.0
-0.97821766 1.51080966 0.71243352 30.0
0.33609152 -0.20362180 -1.09899509 30.0
1.38211167 -0.64679921 -1.33911049 30.0
1.22477138 -0.81652600 -1.87561607 30.0
-1.41563702 0.58131105 -0.65201968 30.0
-0.41853073 1.55546904 0.57784253 30.0
-0.19282676 -1.14247620 0.33671468 30.0
-0.05941186 -1.06160867 0.47358334 30.0
-0.51865709 0.97307110 -1.02133739 30.0
0.51418686 0.23821872 -1.04646003 30.0
0.94964927 0.94326967 -1.47417450 30.0
-0.87493223 -0.58437461 -1.01678205 30.0
-1.33738136 -1.17116451 -0.81520224 30.0
-1.48278236 1.17730236 0.32010528 30.0
0.44631109 -0.65290856 -1.05624235 30.0
-0.77261281 -0.28157532 -1.05174160 30.0
-1.23070085 -1.27380478 -0.04710822 30.0
-0.88791192 1.51958168 0.71593314 30.0
-1.45861661 -0.78909850 -0.59088361 30.0
0.72459435 -0.28432721 1.62282217 30.0
-1.43958616 1.33092916 0.21087664 30.0
1.47059345 0.15113257 0.06032446 30.0
-1.32769561 1.44075906 -0.73669547 30.0
0.75802386 -0.46694869 1.25969410 30.0
1.01446724 -0.94706619 0.56881887 30.0
-1.41113389 -1.22065401 -0.10224297 30.0
1.52072620 1.08819151 -0.30275998 30.0
-0.56326586 -0.34852386 1.51698530 30.0
0.08163633 0.83821416 -1.08744013 30.0
1.47916722 0.52940726 0.39740652 30.0
-0.59612721 -1.14777076 -1.05038369 30.0
-0.80333918 0.18121801 2.01665425 30.0
-1.43050134 0.23349465 -0.16472667 30.0
-1.51078510 -0.71141070 0.17997904 30.0
0.47947651 1.18744755 1.28487957 30.0
-0.82000995 0.23321921 -1.01443505 30.0
0.78391725 -0.98641247 -1.07793164 30.0
-1.48915112 1.04881883 -0.51174462 30.0
0.63336927 -0.94808143 0.59850740 30.0
-1.35046661 -1.08405113 -0.83108598 30.0
-1.46834350 1.12796664 -0.48186064 30.0
1.41328943 -1.24167156 -0.14580858 30.0
-1.36454952 0.31304452 -0.70649433 30.0
1.43262661 -0.82500231 -0.83009171 30.0
-0.80945247 0.34046850 2.00198960 30.0
1.28548217 -0.01195363 -0.96133059 30.0
0.64384812 -0.58549392 -1.03985858 30.0
1.50857246 0.52903843 -0.28890347 30.0
-0.86509943 1.08881330 -1.06508446 30.0
-0.74639404 0.41966075 1.99721181 30.0
-1.04713464 -0.67243570 -1.23224115 30.0
0.08056197 0.72804135 -1.08445013 30.0
-1.42559791 -1.16446280 -0.11187168 30.0
-1.40756476 -1.22664082 -0.11402765 30.0
-0.32253695 1.51687169 -0.90710986 30.0
1.42480850 -1.03361619 -0.65196127 30.0
-1.08973229 1.36334634 1.03030479 30.0
-0.66912830 -1.25536537 0.10705564 30.0
1.54285061 -0.63919735 0.32275131 30.0
0.63512778 -0.91217929 0.64061117 30.0
1.22898090 1.00767183 1.02179754 30.0
-0.50094414 1.56022084 0.71693403 30.0
0.77385741 -1.12435114 -1.03772688 30.0
1.49110234 1.24734414 0.00221831 30.0
-0.60415107 0.75112319 -1.03172159 30.0
1.47307944 0.78425223 -0.67055011 30.0
-0.40407541 -1.32723558 -0.00602692 30.0
-1.42802119 -1.08161867 -0.43958420 30.0
-0.61946446 -0.68561608 -1.03913713 30.0
1.42358518 -1.23288047 -0.15521780 30.0
-1.40495062 -1.23000181 -0.14655831 30.0
-0.39876112 -0.48134464 1.26542318 30.0
-0.31900644 -0.68949676 -1.06745160 30.0
0.21727255 -0.97265804 0.59436983 30.0
1.08258760 -0.65659606 -1.10050285 30.0
1.44882560 -0.82500231 -0.70605040 30.0
-0.58801049 -1.41700172 -0.98245698 30.0
-0.53685528 0.62411582 1.78213751 30.0
-1.49760389 0.58241731 -0.23868845 30.0
0.19385505 1.01378489 1.31037998 30.0
1.50740516 0.39039683 0.08746670 30.0
-1.42781675 1.17505896 -0.67247331 30.0
1.23968220 -1.29727817 -0.86820054 30.0
0.55654842 1.48452544 1.09595263 30.0
-1.45690000 0.46224004 -0.45145229 30.0
1.47124052 1.08743703 -0.63417643 30.0
0.95879775 -0.68981510 -1.13835895 30.0
-0.39487770 1.56700456 0.89035630 30.0
1.20996833 1.23299110 1.03486204 30.0
1.41154850 0.31306174 -0.59209806 30.0
1.53509319 -0.19082454 0.17511946 30.0
-1.21204579 -0.74398208 -1.77404487 30.0
1.54428554 -0.35025987 0.09500041 30.0
1.53235710 -0.71141070 0.17997904 30.0
0.71557552 1.10456562 -0.97635740 30.0
-1.43286037 -1.12563860 -0.05414177 30.0
-1.41295230 -1.21729481 -0.13959086 30.0
-0.40727112 -0.69176954 0.87941796 30.0
1.45330977 -0.67395037 -0.82639784 30.0
-1.39114428 -1.08191073 -0.65199405 30.0
1.53776586 -0.67279726 0.18992917 30.0
0.76539147 0.31565973 -1.02222264 30.0
1.53750765 -0.27673209 0.18114619 30.0
-1.41649389 0.94326967 -0.84593409 30.0
0.63083458 -0.71920007 0.85179240 30.0
1.36601162 1.08651948 -1.42677951 30.0
-1.04459059 0.69703001 -1.07377720 30.0
-0.06045265 -1.45687485 -0.66928989 30.0
1.44313419 -1.19267976 -0.10502595 30.0
-0.06065251 -0.70848942 -1.09036601 30.0
-0.89614481 -1.13213265 0.26988235 30.0
0.32403958 -0.64654487 0.92677480 30.0
1.44151926 -1.19312024 0.01914936 30.0
-1.51609945 1.04972589 -0.09827641 30.0
0.84316885 0.15020558 -1.01591480 30.0
-1.44870424 1.04856014 -0.69120777 30.0
-0.70780182 1.52857995 0.99073684 30.0
0.70648295 0.77619869 -1.02550030 30.0
0.89583749 1.52768886 -0.70653772 30.0
-0.19382998 -1.00428689 -1.12849927 30.0
-1.40808475 -1.22357106 -0.03532394 30.0
-1.46556950 1.08850110 0.39763173 30.0
1.38499987 0.38922870 -0.81520569 30.0
1.28676641 1.45252788 0.71516997 30.0
1.37320399 1.44173145 0.05820096 30.0
-0.79513842 1.00279284 1.26521003 30.0
-0.20211630 1.55316675 0.12872277 30.0
-0.80215079 1.15055597 1.25913858 30.0
0.21356890 -1.18716872 0.26641634 30.0
-0.79620045 1.51781821 0.02343615 30.0
-0.51382875 0.78695863 -1.04188943 30.0
-0.50394291 -1.16065633 -1.05944228 30.0
-1.40918458 -1.22147834 -0.20093769 30.0
-0.45367387 0.62852752 1.78662241 30.0
-0.31632486 0.94965959 -1.04801357 30.0
1.46437001 1.17549598 -0.62004322 30.0
-1.24587166 -0.32982883 1.32960141 30.0
1.52355206 -0.64010644 -0.39790696 30.0
0.94861430 -1.38392365 -0.61405951 30.0
0.74360311 1.53157735 0.93559480 30.0
0.34471270 1.55092847 0.35627079 30.0
-1.38683307 -1.16826165 -0.59349322 30.0
-0.42644945 1.57830513 -0.64011240 30.0
-0.92254096 -0.40349028 1.37790644 30.0
0.08208610 1.09854245 -1.03737664 30.0
-1.11588490 -1.07858479 0.32331795 30.0
-1.44042575 -1.03332365 -0.42919466 30.0
0.82086784 0.86790991 1.38800800 30.0
-0.95085496 -1.29510069 -0.01775440 30.0
1.44533873 -0.19196831 -0.70775187 30.0
-1.25566983 0.15243314 1.07113373 30.0
1.37365794 -1.23533022 0.03109613 30.0
0.95900637 1.23222589 1.16074181 30.0
-0.95085496 -1.29510069 -0.01775440 30.0
-1.40228713 -1.23249471 -0.21135186 30.0
-0.05300735 -0.13106449 1.88090336 30.0
0.07984345 -1.16746294 -1.10785055 30.0
1.55518293 -0.59643120 0.19335520 30.0
1.43743300 -1.21169341 -0.06858099 30.0
1.49212313 1.01222289 0.28009099 30.0
0.77606785 -1.18379164 0.21557848 30.0
1.19109106 0.88076234 1.01518345 30.0
0.88945645 -1.33417439 -0.09320644 30.0
-1.53304887 -0.48285168 0.28001517 30.0
-0.19755539 1.09553635 -1.02796674 30.0
1.03338683 -1.33246183 -0.12422261 30.0
1.48648274 0.94437104 0.21564677 30.0
-0.49665859 -1.42050171 -1.01846397 30.0
1.21867669 -1.20439970 0.15350161 30.0
0.21981549 -0.68868375 -1.07883215 30.0
0.80834848 1.54172564 -0.67478615 30.0
-0.17660639 -0.19348210 1.80362713 30.0
-0.77644348 -0.35621777 -1.04413605 30.0
-1.21644342 0.87859106 -1.81894207 30.0
-1.24573874 -1.24081516 0.05899601 30.0
-1.33676684 1.46081591 -0.57583088 30.0
1.31624806 -0.06962755 1.07362783 30.0
1.52333891 0.78516746 -0.00090925 30.0
0.69878328 0.74762541 1.59173930 30.0
1.35957551 1.12320697 -1.34421694 30.0
-1.38661408 -0.09960987 -0.84875649 30.0
0.41977504 0.23924494 -1.05590153 30.0
-1.41031122 -0.66969270 0.83619833 30.0
0.56228256 0.83134896 1.48901868 30.0
0.21896599 -0.85734296 0.73942709 30.0
0.93873155 0.73396200 -1.13509035 30.0
0.08252777 -0.65363157 -1.08703995 30.0
0.86540413 -0.12136312 1.83932507 30.0
1.50420976 0.88050270 -0.52938974 30.0
1.42980707 -1.22513437 -0.14649498 30.0
-0.49692938 -0.64364046 0.92592686 30.0
-0.80115753 0.66697896 1.68166673 30.0
-1.37867093 0.14998150 -0.59361804 30.0
1.42480850 -1.03361619 -0.65196127 30.0
1.43992651 1.17468500 -0.71664304 30.0
1.04798567 -1.28590667 -1.00307798 30.0
-1.37186170 1.24705648 0.71431971 30.0
-0.92615491 0.92949450 1.21869493 30.0
-0.59454739 -1.17315161 -1.04293406 30.0
0.07362384 -0.06463370 1.95782936 30.0
0.78257895 0.91043395 1.33661795 30.0
-1.35591269 -1.23652983 -0.65173894 30.0
-0.06019102 1.02193725 -1.05333698 30.0
0.42884329 -0.69176954 0.87941796 30.0
0.08324150 1.36698186 -0.95978403 30.0
-1.08219922 0.15469489 1.57681596 30.0
1.14299977 0.52966565 1.36926973 30.0
-0.77967525 -0.71122253 -1.03162205 30.0
-0.31255144 0.54857939 -1.06574142 30.0
0.19094776 0.43533388 2.02776718 30.0
1.39711928 -1.24032891 -0.01503515 30.0
-1.29317105 -0.31884792 1.19389474 30.0
1.38111627 -1.19650221 0.12852424 30.0
0.99332213 -1.15048146 0.24158940 30.0
-0.77730972 0.88719583 -1.02445185 30.0
1.26621091 -1.29878283 -0.60370404 30.0
0.54409403 0.05980430 2.04740644 30.0
1.50591457 -0.78792554 0.64628875 30.0
-0.79619730 1.51624429 0.13986914 30.0
0.72850591 1.52462864 0.36128929 30.0
-1.41323400 -1.21686924 -0.13365459 30.0
0.81584835 0.97055167 1.27457726 30.0
-0.28539070 -0.24580137 1.72526145 30.0
0.38556919 1.42524481 1.14385116 30.0
0.92967272 -1.00867021 0.48550221 30.0
1.45440650 -1.12569940 -0.08132201 30.0
1.22735286 1.47135842 0.36459854 30.0
-0.40269071 0.32281786 -1.05590153 30.0
-1.42602432 -0.27777624 -0.71087563 30.0
-1.47024667 0.39000216 -0.20851989 30.0
-1.43351352 1.08741879 -0.69033700 30.0
0.34152937 -0.65323257 -1.06608343 30.0
0.07311387 1.29814887 1.25080144 30.0
0.45310721 1.55045640 0.01561565 30.0
-0.46100864 1.54109406 1.04897583 30.0
-0.86501157 -1.39179504 -0.61731166 30.0
-1.48712707 -0.01078390 0.41914627 30.0
1.48039877 0.31416017 -0.03463379 30.0
-1.43055081 0.52828240 -0.59446007 30.0
0.89583749 1.53441036 -0.66426331 30.0
-1.51584303 1.01229680 -0.14966153 30.0
0.83423960 1.37249160 1.12511230 30.0
0.53714412 -0.99295247 0.54415268 30.0
1.42917311 1.39932108 0.04713256 30.0
0.53232026 0.75654876 -1.04071832 30.0
0.77385741 -1.12435114 -1.03772688 30.0
1.42619526 0.84112912 -1.09052110 30.0
-0.16885233 0.00029758 2.02429247 30.0
0.88732451 0.88094336 -1.12223864 30.0
-0.61074883 1.17066205 1.27612126 30.0
-1.41729558 0.84107977 0.35067156 30.0
-1.36598420 1.40011537 0.61855710 30.0
-1.40440547 0.52827430 -0.70648736 30.0
-1.37164152 -0.94025600 -1.07706833 30.0
-1.12072468 0.58260679 1.30707681 30.0
1.47323442 0.84015292 -0.67961556 30.0
0.77043629 -1.24618208 0.11643180 30.0
-0.51938921 0.94104183 -1.02885640 30.0
1.10670149 0.08443218 1.57691491 30.0
-1.48862493 -0.85955071 0.11406585 30.0
1.04935336 1.14632642 -1.39005256 30.0
0.28830427 0.11810610 2.07227015 30.0
-1.52489030 -0.59384245 0.56887925 30.0
0.44319725 1.04914594 -1.01461267 30.0
-0.89303976 -1.38413346 -0.92105037 30.0
0.61920387 -1.12239802 -1.05822337 30.0
0.87585992 -0.90188324 -1.18057239 30.0
0.54413193 -0.42727289 -1.06155765 30.0
-0.61088538 0.95627540 1.30895972 30.0
0.08008727 0.40557513 -1.08669543 30.0
-0.68995845 1.53172684 0.57936972 30.0
0.20117664 -0.35719281 1.52795887 30.0
-0.41382623 -1.08481133 0.40873101 30.0
-0.92807716 0.94326967 -1.47417450 30.0
-0.45800731 0.96978605 1.31754577 30.0
-1.48263764 0.88050270 -0.52938974 30.0
0.39409655 1.54739749 1.05046201 30.0
-0.54345369 0.92958122 1.34857142 30.0
1.23271954 1.12696874 1.04611981 30.0
-0.69169253 1.13847303 -0.97413522 30.0
0.60852396 -1.39299107 -1.02720511 30.0
0.64624780 -0.18616650 1.78621745 30.0
0.32937375 -1.22350621 0.19746664 30.0
0.21896599 -0.85734296 0.73942709 30.0
1.35845292 -0.29448915 1.05700076 30.0
0.62772912 0.59454679 -1.03744435 30.0
-1.52254188 -0.48145545 0.50755268 30.0
-0.51861548 0.82579857 -1.04719412 30.0
-0.53312808 1.40772712 1.13844848 30.0
-0.68479490 -1.02439904 0.48084611 30.0
1.40192258 0.58153063 -0.81518960 30.0
1.05970907 1.01113081 -1.81252146 30.0
0.81724113 1.11328149 1.27178919 30.0
0.82246041 -1.36451745 -0.15922830 30.0
-0.05875276 -1.09165204 -1.12482274 30.0
-1.13537359 -1.32681549 -0.19959578 30.0
1.42911863 1.01113081 -1.11237347 30.0
-0.86354351 0.97847593 -1.10933506 30.0
0.43539843 -1.08481133 0.40873101 30.0
1.25373876 -0.28691056 1.35911870 30.0
-0.51956552 0.11722931 2.05882668 30.0
-0.30915093 -1.17934048 0.26792452 30.0
0.55521357 1.54429138 0.01780804 30.0
0.64217800 -0.49762648 -1.04589427 30.0
1.42652273 -1.23000181 -0.14655831 30.0
-1.19311249 -0.17651097 1.44206345 30.0
-1.27878952 -1.28497446 -0.18335529 30.0
0.30048054 -0.06387104 1.94883299 30.0
1.53559959 -0.35071009 0.43264237 30.0
-0.54283494 -0.06154681 1.93668449 30.0
-1.19128072 0.08000281 1.28724146 30.0
1.41296232 1.23426867 -0.79727685 30.0
-0.84861743 -0.97548902 -1.16628695 30.0
-1.10653853 -1.29750061 -0.06536574 30.0
1.41032422 -0.19196831 -0.85796273 30.0
0.89074409 -0.41618147 -1.02894318 30.0
0.21471998 -1.04385555 -1.12413096 30.0
1.04471040 -0.88086098 -1.85774314 30.0
-0.57460934 -0.41513097 1.39003634 30.0
-0.54196477 0.96267188 1.31283045 30.0
1.53928316 0.88141084 -0.32969856 30.0
0.71651739 -0.73832262 -1.03579438 30.0
0.39173862 1.04047060 1.28996313 30.0
-1.50527203 -0.75052238 0.29269189 30.0
-0.31492096 -0.88331819 -1.10023510 30.0
0.64533597 1.56473005 -0.62079769 30.0
1.38755620 1.40011537 0.61855710 30.0
-0.79511613 0.81210005 1.47435403 30.0
-1.23263824 0.52887428 1.07914424 30.0
-1.52635550 -0.61322302 0.32372150 30.0
-0.61255991 0.92342252 1.34472656 30.0
1.46856809 0.15108003 0.01227433 30.0
0.69782048 0.67343670 1.69664907 30.0
-1.08219922 0.15469489 1.57681596 30.0
0.84827542 0.60799152 1.73484957 30.0
-0.92184997 1.16718507 -1.10995948 30.0
0.32937375 -1.22350621 0.19746664 30.0
-0.19534139 1.21987653 -0.98396611 30.0
0.62496245 1.32187951 1.18020344 30.0
-1.26877439 0.46198091 -0.94338846 30.0
1.03674161 -0.95423913 -1.77541029 30.0
0.87688690 -0.06030917 1.89054894 30.0
-1.45847058 -0.67396581 -0.65193850 30.0
0.68371344 -1.39898014 -1.01184928 30.0
-1.20732260 -1.31105053 -0.35009363 30.0
0.65271413 1.53356779 0.13677838 30.0
0.67747432 0.11656345 2.05159497 30.0
-0.40269071 0.32281786 -1.05590153 30.0
-0.94838083 -1.36979771 -0.20022666 30.0
0.07914133 -1.26873088 -1.08781314 30.0
-1.49343348 0.52942777 0.18483961 30.0
-0.74023569 -0.51812273 1.13094151 30.0
0.82508403 -1.38819194 -0.23053664 30.0
-0.62128139 -0.65111637 -1.03778291 30.0
-0.31759250 1.05287731 -1.02430439 30.0
0.89617354 1.51279521 -0.77465296 30.0
-1.33738136 -1.17116451 -0.81520224 30.0
0.39805922 -0.12916413 1.86849999 30.0
0.71651739 -0.73832262 -1.03579438 30.0
-0.53335601 1.54668105 -0.02860627 30.0
0.45310721 1.55045640 0.01561565 30.0
1.41296232 1.23426867 -0.79727685 30.0
-0.28539070 -0.24580137 1.72526145 30.0
-0.63215083 1.53751934 0.99173772 30.0
0.78529578 0.64300841 -1.02210379 30.0
0.08099571 0.79874289 -1.08205724 30.0
1.52280736 0.46314898 -0.08292440 30.0
1.48072457 0.58156103 -0.47800106 30.0
0.30067092 1.15956211 1.30206192 30.0
1.29095638 0.97461832 0.89731228 30.0
-1.50799549 1.04933226 -0.34489304 30.0
0.32617524 0.06881718 -1.07348669 30.0
0.34936169 -1.44171917 -0.32918623 30.0
0.65372300 1.53751934 0.99173772 30.0
0.44116527 1.16133332 -0.99371815 30.0
-1.06031060 1.45996034 -0.84030098 30.0
-1.04689753 0.06889229 -1.01041090 30.0
-0.67721117 0.74762541 1.59173930 30.0
1.43270600 -1.22065401 -0.10224297 30.0
0.99044079 0.32055697 1.82582998 30.0
-1.46139717 1.24737465 0.38188842 30.0
1.01896286 0.64511025 1.48962116 30.0
0.91030735 -1.34728754 -1.01014316 30.0
1.35097599 -1.03124499 -1.04232883 30.0
-0.78421050 1.37519670 1.12998927 30.0
0.33913493 -0.76339883 -1.07156801 30.0
-1.04106498 -0.40679991 1.35615635 30.0
0.44810554 1.54935682 -0.82708097 30.0
-0.17282836 -0.06428499 1.95371616 30.0
-1.40274799 -1.23254800 -0.05433653 30.0
-0.86846107 -0.70737576 -1.07321131 30.0
0.51215452 1.56314480 0.84747416 30.0
1.34223521 -0.94474381 -1.43164325 30.0
1.47371113 0.31421018 0.34454450 30.0
1.52213848 -0.75091714 -0.10827227 30.0
-1.51928401 0.84127140 -0.21965855 30.0
-1.24137449 0.06889229 -0.95110029 30.0
-1.16210043 -0.73178905 0.81060284 30.0
-0.40148830 -1.43012321 -1.02226806 30.0
0.57679522 -0.24027684 1.71562660 30.0
1.43188334 -0.66969270 0.83619833 30.0
1.44717002 -1.16446280 -0.11187168 30.0
-1.30625629 -0.75048435 0.78399497 30.0
-1.44870424 1.04856014 -0.69120777 30.0
-0.30679467 -1.17903340 -1.07881510 30.0
-0.05923894 0.60744697 -1.08669543 30.0
-1.22172713 0.23272112 -0.94338846 30.0
-1.05919933 0.38922870 -1.00307798 30.0
-0.50333261 -1.42707396 -0.85636735 30.0
0.77898115 0.81439531 1.47725797 30.0
0.84682685 -1.29735231 -0.00570491 30.0
1.42385924 -1.23249471 -0.21135186 30.0
-1.48307645 0.94352853 -0.52605456 30.0
-1.30239618 0.15179375 0.91051233 30.0
1.14242387 0.46350032 1.44512081 30.0
0.47606534 0.50547320 1.94426930 30.0
0.94860327 0.52832347 -1.01015067 30.0
0.08007164 -1.13205564 -1.11564958 30.0
-0.77906710 1.05916059 -0.98460662 30.0
-1.40257573 0.23388174 0.58496159 30.0
0.79981798 -1.40031135 -0.62304074 30.0
1.21805835 -1.07617068 -1.07444704 30.0
-1.00146508 -1.36771071 -0.48551130 30.0
0.08264065 -0.58956301 -1.08925378 30.0
-1.21282911 0.97567338 -1.87773073 30.0
1.51207554 0.58246386 0.13087952 30.0
-0.42261487 1.28198433 -0.95178956 30.0
-1.15417409 1.43831670 0.93773234 30.0
-0.99438059 -1.26697862 0.04260450 30.0
1.36923277 0.94326967 -1.55229723 30.0
0.77237833 0.66882408 1.69274437 30.0
-1.51078510 -0.71141070 0.17997904 30.0
0.21504115 -1.40357864 -0.14492744 30.0
-0.62621140 1.49872923 -0.87736630 30.0
0.08057772 -1.05003524 -1.13387454 30.0
0.29653800 1.35356832 1.19387138 30.0
-1.49558067 -0.01078512 0.08353874 30.0
1.45500100 -0.35133576 -0.70334613 30.0
0.53315073 0.65619886 -1.04625893 30.0
0.61059034 0.05989304 2.04398561 30.0
1.36871064 -0.75736099 -1.52492058 30.0
-1.41006315 -1.22223341 -0.13349368 30.0
-0.19166903 -1.12563944 -1.10596895 30.0
0.87632829 -0.70582181 0.85187829 30.0
-0.40181369 -1.43608189 -0.98684514 30.0
-1.29951406 1.33162165 0.81169379 30.0
-1.36454952 0.31304452 -0.70649433 30.0
-1.48548567 0.46275428 -0.24539831 30.0
-0.65412468 0.18457352 2.05584836 30.0
1.46725941 0.23388943 0.03892117 30.0
0.77973598 1.15390110 1.26779413 30.0
1.54349673 -0.61376578 -0.07486976 30.0
-1.44266033 -0.78911585 -0.65193784 30.0
0.85807627 1.51466095 0.98857319 30.0
1.06300807 -1.27472603 0.01643030 30.0
0.71673971 -0.83239728 0.74183381 30.0
1.45440650 -1.12569940 -0.08132201 30.0
1.36378729 -0.79462618 -1.54654968 30.0
-1.08339477 0.97908783 1.11007988 30.0
0.19273768 0.51136571 1.95931017 30.0
-0.87460142 1.51279521 -0.77465296 30.0
1.07592607 -1.27900350 0.00237190 30.0
0.89583749 1.53441036 -0.66426331 30.0
-0.93114936 -0.75541049 -1.37931311 30.0
-0.83457696 0.96839720 1.24413967 30.0
0.53132588 -0.01482493 -1.06407583 30.0
0.21473667 0.76578653 -1.07130849 30.0
-1.38495266 0.64396465 -0.82983971 30.0
1.45089960 -1.12621546 -0.24463949 30.0
1.39064753 -1.22928536 0.04030247 30.0
-1.08589268 -0.35141259 -1.02440262 30.0
0.71728742 1.06676459 -0.98173308 30.0
-0.05912242 0.66585767 -1.08649123 30.0
-0.50394291 -1.16065633 -1.05944228 30.0
-0.17116553 0.51136571 1.95931017 30.0
0.32754019 -1.20486879 -1.07128811 30.0
1.02303720 -1.36771071 -0.48551130 30.0
-0.75029218 -1.14935708 -1.02875042 30.0
-1.43650985 -0.64029187 -0.82433951 30.0
0.19385505 1.01378489 1.31037998 30.0
-0.68491071 0.77619869 -1.02550030 30.0
0.79221439 1.17909563 -0.96989447 30.0
-1.36342776 0.38922870 -0.81520569 30.0
0.88374102 -0.79045516 -1.14301825 30.0
1.53301799 0.91377449 -0.35622922 30.0
-0.26827908 0.05965290 2.06048679 30.0
-0.19282325 -1.45014441 -0.79601490 30.0
0.88798845 -0.74002945 0.82763976 30.0
-0.87706929 -1.38955581 -0.48960304 30.0
0.33137381 -1.07787371 -1.10358047 30.0
1.47787535 0.88026106 -0.62678075 30.0
0.80124736 -0.71122253 -1.03162205 30.0
-0.76396805 1.50533259 1.04393470 30.0
1.42597747 0.52827430 -0.70648736 30.0
-0.41810718 -0.87663740 -1.09027171 30.0
-0.87345833 -0.46165824 1.25709319 30.0
0.61611956 -1.17315161 -1.04293406 30.0
1.21285272 0.08000281 1.28724146 30.0
0.55218172 1.34666157 -0.92899603 30.0
-0.75080621 0.66882408 1.69274437 30.0
-0.82000995 0.23321921 -1.01443505 30.0
-0.19661178 1.01915228 -1.04387176 30.0
-1.53761315 -0.55913365 0.18895243 30.0
0.87629044 -1.39251304 -0.70551848 30.0
1.45931017 -0.75169003 -0.70605040 30.0
0.55939353 0.50203609 1.93984580 30.0
-0.97821766 1.51080966 0.71243352 30.0
0.44301513 0.87170953 -1.05590689 30.0
1.41802299 1.33123648 0.61909407 30.0
0.84481227 -0.51411569 1.13007402 30.0
-0.06087893 -0.50500417 -1.09564972 30.0
-0.28633052 -0.29603413 1.63645065 30.0
0.60815340 -0.52595484 1.13263690 30.0
0.63977098 1.26505542 -0.94243604 30.0
1.22042179 -1.21863532 0.12214938 30.0
0.96955055 -0.48976329 -1.01830566 30.0
-0.19708183 0.91725570 -1.06862020 30.0
-1.03924978 0.87844235 -1.79121149 30.0
-0.47607294 -0.35179648 1.51947904 30.0
-0.27562985 0.77009958 1.61377788 30.0
-0.51746541 1.18309653 -0.98132139 30.0
0.07457950 -0.13106449 1.88090336 30.0
-0.76941007 -0.97685128 0.54948884 30.0
1.41491067 -1.03358638 -0.70616728 30.0
-0.94016850 1.50187540 0.36358520 30.0
0.90948403 1.51958168 0.71593314 30.0
-1.14988112 -0.84312361 0.69582826 30.0
0.93798161 0.38922870 -1.01014316 30.0
0.34651434 1.55550206 -0.03359133 30.0
1.49684453 -0.93941879 0.17203444 30.0
-1.41769314 0.31330371 -0.43059951 30.0
-1.42663074 -0.71257836 -0.82815361 30.0
0.21328688 0.40456772 -1.07711482 30.0
0.44004467 -0.29190511 -1.08673620 30.0
-0.51244980 -0.98048323 -1.09727418 30.0
0.82167339 1.29834032 1.16717303 30.0
-0.73999846 -1.31135106 -1.02116692 30.0
-0.40992329 0.40208420 -1.05590153 30.0
0.07311387 1.29814887 1.25080144 30.0
0.08184180 -0.90336162 0.69098371 30.0
-1.50281584 -0.09843918 0.41147462 30.0
-0.92184997 1.16718507 -1.10995948 30.0
0.21840879 -0.80748612 -1.08919573 30.0
-1.44905674 -0.48402247 -0.72861928 30.0
0.65782160 -1.41158831 -0.29109970 30.0
1.53601003 -0.59686655 -0.39155662 30.0
1.49417841 1.01114810 -0.63312209 30.0
-0.17228289 1.01378489 1.31037998 30.0
0.33600008 1.21588111 -0.98032594 30.0
0.08145127 -0.97863185 0.59474349 30.0
-1.40756845 1.08739710 -0.84569877 30.0
0.86297047 1.29652369 1.15163338 30.0
1.25469446 1.45536065 0.78823251 30.0
-0.63484240 -0.34557402 1.51493800 30.0
-0.18447280 1.57127297 0.89226055 30.0
-1.35965967 -1.26076758 -0.33761811 30.0
0.44794524 1.56212521 -0.76176488 30.0
-1.10084629 1.49055314 0.83489621 30.0
0.81671059 1.00279284 1.26521003 30.0
1.40177870 -0.37895671 0.95116746 30.0
0.82042235 0.41858611 1.98585069 30.0
0.68305385 -1.38166034 -1.02270484 30.0
-1.41189110 -0.98066258 0.47100738 30.0
-0.46010435 1.10963178 1.29078269 30.0
-1.41664159 -1.20959651 -0.10009769 30.0
0.63643765 1.52331948 1.04639173 30.0
-0.27562985 0.77009958 1.61377788 30.0
-0.68681437 -1.40927124 -0.71418035 30.0
0.63643765 1.52331948 1.04639173 30.0
0.85945398 -1.17605996 0.21963133 30.0
-0.79144830 1.51573718 0.36238855 30.0
-0.83457696 0.96839720 1.24413967 30.0
1.54885125 -0.41168359 0.07371409 30.0
0.49234712 -0.29252225 1.63041246 30.0
0.89583749 1.52768886 -0.70653772 30.0
1.09751284 1.29315877 1.07227397 30.0
0.44362983 1.08808959 -1.00713098 30.0
-0.19624113 0.83595902 -1.07785714 30.0
-0.62579674 -0.23803268 1.71310663 30.0
-0.05705910 -1.43854356 -1.05715239 30.0
1.47920597 -1.03245819 -0.02965328 30.0
-0.86032963 0.25172439 1.97307920 30.0
-0.19436924 0.79660159 -1.07249296 30.0
-0.54443747 1.10141015 1.28595126 30.0
1.02885509 -0.80390805 0.75907463 30.0
-0.53363925 1.54268086 0.13494761 30.0
-1.53304887 -0.48285168 0.28001517 30.0
-0.82614326 -1.28459787 0.02328375 30.0
0.33744797 -0.84247053 -1.08885264 30.0
-0.80333918 0.18121801 2.01665425 30.0
-0.19282325 -1.45014441 -0.79601490 30.0
0.91030735 -1.34728754 -1.01014316 30.0
-1.15417409 1.43831670 0.93773234 30.0
-0.80672932 0.11393625 2.01260066 30.0
-0.31587583 -0.84247053 -1.08885264 30.0
-1.50394058 0.91381425 -0.00711015 30.0
0.07984345 -1.16746294 -1.10785055 30.0
-0.31591448 -0.92825961 0.63662958 30.0
-0.50361711 -1.24643326 0.13927953 30.0
-0.31499434 -0.96556634 0.59392649 30.0
-0.43554002 -1.43192112 -0.30522370 30.0
0.52417523 -1.18623996 -1.05196798 30.0
-0.88926852 -1.28704095 -1.01015067 30.0
-1.40323639 -1.03361619 -0.65196127 30.0
0.96547711 -0.41403905 -1.02455652 30.0
1.37748480 -1.23652983 -0.65173894 30.0
-0.41222635 -1.43495953 -0.78726810 30.0
-0.42644945 1.57830513 -0.64011240 30.0
-0.37068552 -0.06340075 1.94460857 30.0
-1.30051374 0.23381948 0.89019364 30.0
-0.17116553 0.51136571 1.95931017 30.0
0.55954313 -1.42327189 -0.31147656 30.0
-1.35344887 0.14996423 -0.70845032 30.0
1.41720474 -1.21833801 -0.46549377 30.0
-0.57460934 -0.41513097 1.39003634 30.0
-0.16467299 0.27176344 2.08386254 30.0
1.45862281 0.23388785 0.37239489 30.0
1.36146343 1.46272087 -0.40052468 30.0
0.07828129 0.15410464 -1.08827269 30.0
0.63246161 -0.19883925 -1.06957757 30.0
-0.50975376 -0.01482493 -1.06407583 30.0
0.80834848 1.53502035 -0.71734226 30.0
0.79779363 -0.86812502 0.69580823 30.0
0.72433120 1.54238284 -0.72819275 30.0
0.62496245 1.32187951 1.18020344 30.0
0.76717329 -1.31094837 -0.02331344 30.0
0.70740342 0.91691440 1.34066367 30.0
-1.40901899 -1.22429371 -0.08192271 30.0
-1.50169003 1.08856809 0.18506505 30.0
1.47920597 -1.03245819 -0.02965328 30.0
-1.48036122 -0.35100222 0.64581156 30.0
-0.89175707 -0.12351610 1.81131601 30.0
0.19094776 0.43533388 2.02776718 30.0
-1.49529636 -0.09883620 -0.16049698 30.0
-0.59144574 -1.22125709 -1.03854239 30.0
0.78659093 0.58682942 -1.02222264 30.0
1.53927517 0.88141072 -0.22030100 30.0
-1.40912008 1.08828270 0.55568141 30.0
0.39409655 1.54739749 1.05046201 30.0
-0.40073404 -1.39563584 -1.04635262 30.0
0.63538563 1.14618766 -0.97974020 30.0
1.48520684 -0.98503155 -0.17025444 30.0
-0.06122480 1.56762099 -0.79272562 30.0
1.47569573 -1.03278852 -0.19345070 30.0
-0.31377983 -1.44218063 -0.73399097 30.0
-0.31960368 -0.50174999 -1.07448113 30.0
1.21208167 1.14636886 -1.41207623 30.0
-0.40501556 -1.36105895 -0.07973251 30.0
-1.48862493 -0.85955071 0.11406585 30.0
0.07813682 1.57640982 0.79871863 30.0
1.02546978 -0.84304190 0.71243685 30.0
-1.22308850 -1.23171091 -0.94338846 30.0
-0.28633052 -0.29603413 1.63645065 30.0
-0.58673680 -0.58218157 1.01024008 30.0
1.31324935 -0.85120976 0.66547036 30.0
1.45330977 -0.67395037 -0.82639784 30.0
0.64819020 -1.41577661 -0.49766007 30.0
1.52956760 1.04933226 -0.34489304 30.0
-0.58358043 -0.47433499 1.26228333 30.0
-0.85531479 -0.06030917 1.89054894 30.0
1.28810167 0.58324754 -0.94362712 30.0
-1.07889080 -0.19196831 -1.03397512 30.0
-0.76098728 -1.40138423 -0.77338165 30.0
-1.41021991 -1.22195196 -0.14394337 30.0
1.42880940 -1.22663724 -0.15355110 30.0
0.63681000 -0.87543786 0.68616724 30.0
1.48714852 1.17621207 -0.46295157 30.0
-0.30497900 -1.36955941 -0.08318011 30.0
1.03220379 -0.99384069 -1.67689025 30.0
-1.21308088 1.47181273 0.14512160 30.0
0.84361368 -0.05815680 1.91592491 30.0
-0.92703128 0.52832347 -1.01015067 30.0
-0.41932717 0.83037668 -1.05663812 30.0
-1.47471833 -0.93946832 -0.00551945 30.0
1.10618377 -0.62947601 -1.02318978 30.0
1.18367255 -0.73178905 0.81060284 30.0
1.21854007 -1.23723042 0.07840504 30.0
-0.50333261 -1.42707396 -0.85636735 30.0
-1.51079357 0.78517663 -0.21359769 30.0
-0.39895967 0.15314002 -1.05743718 30.0
-1.39760244 -0.78458440 0.74418199 30.0
-1.45630324 0.88026106 -0.62678075 30.0
-0.66795588 -1.32457042 -0.04090613 30.0
-0.85285169 0.46319008 -1.01443505 30.0
-0.19166903 -1.12563944 -1.10596895 30.0
0.42564759 -1.32723558 -0.00602692 30.0
0.07343717 1.01655424 1.31541991 30.0
0.82086784 0.86790991 1.38800800 30.0
-0.82988238 -0.28051394 1.61785936 30.0
0.90214545 1.30877519 -0.90387934 30.0
-0.77799058 0.84893626 -1.03162956 30.0
-0.74507242 -1.30357063 -0.00651678 30.0
-0.94657290 -1.37381172 -0.22681798 30.0
0.21257445 -1.16094458 -1.09819674 30.0
-1.48800576 0.63948625 0.08088837 30.0
-0.40181369 -1.43608189 -0.98684514 30.0
-0.77220637 0.06011749 2.03397703 30.0
-1.33661401 1.44867110 -0.67893785 30.0
-0.53685528 0.62411582 1.78213751 30.0
0.42265636 -1.41635990 -1.03842795 30.0
0.42897859 -1.17124009 -1.06892848 30.0
-0.19582973 -0.29444262 -1.10877836 30.0
0.78917021 0.11608652 2.04504490 30.0
1.08077145 0.38922870 -1.00307798 30.0
0.53402144 0.59872240 -1.04646003 30.0
1.38950241 -0.16991474 0.91185504 30.0
-0.41445994 0.47777969 -1.05590153 30.0
0.62671095 0.62015116 1.77845573 30.0
-0.60802615 -0.93247670 -1.08643401 30.0
-1.44266033 -0.78911585 -0.65193784 30.0
0.51730239 -1.38440049 -1.03893340 30.0
-0.06060573 1.29458606 -0.96739489 30.0
0.07869782 -1.45145786 -1.03467560 30.0
1.33510351 0.94341147 0.73946470 30.0
0.38508436 0.43262926 2.01742601 30.0
1.23585510 0.80003816 -1.61135960 30.0
1.48553813 -0.89855856 -0.41918081 30.0
1.50717890 -0.41206908 0.68021971 30.0
-0.91640961 0.38922870 -1.01014316 30.0
1.47486281 -0.82498503 -0.59116417 30.0
-0.85471839 -1.39251304 -0.70551848 30.0
0.64534134 -1.37656260 -0.15645511 30.0
1.51329696 1.17732203 -0.01290551 30.0
0.89583749 1.53441036 -0.66426331 30.0
0.55306685 1.56015098 -0.17857626 30.0
-0.05705910 -1.43854356 -1.05715239 30.0
0.07567119 1.56695175 0.99898803 30.0
-0.30659366 -1.26341629 0.12983549 30.0
1.07828891 -1.34950590 -0.23095970 30.0
-0.20174366 1.44906390 -0.94680852 30.0
-0.61255991 0.92342252 1.34472656 30.0
-0.41685447 -0.99909818 0.54258686 30.0
-1.51078510 -0.71141070 0.17997904 30.0
-0.63484240 -0.34557402 1.51493800 30.0
0.22521687 -1.43317389 -0.24050717 30.0
0.49082389 -0.24276526 1.71869636 30.0
-0.41431746 0.60192788 -1.05590153 30.0
-1.50197983 -0.64010644 -0.39790696 30.0
-1.34653425 1.45252895 -0.14150596 30.0
-0.77730972 0.88719583 -1.02445185 30.0
-0.20086364 1.55260301 0.35467196 30.0
-0.80010134 1.29834032 1.16717303 30.0
0.91539854 -1.37176836 -0.19449028 30.0
0.89583749 1.52768886 -0.70653772 30.0
0.38508436 0.43262926 2.01742601 30.0
0.08351944 1.45198238 -0.95546776 30.0
-1.28759968 -0.35133576 -0.96894020 30.0
1.36946690 -1.01609480 0.41402364 30.0
-0.40714175 -1.25575328 0.13254760 30.0
-0.87560380 1.36683488 1.10960603 30.0
1.15844488 1.48803985 0.70852017 30.0
-0.60410082 -1.00776374 -1.08378494 30.0
1.32471001 -1.24632597 0.01781101 30.0
-0.45367387 0.62852752 1.78662241 30.0
-0.16511080 0.11831918 2.07767391 30.0
-0.58785754 -0.63982546 0.92553025 30.0
-0.69708830 -0.70046675 -1.03363895 30.0
0.34277037 1.57117939 -0.72816521 30.0
-1.22792351 -1.29807782 -0.78882051 30.0
-1.53455949 -0.48361126 0.15987748 30.0
-0.67099172 -1.41019332 -0.85230672 30.0
0.78781682 0.53321683 -1.02222264 30.0
1.04471040 -0.88086098 -1.85774314 30.0
-0.43781534 0.18717563 2.06753683 30.0
-0.06026797 -0.81260216 -1.09881818 30.0
-0.76386547 -1.06190276 0.40622711 30.0
-0.06156134 -1.45711219 -0.54034197 30.0
-1.51556396 -0.67284977 0.11753780 30.0
0.08150512 1.56118035 0.57602406 30.0
0.34910053 -1.42448318 -0.23947519 30.0
1.39920402 -0.88985866 0.60416853 30.0
0.56546605 0.88861066 1.40275836 30.0
1.43059099 -1.22429371 -0.08192271 30.0
-0.60339028 1.32187951 1.18020344 30.0
1.51686847 -0.09883620 -0.16049698 30.0
-0.90810072 -1.00867021 0.48550221 30.0
-0.17960449 -0.35719281 1.52795887 30.0
-0.61227322 1.13269258 1.28288901 30.0
-1.23874938 0.70593899 -1.06452262 30.0
0.84771538 -1.28459787 0.02328375 30.0
-1.40754652 1.01113081 -1.11237347 30.0
-0.87081158 -0.67726010 -1.02953565 30.0
1.45795500 1.24285698 -0.60498881 30.0
1.52684402 -0.75052238 0.29269189 30.0
0.63504869 0.96593088 -1.01240456 30.0
0.63364363 1.17429304 -0.97688329 30.0
-0.94204164 1.18240511 1.18658841 30.0
-1.36311042 0.14996423 -0.65411299 30.0
-0.81378752 1.52752352 0.84509212 30.0
0.77829188 -1.06529891 -1.05721390 30.0
0.34536594 1.56897354 -0.18613689 30.0
0.07311387 1.29814887 1.25080144 30.0
-0.79481888 1.40646803 -0.89378721 30.0
-1.34616756 -1.26230812 -0.59540862 30.0
1.09212184 0.52867424 -1.00313091 30.0
0.91054535 0.65628809 1.61040008 30.0
0.87847698 -0.86588544 -1.17471528 30.0
0.84481227 -0.51411569 1.13007402 30.0
-0.76941007 -0.97685128 0.54948884 30.0
0.21782956 0.98519379 -1.05171001 30.0
0.08168013 1.17252958 -1.01703894 30.0
-0.27641472 0.57883453 1.86949003 30.0
0.08201484 1.05920362 -1.04494250 30.0
1.54085612 0.84127140 -0.21965855 30.0
1.42385924 -1.23249471 -0.21135186 30.0
-0.99041772 -1.36547768 -0.23352379 30.0
0.07276867 1.36180222 1.20189416 30.0
-0.51711386 -0.86782390 -1.08071184 30.0
1.25373876 -0.28691056 1.35911870 30.0
-0.87706929 -1.38955581 -0.48960304 30.0
-0.83481652 -1.13718355 -1.03163517 30.0
0.33256555 0.76335025 -1.05995905 30.0
1.45089960 -1.12621546 -0.24463949 30.0
-1.51619375 -0.67279726 0.18992917 30.0
0.88679719 0.10527924 1.96774483 30.0
-0.42107382 0.91108942 -1.04747200 30.0
1.50464857 0.94352853 -0.52605456 30.0
1.55613160 -0.48361126 0.15987748 30.0
0.21467401 0.72610396 -1.07487726 30.0
-1.41031122 -0.66969270 0.83619833 30.0
0.88436151 -0.86438364 0.70006716 30.0
-1.14409375 0.78484827 1.10089016 30.0
-1.49942803 0.71313423 -0.30140144 30.0
-1.44901395 0.15113257 0.17507532 30.0
-1.36342776 0.38922870 -0.81520569 30.0
-0.40714175 -1.25575328 0.13254760 30.0
0.90635592 1.50738120 0.14145054 30.0
0.20117664 -0.35719281 1.52795887 30.0
1.52676177 -0.19085817 0.39710605 30.0
-1.42617762 1.12770295 -0.68395072 30.0
-1.46946084 -0.67213333 0.80002111 30.0
-0.76939845 -0.10147466 -1.04867077 30.0
-1.06101549 -0.65659606 -1.10050285 30.0
0.08232154 -0.68799889 -1.08841872 30.0
1.42917311 1.39932108 0.04713256 30.0
1.46100104 0.63834226 -0.59651679 30.0
-1.27609134 -0.93042880 0.55197018 30.0
-1.48434246 -0.78792554 0.64628875 30.0
0.21794127 1.16931021 -1.00978351 30.0
1.53928316 0.88141084 -0.32969856 30.0
0.34669039 1.55310881 0.01333064 30.0
0.28761351 0.27102354 2.07835627 30.0
1.43743300 -1.21169341 -0.06858099 30.0
1.23968220 -1.29727817 -0.86820054 30.0
-1.51053059 1.01190305 -0.37669387 30.0
-1.21582270 1.04856014 -1.78292263 30.0
-0.40108418 -1.41635990 -1.03842795 30.0
-0.87426537 1.52768886 -0.70653772 30.0
-1.46725309 -0.98469549 0.04469733 30.0
1.53539383 -0.27666011 0.01284870 30.0
1.43057621 -0.67378074 -1.07311928 30.0
-0.31396902 -0.92240512 -1.10927176 30.0
-1.49107230 0.97593224 -0.52406240 30.0
-1.38875711 -0.82500231 -1.11379409 30.0
1.45669806 1.33165312 -0.12578204 30.0
0.60796535 -1.33702576 -1.03491461 30.0
1.00601387 0.39657515 1.78450775 30.0
1.49689424 -0.82474345 -0.41659167 30.0
0.56600958 1.10141015 1.28595126 30.0
0.66917241 -0.41183317 1.38836086 30.0
0.75568366 0.34344897 2.03801084 30.0
-0.51865709 0.97307110 -1.02133739 30.0
-0.66630173 -1.29286253 0.02973343 30.0
0.63322908 -0.85725737 -1.07158303 30.0
-0.89928931 -1.10514677 -1.13480151 30.0
0.44166940 1.01225412 -1.02291381 30.0
-0.41757834 -0.20262571 -1.08876550 30.0
1.52551270 0.91381425 -0.00711015 30.0
1.46433854 0.94326967 -0.68104541 30.0
-1.40113711 -1.23485708 -0.10480448 30.0
1.41767263 -1.23748219 -0.17208907 30.0
0.94542003 1.14634573 -1.20506215 30.0
1.26032138 0.70593899 -1.06452262 30.0
-0.40727112 -0.69176954 0.87941796 30.0
0.94828850 1.11895740 -1.28643751 30.0
0.62959832 -0.93247670 -1.08643401 30.0
1.14299977 0.52966565 1.36926973 30.0
1.42270923 -1.23485708 -0.10480448 30.0
-1.02641356 -1.28590667 -1.00307798 30.0
1.20965731 0.23372388 1.26773298 30.0
-0.42653334 1.54935682 -0.82708097 30.0
1.49708879 -0.59694397 -0.65199584 30.0
0.78781682 0.53321683 -1.02222264 30.0
-0.76704592 0.77081615 -1.02340043 30.0
-0.68926716 -0.84795719 -1.06408930 30.0
0.68866277 0.06883145 -1.03754735 30.0
-1.41006315 -1.22223341 -0.13349368 30.0
-1.38669384 -0.85245913 0.65559405 30.0
-1.06031060 1.45996034 -0.84030098 30.0
-1.39761233 0.06890956 -0.60237551 30.0
0.88812506 1.01404333 -1.09770072 30.0
-1.40014410 -0.89882278 -0.82853615 30.0
0.19407165 1.20242655 1.30123377 30.0
1.46633565 -0.55168742 0.89421856 30.0
-1.01934493 -0.91648215 -1.83447564 30.0
1.41772091 -0.00865912 0.78791803 30.0
0.77973598 1.15390110 1.26779413 30.0
1.49708879 -0.59694397 -0.65199584 30.0
1.42719984 -1.22883058 -0.16851261 30.0
1.48553693 -0.75167274 -0.59058380 30.0
0.88945645 -1.33417439 -0.09320644 30.0
-0.50100011 -1.34935033 -0.06882997 30.0
-0.85158855 -0.93761492 -1.17857337 30.0
1.42980707 -1.22513437 -0.14649498 30.0
0.73849815 -1.40142107 -0.27209246 30.0
-0.80297661 -0.05815680 1.92410541 30.0
-0.77637708 -0.76089168 -1.04252815 30.0
1.36580908 -1.12997317 -0.81518096 30.0
-0.50692391 -1.10024023 -1.07499385 30.0
0.43149549 0.40208420 -1.05590153 30.0
-0.05667644 -0.48634702 1.27066135 30.0
-1.50863111 0.88139904 -0.01181634 30.0
0.93742889 -0.93095195 -1.49744606 30.0
0.82186806 1.18980396 1.24152589 30.0
1.38566399 -0.98487914 -1.05122411 30.0
-0.57216460 1.54899240 0.93723255 30.0
0.44381964 -0.76228476 0.82263809 30.0
-1.52855980 -0.41157436 0.24401374 30.0
1.43230724 -1.22114909 -0.13568328 30.0
1.44000840 1.23899710 -0.70062250 30.0
0.56276250 0.99392247 1.28951132 30.0
-1.35403299 -1.10153270 0.27456361 30.0
1.07263100 -1.35257900 -0.68642706 30.0
-1.35599875 -0.97509795 0.48291141 30.0
0.81982738 0.90784168 1.33374345 30.0
-0.05209299 1.16656566 1.31331599 30.0
0.88320345 -0.18143840 1.76581883 30.0
0.31710714 -0.42328200 1.39644241 30.0
-1.52065015 -0.35027882 0.04259124 30.0
0.79327667 1.20262396 -0.95683283 30.0
0.32337171 -0.53526425 1.13578880 30.0
-0.74431127 -1.40188968 -0.92406064 30.0
0.90613121 -1.27099037 0.04680738 30.0
-0.58410865 0.18543960 2.05961990 30.0
0.40010682 -0.19166982 1.79578149 30.0
0.63462716 0.88274616 1.39894354 30.0
1.51527512 -0.82388788 0.05633871 30.0
0.44093317 0.97853941 -1.03069174 30.0
1.27676642 0.23377062 1.05288517 30.0
-1.44042575 -1.03332365 -0.42919466 30.0
0.62567306 -1.00776374 -1.08378494 30.0
1.42979550 1.39812148 0.21029910 30.0
1.42847502 -0.01195363 -0.67713255 30.0
0.42240098 -0.53334361 1.13469267 30.0
-0.74906737 1.30278265 1.17422724 30.0
-0.94429958 -0.46165824 1.25261366 30.0
0.07984345 -1.16746294 -1.10785055 30.0
-1.39095473 -0.27777624 -0.85889155 30.0
-0.50975376 -0.01482493 -1.06407583 30.0
1.46494722 -0.85811687 0.63225925 30.0
-0.54394412 1.06319737 1.28167224 30.0
0.69878328 0.74762541 1.59173930 30.0
0.19493198 1.12357402 1.30721080 30.0
-1.36959386 -1.23544955 -0.59380835 30.0
1.25647855 0.71230251 0.93652821 30.0
-0.80297661 -0.05815680 1.92410541 30.0
0.33874604 0.91429943 -1.05728173 30.0
-0.05069099 0.00013570 2.02857780 30.0
-0.92543161 -0.73501849 0.82910597 30.0
0.70038533 0.49568540 1.93237698 30.0
0.08422668 -1.45781302 -0.33279139 30.0
-0.36242512 0.00071796 2.01480365 30.0
-0.92243302 0.63720900 -1.01350665 30.0
-0.17319621 1.08454287 1.30280674 30.0
0.08007164 -1.13205564 -1.11564958 30.0
-0.18911421 0.06886041 -1.08493710 30.0
0.42884329 -0.69176954 0.87941796 30.0
1.53234911 -0.71141058 0.30810961 30.0
-1.03651857 1.49306965 0.36156818 30.0
-1.47415960 -0.27702960 0.61749941 30.0
-0.55522305 -0.24027684 1.71562660 30.0
0.53144759 -1.42664480 -0.78337520 30.0
1.23440123 0.97567338 -1.87773073 30.0
1.55313098 -0.55934280 -0.06907559 30.0
1.05192733 0.23272112 -1.00307798 30.0
0.42726552 -1.29144907 0.06630270 30.0
0.21811588 0.95273775 -1.05931354 30.0
-0.49705911 -1.42722678 -0.98460048 30.0
0.82372290 1.15055597 1.25913858 30.0
1.28507125 -1.24509513 0.04050871 30.0
-1.48966658 -0.75049806 0.67574883 30.0
-0.94204164 1.18240511 1.18658841 30.0
-1.47129250 -0.93977767 -0.15920326 30.0
-0.82253158 0.41644794 1.96110296 30.0
-1.49558067 -0.01078512 0.08353874 30.0
-0.73297554 0.06008015 2.03677106 30.0
-1.47532213 -0.82474345 -0.41659167 30.0
1.49178886 1.24739635 0.05072901 30.0
-0.05154171 1.29814887 1.25080144 30.0
-1.30625629 -0.75048435 0.78399497 30.0
-0.86468446 -0.75448501 -1.11935377 30.0
1.05192733 0.23272112 -1.00307798 30.0
-1.26186395 0.91251773 0.85856354 30.0
0.20938346 -1.45078361 -0.99188876 30.0
-1.50310397 1.12887323 0.03480400 30.0
-0.67349315 -1.11119342 -1.05076587 30.0
0.85666049 -1.39374042 -0.84844601 30.0
-0.45277533 0.68733001 1.70880187 30.0
0.63512778 -0.91217929 0.64061117 30.0
-0.69804817 -0.68299347 -1.03173149 30.0
-0.42637309 1.56877458 -0.71811575 30.0
-0.30254748 -1.44325006 -0.98918468 30.0
-0.31759250 1.05287731 -1.02430439 30.0
-0.79274553 0.55723441 1.84120810 30.0
-0.99837154 -1.27902830 0.01414074 30.0
-1.33676684 1.46081591 -0.57583088 30.0
-1.21114743 1.12696874 1.04611981 30.0
1.39296699 -1.25332594 -0.48420009 30.0
-0.05631248 1.57501364 0.85046655 30.0
0.21473667 0.76578653 -1.07130849 30.0
1.25227284 -1.27380478 -0.04710822 30.0
-0.76668692 -1.01915419 0.48166153 30.0
0.62496245 1.32187951 1.18020344 30.0
0.66917241 -0.41183317 1.38836086 30.0
-0.06026797 -0.81260216 -1.09881818 30.0
0.31885234 1.56962979 0.89123964 30.0
-1.21428311 0.80003816 -1.61135960 30.0
-1.36907542 -1.22928536 0.04030247 30.0
1.36906731 -0.50919276 1.04447246 30.0
0.33913493 -0.76339883 -1.07156801 30.0
0.62135202 0.39747706 -1.03744435 30.0
-1.42627800 -0.89883024 -0.65193784 30.0
-0.20364474 -1.43317389 -0.24050717 30.0
0.69915843 0.61596167 1.77456534 30.0
0.79989457 -0.82843167 0.74644065 30.0
-1.03512847 0.97567338 -1.84430504 30.0
1.24466062 -1.23171091 -0.94338846 30.0
-1.47696304 0.39039329 0.30625015 30.0
1.10046279 -0.19196831 -1.03397512 30.0
0.63119423 -0.10407821 -1.06433904 30.0
1.35114849 0.14996423 -0.81696129 30.0
-1.51073182 1.08858514 -0.03371840 30.0
-1.24137449 0.06889229 -0.95110029 30.0
-0.82296187 -1.33255649 -1.01376784 30.0
1.42133880 1.39795554 0.42446405 30.0
-0.06203691 1.55861747 -0.03900885 30.0
0.59951663 1.55165195 0.88869935 30.0
-0.42100883 1.12669992 -1.00055552 30.0
1.48072457 0.58156103 -0.47800106 30.0
-0.06051395 1.09854245 -1.03737664 30.0
1.15694559 -1.32681549 -0.19959578 30.0
1.48041511 0.52852416 -0.46602994 30.0
-1.44225311 1.12772548 -0.62934041 30.0
-1.46941507 -0.09843097 0.62624639 30.0
-0.92184997 1.16718507 -1.10995948 30.0
-0.05738866 -1.45762980 -0.93495774 30.0
1.42301106 1.04856014 -1.10032630 30.0
0.32915413 -1.15320647 -1.08673656 30.0
1.02295089 -0.34121111 1.47682273 30.0
1.52762437 0.88101649 -0.41825581 30.0
-0.51526427 -1.42646241 -0.72329080 30.0
0.43996501 1.18983448 -0.98596889 30.0
0.71289158 -0.80811632 -1.05285454 30.0
-1.39563262 -1.21833801 -0.46549377 30.0
-0.49584687 -0.53017211 1.13364112 30.0
-0.31643227 1.01584613 -1.03263533 30.0
-1.35743153 -1.20859885 0.09942614 30.0
-0.75198305 -0.67817175 0.87809050 30.0
1.44785011 -0.89883024 -0.65193784 30.0
-1.02706563 1.16705275 -1.22283852 30.0
-1.42562056 -1.16445959 -0.07196208 30.0
0.33921057 -1.44221520 -0.65457404 30.0
1.42405176 -0.98583066 -0.70606762 30.0
-1.01861382 0.79034418 1.28899133 30.0
1.40024304 0.14998150 -0.59361804 30.0
-1.47137940 -0.93938231 0.34205088 30.0
0.91449726 0.14996423 -1.01161718 30.0
1.48520684 -0.98503155 -0.17025444 30.0
-1.50754058 -0.61244148 0.75933152 30.0
0.93959206 -0.89553124 0.65445757 30.0
0.08191333 1.13754475 -1.02937257 30.0
-0.05991026 1.20131981 -1.00112760 30.0
-0.78691578 1.54944289 -0.60367328 30.0
0.91047055 -1.32148075 -1.01014316 30.0
-0.18634203 -0.48491621 1.26903164 30.0
-1.10197663 1.09022236 1.12688017 30.0
0.81183320 -0.33935294 1.51062047 30.0
1.01795757 -0.68568152 0.85856944 30.0
1.43126225 1.31697953 -0.68653482 30.0
-0.82753491 -1.27011192 0.05602560 30.0
1.32005203 0.63898271 0.78349090 30.0
-0.19966929 1.58247614 -0.65897167 30.0
0.94047189 0.69618374 -1.04616427 30.0
0.55964166 0.56985325 1.85550559 30.0
-0.79274553 0.55723441 1.84120810 30.0
-0.82296187 -1.33255649 -1.01376784 30.0
0.82491130 0.18121801 2.01665425 30.0
0.32195225 0.15348752 -1.06729054 30.0
-0.35739991 0.35357949 2.05812979 30.0
-0.77828676 1.02132487 -0.99270779 30.0
-1.53361082 -0.59643120 0.19335520 30.0
-0.93610793 0.99101329 1.18744802 30.0
0.85158378 0.48900172 1.89247870 30.0
0.52861291 0.40007952 -1.04646003 30.0
0.21811588 0.95273775 -1.05931354 30.0
1.52371371 -0.75051737 0.50363344 30.0
-1.48915112 1.04881883 -0.51174462 30.0
-0.17049374 0.69564551 1.72417164 30.0
-1.09965765 -0.57186091 -1.00567365 30.0
1.01994359 -1.27902830 0.01414074 30.0
0.45064399 1.35425627 -0.93630016 30.0
-0.06026959 -0.37221414 -1.11045361 30.0
0.34910053 -1.42448318 -0.23947519 30.0
0.07919730 0.06889682 -1.09458244 30.0
1.49090135 -0.71256107 -0.59032083 30.0
1.42774272 0.15022342 -0.42162266 30.0
-0.35739991 0.35357949 2.05812979 30.0
-1.08559334 -1.34126091 -0.20938599 30.0
1.27156734 1.40177870 0.85845661 30.0
-1.40617061 0.15022342 -0.42162266 30.0
-1.43776882 0.71218318 -0.65828985 30.0
0.08056197 0.72804135 -1.08445013 30.0
0.54886001 1.55691767 -0.75050879 30.0
-1.48152018 -0.89773923 0.00533281 30.0
1.53773260 0.88135839 -0.36042061 30.0
0.82574558 1.00279284 1.25826633 30.0
1.07985723 -1.34604275 -0.19653293 30.0
1.43894804 -1.19488811 -0.25813627 30.0
-0.51557195 -0.99295247 0.54415268 30.0
-1.44139028 0.84034723 -0.73077971 30.0
0.78382188 0.70281601 -1.02091384 30.0
0.69312984 -1.33522046 -0.06567628 30.0
-1.42725348 -0.82500231 -0.70605040 30.0
-0.50183433 -1.28096533 0.07556130 30.0
0.29785702 0.50980306 1.95372999 30.0
0.84893620 -1.39336216 -0.92274451 30.0
-1.48376632 0.39034435 -0.07120562 30.0
-1.51118481 -0.09844130 0.07428945 30.0
1.42390966 -1.23276985 -0.17055230 30.0
-1.39292490 -1.24007773 -0.32584402 30.0
-0.19310182 0.72610396 -1.07487726 30.0
0.21504115 -1.40357864 -0.14492744 30.0
-0.06051395 1.09854245 -1.03737664 30.0
-0.92184585 -0.01195363 -1.02715790 30.0
0.08321826 1.55401349 0.35332510 30.0
-0.94197500 1.51976848 -0.16480485 30.0
-0.52355385 0.34964564 2.04917479 30.0
0.99625069 -0.28247902 1.58058906 30.0
-1.51771104 0.88141084 -0.32969856 30.0
-0.68082541 0.74624628 -1.02433610 30.0
1.37560511 -1.10153270 0.27456361 30.0
-0.67129874 -1.22711098 0.15768114 30.0
-1.35208583 -1.23533022 0.03109613 30.0
1.16566575 0.78484827 1.10089016 30.0
-0.06056470 -0.73409861 -1.09126210 30.0
-1.21546257 -1.25942338 -0.94338846 30.0
0.70239758 0.74624628 -1.02433610 30.0
1.42749274 -1.22899246 -0.13459036 30.0
-1.18029881 -0.30584627 1.44130230 30.0
-1.47787333 -0.89805621 -0.15809835 30.0
-1.09309375 0.02310905 1.56751561 30.0
0.53920734 1.54930627 0.57840008 30.0
-0.27641472 0.57883453 1.86949003 30.0
-1.23504090 1.44441724 -0.80420029 30.0
1.48553813 -0.89855856 -0.41918081 30.0
-0.95947146 -0.56462491 1.00691521 30.0
-0.17335981 1.12357402 1.30721080 30.0
-1.08369648 -0.15033783 1.64795184 30.0
-0.87263000 1.52379191 0.79402530 30.0
-1.23490655 0.71230251 0.93652821 30.0
1.43230724 -1.22114909 -0.13568328 30.0
-0.19310182 0.72610396 -1.07487726 30.0
-0.87950504 1.50688386 0.36348346 30.0
-0.40269071 0.32281786 -1.05590153 30.0
-1.29167724 -0.85120976 0.66547036 30.0
1.49617219 -0.67394787 -0.59010857 30.0
1.50113535 -0.64034837 -0.58991855 30.0
-1.49668610 -0.78794366 0.48041818 30.0
1.44959331 -1.08161867 -0.43958420 30.0
1.30622005 -1.11568129 0.26190373 30.0
-0.80589819 0.55723441 1.83288586 30.0
0.80685264 -0.58567816 -1.02459240 30.0
-1.38131654 -1.08188033 -0.70633125 30.0
1.43887150 0.31420022 0.55711120 30.0
-0.67280132 1.38903546 1.13399303 30.0
1.05576169 -1.35477149 -0.21400629 30.0
1.22152734 0.31394175 1.24343741 30.0
0.86325920 -1.13783205 0.26705721 30.0
0.76162702 -1.34542918 -1.01988745 30.0
1.43743300 -1.21169341 -0.06858099 30.0
0.71385676 0.92796361 -1.01254559 30.0
1.24134564 -0.47426581 1.19594538 30.0
-0.70780182 1.52857995 0.99073684 30.0
-1.27405715 -0.41530806 1.24088418 30.0
-0.19824333 -0.68868375 -1.07883215 30.0
0.07914133 -1.26873088 -1.08781314 30.0
0.31885234 1.56962979 0.89123964 30.0
-1.40473723 -1.23118174 -0.12449238 30.0
-0.71858269 -1.39153421 -0.22546251 30.0
-1.21243215 1.47550154 -0.01536093 30.0
-0.17660639 -0.19348210 1.80362713 30.0
0.19528559 1.55208850 1.05380130 30.0
0.07380573 1.12666094 1.31234515 30.0
-0.05193915 1.20574164 1.30634511 30.0
-0.32125619 1.58079123 -0.64902145 30.0
-0.65677863 0.23571473 -1.03004336 30.0
-0.62579674 -0.23803268 1.71310663 30.0
1.36773968 -1.26230812 -0.59540862 30.0
-0.32206792 1.58383393 -0.45312721 30.0
-0.83738619 0.86579591 1.35596538 30.0
-0.83329034 1.18833172 1.22334945 30.0
-1.49695396 0.63949293 -0.25232381 30.0
0.84817511 -1.30591476 -0.02533778 30.0
1.52255440 0.94442290 0.00484533 30.0
1.16896570 -0.65758014 0.86833155 30.0
0.81133795 -1.39832616 -0.48894191 30.0
-0.65677863 0.23571473 -1.03004336 30.0
-1.21946216 1.39271927 0.90994430 30.0
1.03220379 -0.99384069 -1.67689025 30.0
0.71628404 0.85492069 -1.03004873 30.0
0.85447246 0.06888217 -1.02183354 30.0
0.63158649 0.98730159 1.28561795 30.0
-1.42325079 -1.16252840 0.07563829 30.0
0.91890943 -1.30891359 -0.04162954 30.0
1.49738002 -0.48401827 -0.61351633 30.0
0.08068763 -1.41079736 -0.14557801 30.0
1.46856809 0.15108003 0.01227433 30.0
-0.20127766 1.57066524 -0.19059676 30.0
-0.95994818 1.51502919 0.79011971 30.0
-1.37551284 0.23273844 -0.59168613 30.0
-0.59763169 -1.12239802 -1.05822337 30.0
-0.84383202 -0.12136312 1.83932507 30.0
1.18359268 -1.03939712 -1.39076817 30.0
1.32108617 1.33162165 0.81169379 30.0
0.63258892 1.02014375 1.27627683 30.0
0.69070041 -1.25536537 0.10705564 30.0
1.44045126 -0.18562876 0.76854146 30.0
1.38950241 -0.16991474 0.91185504 30.0
-0.53579581 0.68245268 1.70428133 30.0
-0.20200555 1.55719304 -0.03653186 30.0
-0.74507242 -1.30357063 -0.00651678 30.0
-0.74141186 -1.38834405 -1.00869811 30.0
0.77355522 -0.67817175 0.87809050 30.0
1.49178088 1.24739611 0.16541930 30.0
-1.51298618 0.91382670 -0.21619491 30.0
0.74833041 0.18371113 2.05209255 30.0
-0.49862370 -1.42794311 -0.92815727 30.0
0.88118708 1.14968085 -1.02860880 30.0
1.48882234 -0.98469585 0.01750284 30.0
0.88374102 -0.79045516 -1.14301825 30.0
-1.38875711 -0.82500231 -1.11379409 30.0
0.93910038 1.50889850 0.58000720 30.0
-1.36409187 -0.98487914 -1.05122411 30.0
1.53775787 -0.67279708 0.31828302 30.0
-0.99687046 -0.91002685 0.62311327 30.0
0.30696285 -0.24580137 1.72526145 30.0
-0.44151753 0.05971131 2.05157399 30.0
-1.23154414 -1.28695333 -0.10558172 30.0
1.31324935 -0.85120976 0.66547036 30.0
-0.88803804 0.59941721 1.68837512 30.0
-0.86575240 0.88094336 -1.12223864 30.0
1.05970907 1.01113081 -1.81252146 30.0
-0.05965672 -0.93519658 -1.13055754 30.0
0.33991632 1.28665280 -0.95677608 30.0
-0.06065251 -0.70848942 -1.09036601 30.0
-0.73645175 -0.46694869 1.25969410 30.0
0.55939353 0.50203609 1.93984580 30.0
-0.79069704 0.61012119 1.76776719 30.0
-0.43153331 1.54883611 0.13303034 30.0
-1.23874938 0.70593899 -1.06452262 30.0
1.49466574 -0.85953856 0.57363790 30.0
-0.66250032 -0.63623065 0.92520463 30.0
0.84632140 0.66485190 1.65709710 30.0
-0.31643227 1.01584613 -1.03263533 30.0
1.49212313 1.01222289 0.28009099 30.0
-1.19426990 -0.88804108 -1.85636306 30.0
0.95496315 -0.19196831 -1.04121292 30.0
1.23409116 0.91232949 -1.86666739 30.0
0.19385505 1.01378489 1.31037998 30.0
-0.74381930 0.31565973 -1.02222264 30.0
-0.19037586 -1.27152550 0.12827072 30.0
-0.88379246 -1.27704906 0.03298984 30.0
-0.05889568 -1.14894104 0.33535439 30.0
1.38468254 0.14996423 -0.65411299 30.0
-0.63570112 -1.39059281 -0.20179035 30.0
1.46943021 -0.86069596 -0.59134817 30.0
-1.13143861 0.71300650 1.17496216 30.0
0.77298343 -1.21854913 0.16534230 30.0
-0.67575413 -1.07687652 -1.05840564 30.0
-1.46396601 -0.89855856 -0.41918081 30.0
0.48125812 1.07111394 1.28647530 30.0
1.46856809 0.15108003 0.01227433 30.0
1.52762973 -0.71180534 -0.09685652 30.0
0.08298560 1.58694780 -0.46672949 30.0
1.33510351 0.94341147 0.73946470 30.0
1.51316810 -0.71231937 -0.40394151 30.0
1.17145324 -0.84312361 0.69582826 30.0
-1.20570934 1.11981833 -1.55935955 30.0
-0.80417347 1.00279284 1.25826633 30.0
1.43400538 -0.98585516 -0.65194130 30.0
1.24466062 -1.23171091 -0.94338846 30.0
-0.60768044 -1.02936232 0.48007441 30.0
0.55736798 0.68245268 1.70428133 30.0
0.42564759 -1.32723558 -0.00602692 30.0
0.52534848 -0.68971169 0.87904584 30.0
-1.38192284 -0.44877353 0.99098724 30.0
-1.51594329 -0.27662829 0.06471200 30.0
-0.69648898 -0.42189303 -1.04483879 30.0
1.16506553 -1.14807272 0.23326579 30.0
0.43903014 1.21153641 -0.97717661 30.0
-1.39693332 -0.01195363 -0.72988558 30.0
0.93472272 -0.70091391 0.85284394 30.0
-1.39047182 1.39063537 -0.67812759 30.0
-0.31643227 1.01584613 -1.03263533 30.0
0.70879465 -0.98205799 0.54772574 30.0
0.42053184 0.15314002 -1.05743718 30.0
-1.08362365 1.30122614 -0.89573038 30.0
0.64688724 1.56644630 -0.43371800 30.0
-0.95001632 -0.57940352 -1.01251769 30.0
-1.31956708 1.01087630 0.79982561 30.0
-0.05965672 -0.93519658 -1.13055754 30.0
-0.05875276 -1.09165204 -1.12482274 30.0
0.22041810 -0.65344912 -1.07745826 30.0
-0.52869749 1.57525730 -0.44016016 30.0
-0.62060577 -0.49762648 -1.04589427 30.0
0.33072314 -1.17934048 0.26792452 30.0
-1.42295992 -0.01193636 -0.61829889 30.0
-0.83508837 -1.39374042 -0.84844601 30.0
0.85053170 -1.25708830 0.08470074 30.0
0.08351944 1.45198238 -0.95546776 30.0
-0.53685528 0.62411582 1.78213751 30.0
0.21953245 -0.70897782 -1.08077276 30.0
0.84585077 -1.37775326 -1.00556040 30.0
-0.84139836 1.29652369 1.15163338 30.0
-1.02377772 -0.19192132 1.68264806 30.0
0.85597807 1.00044906 1.23533165 30.0
-0.93743426 1.23222589 1.16074181 30.0
1.42053235 -0.75169003 -1.10593474 30.0
0.52196300 0.06878627 -1.05407512 30.0
0.43817666 -1.43485880 -0.72853029 30.0
-0.30230036 -1.43750787 -1.02623284 30.0
0.34295976 -1.41166949 -0.19232215 30.0
0.08364726 1.55622196 0.00846493 30.0
0.73149014 1.41580808 -0.90177220 30.0
-1.40790105 -0.63612896 0.85662168 30.0
-1.44279802 1.17549598 -0.62004322 30.0
-1.39384317 -0.94055152 -0.82675678 30.0
-0.05437066 -0.35835978 1.53060901 30.0
-0.06095561 -0.65363157 -1.08703995 30.0
0.53860891 1.22876918 -0.96329200 30.0
1.44033289 -1.03360355 -0.59200436 30.0
-1.49694622 0.63949287 -0.13772090 30.0
0.21927583 -0.73299772 -1.08166575 30.0
-1.41318595 -0.09474365 0.78162843 30.0
1.32005203 0.63898271 0.78349090 30.0
-1.22686779 -1.19789195 -0.94343615 30.0
1.07985723 -1.34604275 -0.19653293 30.0
-1.35302639 -0.08370823 0.92318052 30.0
1.08188272 1.45996034 -0.84030098 30.0
-1.35208583 -1.23533022 0.03109613 30.0
-0.32324761 1.35900283 -0.94382340 30.0
-1.43408334 -0.89617068 0.58437061 30.0
1.41819096 0.63937193 0.45361203 30.0
-1.42602432 -0.27777624 -0.71087563 30.0
0.77033240 1.45721221 1.09106815 30.0
1.50591457 -0.78792554 0.64628875 30.0
1.39708495 0.23273844 -0.59168613 30.0
-0.99687046 -0.91002685 0.62311327 30.0
0.41644984 1.56700456 0.89035630 30.0
-0.05658447 0.24108338 -1.08669543 30.0
0.57579839 -0.18803543 1.78895473 30.0
1.12354875 1.09022236 1.12688017 30.0
-0.70193684 -1.36334372 -0.13709982 30.0
-0.62365305 1.54935038 -0.73846096 30.0
1.37365794 -1.23533022 0.03109613 30.0
-1.40855086 0.94419867 0.38711536 30.0
0.91771680 -1.13213265 0.26988235 30.0
1.11466587 0.02310905 1.56751561 30.0
1.25134981 1.32047582 0.93817824 30.0
-1.20761585 -0.77989888 -1.84152377 30.0
-1.36899149 0.73903412 -1.05250978 30.0
1.43821371 -1.20959651 -0.10009769 30.0
-0.35739991 0.35357949 2.05812979 30.0
1.17638290 -0.25874507 1.51757228 30.0
-0.95994818 1.51502919 0.79011971 30.0
1.47630310 0.58244061 0.34344622 30.0
-0.41431788 -0.98997784 -1.10689116 30.0
-1.41709280 -1.20877051 -0.12857096 30.0
1.39296699 -1.25332594 -0.48420009 30.0
1.44831407 1.33017325 -0.40934181 30.0
0.80848795 1.54944289 -0.60367328 30.0
-0.91315240 0.85728478 1.30739117 30.0
-0.19240914 -1.08535230 -1.11511040 30.0
-0.54443747 1.10141015 1.28595126 30.0
-1.44366729 0.23383689 -0.00803603 30.0
-1.19426990 -0.88804108 -1.85636306 30.0
0.84682280 -1.24662006 -1.01435900 30.0
-0.42205769 1.08808959 -1.00713098 30.0
0.74833041 0.18371113 2.05209255 30.0
1.20187092 -0.30584627 1.44130230 30.0
-0.59612721 -1.14777076 -1.05038369 30.0
-0.50394291 -1.16065633 -1.05944228 30.0
-1.05671692 -1.34950590 -0.23095970 30.0
1.42718732 0.58134794 -0.70645940 30.0
1.44313419 -1.19267976 -0.10502595 30.0
-0.75953501 -1.02643907 -1.06789732 30.0
1.43069220 1.08828270 0.55568141 30.0
0.88019276 -0.40349028 1.38323450 30.0
-1.45134199 -0.01169439 -0.43835086 30.0
1.36378729 -0.79462618 -1.54654968 30.0
-1.48278236 1.17730236 0.32010528 30.0
0.92679006 0.06889229 -1.01751411 30.0
1.02324307 -1.35465658 -0.18353115 30.0
0.80045748 -0.23329984 1.70779240 30.0
-1.39761233 0.06890956 -0.60237551 30.0
0.53714311 -0.90652978 -1.08968520 30.0
-1.07948160 -1.28582394 -0.02319013 30.0
-1.45584941 -0.93923783 0.48188856 30.0
-0.52121961 0.86688310 -1.04646552 30.0
-1.22265887 -0.05595767 1.26761496 30.0
-1.51145279 -0.67319191 -0.08800624 30.0
-0.52759486 -1.39117050 -0.17636220 30.0
1.40800333 0.39033365 0.67582703 30.0
0.82305270 0.74037087 1.57685792 30.0
-0.30780157 -1.22350621 0.19746664 30.0
-1.51298070 -0.67279148 0.53409010 30.0
1.08756506 0.58334786 -1.00334275 30.0
-1.37074482 0.07092489 0.77940243 30.0
1.06505275 -0.68998903 -1.38182831 30.0
0.07305478 0.51268196 1.96401119 30.0
-1.45171928 0.91267735 -0.62608069 30.0
-0.76094943 -1.10349560 0.33132151 30.0
-1.48548567 0.46275428 -0.24539831 30.0
-0.82614326 -1.28459787 0.02328375 30.0
-0.61739016 1.07396030 -0.98900229 30.0
0.20685069 1.57362247 0.84975398 30.0
-1.42376661 -0.19196831 -0.70775187 30.0
1.50004303 -0.35109025 -0.45615473 30.0
-1.18119490 -1.24571824 0.06069973 30.0
0.82428956 -1.39060235 -0.25025889 30.0
-1.42529893 0.84076709 -0.84332913 30.0
-0.93239892 0.87844235 -1.44740808 30.0
1.05752802 0.91229981 -1.83566356 30.0
-0.05700142 -1.41863751 -1.07055080 30.0
0.45763978 -1.42624736 -0.27952838 30.0
-1.34419262 1.33170366 0.73260570 30.0
-0.92644346 -0.77706724 0.79643381 30.0
-0.80343324 0.61012119 1.75951505 30.0
-0.52355385 0.34964564 2.04917479 30.0
-0.51746541 1.18309653 -0.98132139 30.0
0.08173988 0.95533067 -1.06883240 30.0
-1.43705070 0.23388785 0.37239489 30.0
-0.17022192 1.50712144 1.10437417 30.0
1.33519113 -0.46173173 1.14452028 30.0
-1.22265887 -0.05595767 1.26761496 30.0
-1.17816460 -1.00481772 -1.55018342 30.0
0.81133795 -1.39832616 -0.48894191 30.0
-1.41563702 0.58131105 -0.65201968 30.0
0.45310721 1.55045640 0.01561565 30.0
-0.51866138 -0.82737446 -1.06940925 30.0
-1.44337511 -0.85811687 0.63225925 30.0
-0.19705054 1.13442624 -1.02040696 30.0
1.45934081 0.71218318 -0.65828985 30.0
-0.62861329 1.55102098 -0.17504089 30.0
-0.69471186 0.85492069 -1.03004873 30.0
-1.47956324 -0.64034837 -0.58991855 30.0
0.67747432 0.11656345 2.05159497 30.0
0.43589005 -0.98997784 -1.10689116 30.0
-0.94307756 -1.37847841 -0.35883200 30.0
1.37900364 -1.20859885 0.09942614 30.0
1.37219620 0.87918985 -1.51059413 30.0
1.47921014 -1.03244483 0.01086948 30.0
1.12354875 1.09022236 1.12688017 30.0
-0.51262468 0.47532019 -1.04646003 30.0
-1.00973189 -1.11216927 -1.09269977 30.0
1.37389326 0.97567338 -1.54789126 30.0
0.68866277 0.06883145 -1.03754735 30.0
-0.76012188 1.11651111 1.27450597 30.0
1.30693769 1.24511719 0.89052337 30.0
0.76929742 1.53355873 0.71664590 30.0
-1.33738136 -1.17116451 -0.81520224 30.0
-0.42285433 -0.80400723 0.78167969 30.0
0.60852396 -1.39299107 -1.02720511 30.0
1.48495126 -0.64036888 -0.65194130 30.0
-1.42580247 -1.16443443 -0.01843486 30.0
1.20187092 -0.30584627 1.44130230 30.0
1.37757075 -0.97509795 0.48291141 30.0
-0.37016645 1.04047060 1.28996313 30.0
-0.97485757 -0.65585977 0.88197672 30.0
0.39157450 1.19421184 1.28991663 30.0
-1.51001954 0.94443625 -0.31489420 30.0
-1.44954145 -0.82280284 0.67687780 30.0
0.70376694 1.20195937 1.25377703 30.0
-0.37000236 1.19421184 1.28991663 30.0
0.92967272 -1.00867021 0.48550221 30.0
0.64938885 -0.28706256 1.62527120 30.0
-0.41212747 -0.01532834 -1.07367468 30.0
0.80834848 1.54172564 -0.67478615 30.0
-1.37859464 1.38287222 -0.74962723 30.0
0.21356890 -1.18716872 0.26641634 30.0
0.71962029 -0.68299347 -1.03173149 30.0
1.02303720 -1.36771071 -0.48551130 30.0
-0.51938921 0.94104183 -1.02885640 30.0
0.44794524 1.56877458 -0.71811575 30.0
0.38556919 1.42524481 1.14385116 30.0
-1.23070085 -1.27380478 -0.04710822 30.0
-1.49316251 0.71273959 -0.39189577 30.0
-1.03284431 1.52744555 -0.41280246 30.0
-0.63114190 1.53356779 0.13677838 30.0
0.82125336 -1.39328933 -0.33802801 30.0
-1.45884299 0.52852416 -0.46602994 30.0
-1.34630680 0.91244930 -1.54087245 30.0
-1.23263824 0.52887428 1.07914424 30.0
0.98587596 0.09300441 1.84124732 30.0
1.05578578 -0.77521628 -1.75226629 30.0
-0.05667644 -0.48634702 1.27066135 30.0
1.55380881 -0.59558207 0.32606769 30.0
-1.51928401 0.84127140 -0.21965855 30.0
-0.26827908 0.05965290 2.06048679 30.0
1.36923277 0.94326967 -1.55229723 30.0
0.55521142 1.54268086 0.13494761 30.0
1.52413201 0.97682554 0.02852176 30.0
1.46725941 0.23388943 0.03892117 30.0
1.23465300 1.47181273 0.14512160 30.0
0.87656212 -0.97166663 0.55118048 30.0
0.95668536 -0.27777624 -1.03920102 30.0
1.46382523 1.12772548 -0.62934041 30.0
1.36601162 1.08651948 -1.42677951 30.0
0.77385741 -1.12435114 -1.03772688 30.0
-0.83481652 -1.13718355 -1.03163517 30.0
0.39805922 -0.12916413 1.86849999 30.0
0.21862270 1.13442624 -1.02040696 30.0
-0.62133342 -0.12497116 1.85808492 30.0
-0.06010798 1.17252958 -1.01703894 30.0
-0.42907181 1.35425627 -0.93630016 30.0
-1.41769314 0.31330371 -0.43059951 30.0
1.06505275 -0.68998903 -1.38182831 30.0
0.47434747 0.68733001 1.70880187 30.0
-0.49597883 -0.58633554 1.01081312 30.0
0.58483809 -0.34852386 1.51698530 30.0
-0.82204163 -0.05815680 1.91592491 30.0
0.29653800 1.35356832 1.19387138 30.0
-1.45847058 -0.67396581 -0.65193850 30.0
-1.30046749 0.58201694 0.82054484 30.0
-0.80215079 1.15055597 1.25913858 30.0
-1.49914026 0.46309647 -0.12440114 30.0
1.06263709 -0.40679991 1.35615635 30.0
-0.27655727 1.29011750 1.24107575 30.0
-0.19963256 1.56620789 -0.78324169 30.0
0.41965476 1.57071018 0.79706693 30.0
1.24065351 -1.30880082 -0.48598948 30.0
0.90169436 -0.56817544 1.00834203 30.0
-1.39333856 -1.03358638 -0.70616728 30.0
-1.37867093 0.14998150 -0.59361804 30.0
-1.26775825 -0.97505754 0.48317683 30.0
1.28534484 1.23032498 -0.90710866 30.0
-1.41835439 1.17468500 -0.71664304 30.0
-0.82327932 -0.18143840 1.77736831 30.0
-1.01861382 0.79034418 1.28899133 30.0
0.42575291 -1.24576080 -1.05700696 30.0
-1.41150248 -0.09960987 -0.74521273 30.0
-1.43942893 0.63834226 -0.59651679 30.0
0.80063915 1.05916059 -0.98460662 30.0
1.52684402 -0.75052238 0.29269189 30.0
0.07282489 0.69749480 1.72897518 30.0
-0.62736493 1.53304255 0.36024883 30.0
1.41007197 1.08720529 -1.07965708 30.0
1.23361790 -0.74398208 -1.77404487 30.0
0.20884706 -1.37908816 -1.07074344 30.0
-1.40808475 -1.22357106 -0.03532394 30.0
0.63313824 1.21959341 -0.96034282 30.0
-0.79735649 1.03806996 1.26663291 30.0
0.32583719 -1.33555651 -0.00975281 30.0
-1.41577554 0.88120127 0.35004237 30.0
0.90169436 -0.56817544 1.00834203 30.0
0.33304596 -1.39500892 -0.14415514 30.0
1.43475807 -0.09474365 0.78162843 30.0
-0.18527852 1.57362247 0.84975398 30.0
-0.61227161 1.54017186 0.57893252 30.0
0.70565772 1.01289630 1.27213752 30.0
0.87316066 -0.93761492 -1.17857337 30.0
-1.39923537 -0.60917050 0.87675411 30.0
0.51215452 1.56314480 0.84747416 30.0
-1.14988112 -0.84312361 0.69582826 30.0
0.39336190 1.11592567 1.29584265 30.0
-1.49155164 1.12847972 -0.25761050 30.0
0.48167649 1.10963178 1.29078269 30.0
0.63336927 -0.94808143 0.59850740 30.0
0.42230618 -1.39563584 -1.04635262 30.0
1.07856834 -1.35304797 -0.61309898 30.0
-0.41543821 0.79130197 -1.05131507 30.0
0.81982738 0.90784168 1.33374345 30.0
-1.22193635 -0.36103961 1.34276235 30.0
0.19440049 -0.06428499 1.95371616 30.0
-1.42529488 -1.16455150 -0.14034079 30.0
0.43961671 1.23579443 -0.96638024 30.0
-0.52728784 1.55691767 -0.75050879 30.0
1.49573171 -0.27702960 0.61749941 30.0
-1.39333856 -1.03358638 -0.70616728 30.0
0.07362384 -0.06463370 1.95782936 30.0
-1.51144576 0.91377449 -0.35622922 30.0
0.59618151 -0.41513097 1.39003634 30.0
-1.47309363 -0.85953856 0.57363790 30.0
0.81458843 1.53366649 -0.16907205 30.0
0.87021339 -1.05657566 0.40529332 30.0
-1.50241184 0.52943313 -0.14863412 30.0
-1.12889147 -0.35686269 1.41187465 30.0
1.01279271 -1.21475172 0.15258089 30.0
-0.82660300 -1.30591476 -0.02533778 30.0
0.33246669 0.72380400 -1.06351316 30.0
-0.91585684 -0.93095195 -1.49744606 30.0
-1.38183951 0.06889229 -0.66245830 30.0
0.91719675 -1.17498410 -1.02045262 30.0
0.20980562 0.32472792 -1.07711482 30.0
-0.30172756 -1.40375638 -1.05408502 30.0
0.90401036 -1.29676640 -0.01209027 30.0
-0.32119823 1.57117939 -0.72816521 30.0
-1.11784136 -1.11266363 0.27574244 30.0
-0.74464697 0.00325572 1.99625587 30.0
0.51009423 1.56082630 0.88950884 30.0
-1.50528002 -0.75052255 0.16461454 30.0
-0.06087893 -0.50500417 -1.09564972 30.0
-0.31834415 1.28665280 -0.95677608 30.0
-1.39442122 -1.12751341 -0.59325367 30.0
-0.75141126 -1.21854913 0.16534230 30.0
1.48636603 0.63858414 -0.48944312 30.0
-0.05134055 0.77463084 1.62438965 30.0
-1.27521455 1.08609045 0.94984657 30.0
0.56502587 0.92958122 1.34857142 30.0
1.36576462 1.33170366 0.73260570 30.0
0.52861291 0.40007952 -1.04646003 30.0
0.44166940 1.01225412 -1.02291381 30.0
0.85759699 1.07273626 1.24220777 30.0
0.21811588 0.95273775 -1.05931354 30.0
1.28301871 1.17445207 0.96664655 30.0
0.08364726 1.55622196 0.00846493 30.0
0.44329426 -0.84574646 0.73221880 30.0
-0.05705910 -1.43854356 -1.05715239 30.0
1.55380881 -0.59558207 0.32606769 30.0
1.24317849 -1.10741699 -0.97037947 30.0
-0.57460934 -0.41513097 1.39003634 30.0
-0.36242512 0.00071796 2.01480365 30.0
0.71385676 0.92796361 -1.01254559 30.0
-0.75701350 0.39267102 -1.02222264 30.0
0.07828129 0.15410464 -1.08827269 30.0
-0.69500917 1.02863741 -0.98914427 30.0
0.54172307 -0.87990886 0.68160182 30.0
-0.28030479 1.55020916 1.05201089 30.0
0.56217837 1.21893024 1.26161659 30.0
-0.31045496 -1.44223785 -0.79132545 30.0
1.51713848 0.63944042 -0.28618845 30.0
-1.27922273 -1.02586782 -1.25744379 30.0
-0.40170828 -0.64596987 0.92634213 30.0
-0.90070486 0.31304452 -1.01014316 30.0
-1.41079354 -1.22105551 -0.13882668 30.0
0.89817196 1.54114747 -0.41705501 30.0
0.87442380 0.46319008 -1.01443505 30.0
-1.46644390 0.97677034 0.24220355 30.0
0.87442380 0.46319008 -1.01443505 30.0
1.43743300 -1.21169341 -0.06858099 30.0
0.32337171 -0.53526425 1.13578880 30.0
-0.85246414 0.58288121 -1.01443505 30.0
1.02203584 -0.87753481 0.66769183 30.0
0.64819020 -1.41577661 -0.49766007 30.0
0.08201484 1.05920362 -1.04494250 30.0
1.42487907 -1.02235413 0.40521157 30.0
-1.27521455 1.08609045 0.94984657 30.0
0.53419685 0.47532019 -1.04646003 30.0
-0.06282172 -1.45081890 -0.28588912 30.0
-1.43557131 -0.94056600 -0.59125572 30.0
1.52397609 0.52943307 -0.03394383 30.0
-1.35954416 -1.19650221 0.12852424 30.0
-1.50677538 1.01228178 0.06660671 30.0
1.22889459 -1.31105053 -0.35009363 30.0
-0.32253695 1.51687169 -0.90710986 30.0
-1.41279614 -1.21757925 -0.12455195 30.0
0.54769212 -0.58546591 -1.04890084 30.0
0.85579950 -1.21024537 0.17259476 30.0
-0.86236453 0.80312830 -1.10093307 30.0
-1.21280301 1.04497921 1.03315270 30.0
-0.86212915 0.94597173 -1.11699545 30.0
-1.42325079 -1.16252840 0.07563829 30.0
1.21147811 0.94322574 0.99933773 30.0
1.42999864 -1.22497213 -0.12533355 30.0
1.15046358 -0.35686269 1.41187465 30.0
0.07380573 1.12666094 1.31234515 30.0
-1.49184203 -0.59693730 -0.58949518 30.0
-0.06006417 0.83821416 -1.08744013 30.0
-0.31900644 -0.68949676 -1.06745160 30.0
-0.58901817 0.05989304 2.04398561 30.0
0.84828514 -1.27833903 0.03745437 30.0
-1.35403299 -1.10153270 0.27456361 30.0
-0.58358043 -0.47433499 1.26228333 30.0
-1.03044176 1.52124012 -0.65482670 30.0
-0.62376386 1.56473005 -0.62079769 30.0
-0.51746541 1.18309653 -0.98132139 30.0
0.81133795 -1.39832616 -0.48894191 30.0
0.65372300 1.53751934 0.99173772 30.0
0.34295976 -1.41166949 -0.19232215 30.0
-1.35046661 -1.08405113 -0.83108598 30.0
1.13177991 0.39087671 1.50845087 30.0
-0.68061292 0.70767468 -1.02784407 30.0
0.77540767 0.49243635 1.92855585 30.0
1.39914918 0.46198091 -0.81520569 30.0
1.37153745 0.46295094 0.77014005 30.0
1.23437512 1.04497921 1.03315270 30.0
0.07291270 0.77463084 1.62438965 30.0
-0.16643354 0.35571215 2.06842232 30.0
-0.41560543 -0.95291567 -1.10522318 30.0
-0.51327330 0.54387152 -1.04646003 30.0
-1.21624792 1.01113081 -1.84557390 30.0
0.29996169 1.19849086 1.29516613 30.0
-1.45368075 -1.03130841 0.24384354 30.0
0.87847698 -0.86588544 -1.17471528 30.0
-0.32119823 1.57117939 -0.72816521 30.0
0.77385741 -1.12435114 -1.03772688 30.0
-0.18765470 -1.44507968 -1.03081548 30.0
-1.18133962 -0.42012465 1.30269957 30.0
-0.89562470 -1.17498410 -1.02045262 30.0
-0.31099334 0.76335025 -1.05995905 30.0
-0.66091013 -1.35835671 -1.02603304 30.0
-1.39442122 -1.12751341 -0.59325367 30.0
-0.18255584 1.56856871 0.94150114 30.0
0.63375926 -0.28687942 -1.06755805 30.0
-1.46725035 -0.98469585 0.01750284 30.0
1.24061418 0.84066564 -1.73595059 30.0
1.04534984 -0.19192132 1.68264806 30.0
1.33261323 1.44517410 0.59337807 30.0
-0.65962386 0.05998680 2.04037070 30.0
0.22368845 1.55316675 0.12872277 30.0
0.71651739 -0.73832262 -1.03579438 30.0
-0.06026965 -0.90336162 0.69098371 30.0
-0.74568516 -1.28133678 0.04315413 30.0
-0.97175014 -1.15048146 0.24158940 30.0
-1.15417409 1.43831670 0.93773234 30.0
0.90401036 -1.29676640 -0.01209027 30.0
-0.67155761 -1.33522046 -0.06567628 30.0
0.60830897 -0.58218157 1.01024008 30.0
0.32655120 -1.36955941 -0.08318011 30.0
-0.52235550 -0.72625571 -1.05096042 30.0
-1.44042575 -1.03332365 -0.42919466 30.0
-0.42107382 0.91108942 -1.04747200 30.0
-1.44818354 -0.67396843 -0.70605385 30.0
1.40071952 -1.12755287 -0.65201640 30.0
0.62121421 -1.08783305 -1.06588387 30.0
-0.66089350 0.34554622 2.04178905 30.0
-1.47055101 1.01222289 0.28009099 30.0
1.35845292 -0.29448915 1.05700076 30.0
-1.50241184 0.52943313 -0.14863412 30.0
-1.09870124 -1.32717443 -0.16025689 30.0
-1.37636268 -1.22012413 -0.59364969 30.0
0.39225772 -0.06340075 1.94460857 30.0
1.46164656 0.88024384 -0.68110079 30.0
-0.49705911 -1.42722678 -0.98460048 30.0
-0.81037778 1.52527487 0.88663381 30.0
1.47124052 1.08743703 -0.63417643 30.0
-0.31834415 1.28665280 -0.95677608 30.0
-0.61690313 -0.83614790 0.73744076 30.0
0.61995327 0.00218813 2.00323749 30.0
0.82584333 0.97055167 1.26742649 30.0
0.20886379 -1.41183364 -1.06302238 30.0
0.76298410 -1.38834405 -1.00869811 30.0
-1.41464281 -1.21091592 -0.01182723 30.0
0.07291270 0.77463084 1.62438965 30.0
-0.92966145 0.91229981 -1.46832919 30.0
-0.89387053 -1.36312103 -0.17032261 30.0
1.38346696 -1.16841471 -0.70648712 30.0
0.67958617 0.15141490 -1.03154421 30.0
1.46686327 -1.08015049 0.05510803 30.0
-1.36793029 -0.16991474 0.91185504 30.0
-0.27479613 1.50441563 1.10195971 30.0
-1.43779850 -0.09959258 -0.63758749 30.0
-0.40982834 -1.11045861 -1.08453393 30.0
-0.61255991 0.92342252 1.34472656 30.0
-0.92993832 -0.18352412 1.73455942 30.0
0.68248230 -1.35835671 -1.02603304 30.0
-1.12830305 -0.99826592 0.45958966 30.0
-0.51711386 -0.86782390 -1.08071184 30.0
0.71651739 -0.73832262 -1.03579438 30.0
-1.48584068 0.39039683 -0.02722359 30.0
1.43894804 -1.19488811 -0.25813627 30.0
0.22205320 1.51911962 -0.91765976 30.0
1.05670047 0.97567338 -1.84430504 30.0
-0.80427122 0.97055167 1.26742649 30.0
-0.95137358 1.39257228 -0.88175702 30.0
-0.19359335 -1.09887373 0.40597653 30.0
1.51121175 -0.82422978 -0.13346933 30.0
0.62671095 0.62015116 1.77845573 30.0
-0.76729727 -0.91223770 -1.08162558 30.0
-0.99354208 0.46916655 1.71660984 30.0
-0.94657290 -1.37381172 -0.22681798 30.0
0.54296774 -0.75297409 -1.05224586 30.0
-1.42342257 0.63835484 -0.65257829 30.0
-1.24498916 -0.51926500 1.08851671 30.0
-1.46491063 0.94437104 0.21564677 30.0
1.38526678 0.88089174 0.52564949 30.0
-0.60935736 1.21067882 1.25780499 30.0
-0.30434507 -1.25383556 -1.06685078 30.0
-1.13143861 0.71300650 1.17496216 30.0
-0.06273482 -1.45646691 -0.31187320 30.0
-0.51646292 -0.20099691 -1.07895017 30.0
1.23585510 0.80003816 -1.61135960 30.0
-0.61227161 1.54017186 0.57893252 30.0
-1.35208583 -1.23533022 0.03109613 30.0
0.18624514 0.27176344 2.08386254 30.0
1.33124495 1.12753010 0.86840856 30.0
1.28933036 -0.97505754 0.48317683 30.0
1.46158707 -0.19195102 -0.65332568 30.0
1.00079012 -1.18529022 0.19703002 30.0
1.44687104 0.84076709 -0.84332913 30.0
0.21207546 -1.18686056 -1.09024262 30.0
