-1.04455447 1.01088130 -1.63688135 25.0
0.69894516 1.45022845 -0.58765012 25.0
-1.39178228 0.07157128 -0.29375580 25.0
-1.29672992 0.17137277 0.73197353 25.0
1.40486705 -0.24902664 -0.45203900 25.0
0.53313529 1.51274669 0.50113600 25.0
1.02250683 -1.16613495 0.53155589 25.0
1.00884831 1.19577479 1.17863119 25.0
-0.08469530 1.27595568 -1.18938768 25.0
1.24193370 1.33420324 1.13314664 25.0
1.17460930 1.18421340 -1.12194955 25.0
1.04630911 -0.85742688 0.81010038 25.0
1.37893927 0.24738958 -0.69399852 25.0
0.59075111 0.39432809 -1.17378020 25.0
-0.07743320 0.16191734 -1.22184753 25.0
-1.41410255 -0.32015088 0.29615504 25.0
-0.23553406 0.07509022 -1.20900965 25.0
-1.34787273 0.16062877 0.60808152 25.0
0.20978273 -0.03262411 1.99341321 25.0
0.48430365 0.31503850 2.04860544 25.0
1.08761346 1.48435879 0.82365286 25.0
-0.07060659 1.48117828 -0.41112489 25.0
-1.11598849 -0.40201336 0.79438657 25.0
-1.33242440 1.23437047 -0.34211323 25.0
1.34435856 -0.00447324 0.54454869 25.0
-0.35971621 1.47169983 1.16058183 25.0
0.68373573 -0.88871294 0.70060384 25.0
-0.79527694 -1.22241914 -1.18434262 25.0
0.53428549 1.37671101 1.19290662 25.0
0.16703524 -1.58311331 -1.03846276 25.0
0.41316685 -1.57640278 -1.00788772 25.0
1.28249359 -0.85808873 0.81411171 25.0
0.76767004 -0.46812639 -1.16187811 25.0
0.37796751 -1.22171295 0.38373268 25.0
1.37228703 -0.89775771 -0.39227507 25.0
1.33945787 1.23464942 0.09101005 25.0
-0.41745183 -0.55029291 -1.18719423 25.0
-1.27918327 -1.11513221 0.64170581 25.0
-1.10439992 1.47840142 0.27799565 25.0
-0.84778416 1.49628723 0.27313527 25.0
0.53494316 -1.60374320 -0.34752855 25.0
-0.60580862 -1.56993115 -0.22853132 25.0
1.37822390 -0.97166693 -0.38073388 25.0
1.16766012 1.46554077 1.00010931 25.0
-1.37989974 -0.53789467 -0.69277614 25.0
-0.07271443 -1.43656528 -1.18264151 25.0
0.48401850 -1.36639428 0.12198830 25.0
-0.92669100 -0.95113266 0.64693451 25.0
-1.28377199 -1.07698894 0.68745250 25.0
0.81413639 1.50600159 0.93046576 25.0
-1.37138224 -0.31651050 0.60056758 25.0
1.36598718 -1.16090620 -0.31701070 25.0
1.19896293 -0.77451915 0.88556123 25.0
-1.30885601 1.32403255 -0.35426372 25.0
0.56353426 1.02631795 -1.18727255 25.0
-1.22733092 0.41297117 -1.13934922 25.0
-1.35952055 1.04551113 0.89374286 25.0
0.84774959 -0.98951954 0.60951144 25.0
0.79095644 -0.99125630 -1.27737570 25.0
0.19309983 0.53129607 2.01815343 25.0
-0.82335550 1.50432479 0.86611885 25.0
0.85122639 1.44266534 -0.58689201 25.0
-0.58843625 -0.17702669 -1.17391169 25.0
0.24365036 0.47119820 -1.20747566 25.0
1.10430765 1.48015320 0.52940774 25.0
-0.84005034 -1.44146156 0.06811201 25.0
1.04718053 1.19289708 -1.14715600 25.0
0.46705738 -0.40814999 1.31879354 25.0
1.38332212 -1.00809872 -0.14360444 25.0
0.40668440 -1.56983912 -0.81712288 25.0
0.10881713 1.10561728 -1.18301344 25.0
1.11628664 -0.97978896 0.79414034 25.0
-1.40001845 -0.17402151 -0.48714045 25.0
1.30936253 1.28307760 -0.66427124 25.0
-1.28714263 1.38021088 0.05055396 25.0
-1.02865374 0.64429486 -1.19556701 25.0
-1.23793674 0.94653577 1.06961346 25.0
-1.34676206 1.04205728 -0.94892043 25.0
0.64643830 -1.55969226 -0.19343604 25.0
1.40848088 0.36423835 0.31790489 25.0
-0.16404535 -1.61004639 -0.31341374 25.0
-1.39125752 0.74371481 0.95194167 25.0
-1.39355242 0.07157128 -0.11776703 25.0
1.12906528 0.92697304 1.11631310 25.0
0.99568844 1.14161575 -1.25827456 25.0
-0.76530099 -1.03207719 0.58144909 25.0
0.08961105 -0.48963758 1.17140973 25.0
-0.10722419 0.98595101 -1.19879079 25.0
-0.05386289 -1.61180723 -0.31999508 25.0
0.07803530 -0.47363141 -1.21941531 25.0
-0.66473716 -0.48586076 1.11597371 25.0
1.31892025 -1.33834839 -0.14616154 25.0
1.39273584 0.38411888 -0.66446459 25.0
-1.41875982 0.41073900 0.16161390 25.0
0.07804589 -0.17820407 -1.22170806 25.0
-1.15363443 -1.28052068 0.47579479 25.0
-0.41178414 0.42314935 -1.19028711 25.0
-0.37006071 1.51726842 0.38164181 25.0
1.35491002 -1.25246692 -0.27753770 25.0
0.33003336 0.48207140 2.03255963 25.0
-1.42059481 0.64626098 -0.29305866 25.0
1.39905012 0.24705042 0.33823135 25.0
-1.05452037 -1.20713055 -1.30826914 25.0
-1.40802753 0.36442626 0.11944655 25.0
-0.93420625 1.12686479 -1.24909210 25.0
1.37921798 0.87606442 0.36096552 25.0
-0.33644798 0.22344504 2.10979080 25.0
0.53765106 -1.60130155 -0.45884427 25.0
0.19216900 0.48358464 2.05806541 25.0
1.28884518 -1.04056275 0.72575068 25.0
-1.37250757 0.69894308 -1.24294460 25.0
-0.35840288 -1.30997860 0.23355362 25.0
-0.11225186 0.67422879 -1.19756103 25.0
-0.66518950 -1.35375237 0.14074604 25.0
-0.71453637 1.41255498 -0.96166724 25.0
-1.41413832 0.74010527 0.28979421 25.0
0.97751713 -0.66348529 0.73336357 25.0
0.19180121 0.45578635 2.07971239 25.0
-1.04477251 1.06227648 1.15433097 25.0
0.05481951 -1.58492970 -1.04968417 25.0
-1.30543780 -1.33830798 -0.58822906 25.0
1.31699657 0.84610587 1.04387558 25.0
-1.15933776 -1.30111480 -1.11576450 25.0
1.41354215 0.51523012 -0.64254969 25.0
0.65596449 0.99918169 1.36335766 25.0
0.19751343 0.72936594 1.81937099 25.0
0.20231180 0.05298085 2.07079601 25.0
-0.07271443 -1.43656528 -1.18264151 25.0
-1.32040727 -0.30558953 0.65816981 25.0
0.80680799 0.44772089 1.67498910 25.0
1.24018943 0.51686788 -1.13668394 25.0
1.27351522 -1.20277607 0.53001791 25.0
1.13942587 0.36781451 1.17982399 25.0
0.67806292 -0.78074056 0.73352802 25.0
-0.23797929 0.37678051 -1.20890582 25.0
0.37002370 1.51726842 0.38164181 25.0
-0.95962489 1.19871867 -1.14423883 25.0
-0.76324892 0.25305930 -1.16422451 25.0
1.40087318 0.36442626 -0.32766831 25.0
-0.55671525 -1.00445521 0.63176966 25.0
-1.11598849 -0.40201336 0.79438657 25.0
0.92640799 -1.02607942 -1.40359437 25.0
0.93001813 0.25154361 -1.16176474 25.0
-0.77025825 -0.99514544 0.61521077 25.0
-1.39995253 -0.46020734 -0.38967931 25.0
-0.93287486 0.33018610 -1.16174197 25.0
0.07769789 -0.09585904 -1.22181618 25.0
-0.79026622 -1.10282528 -1.26044083 25.0
-1.10611486 -0.57677394 0.73978931 25.0
-0.70190668 1.32088387 1.19093370 25.0
1.11595142 -0.40201336 0.79438657 25.0
-0.63640893 -1.25610423 0.29641593 25.0
0.92779076 0.15832195 -1.16174817 25.0
-0.07077476 1.51866341 0.14320400 25.0
-1.36557651 1.12575531 0.07069769 25.0
-1.42532790 0.58075929 -0.28598732 25.0
0.06506182 0.13855046 2.13691306 25.0
-1.41260934 0.41114333 0.78511882 25.0
-0.97142357 -0.03287200 1.30117214 25.0
0.84802765 1.47954726 -0.02674287 25.0
0.40821141 -1.57152987 -0.73677719 25.0
-0.98229587 -1.09517193 -1.53582680 25.0
0.40718454 0.33502096 -1.19087112 25.0
-1.06994402 0.04808464 1.11087108 25.0
1.37741601 -1.08065569 0.11498996 25.0
-1.41188550 -0.32015088 -0.21919583 25.0
0.48572290 0.58748347 1.88797534 25.0
1.35411155 0.25141799 0.69610196 25.0
1.15256393 -0.12299426 0.83727735 25.0
-0.48126629 0.39255866 2.02872729 25.0
-1.40470219 -0.38946095 -0.39876750 25.0
1.39399302 0.07157128 0.05658987 25.0
-0.90596849 -1.44614279 0.11931530 25.0
0.54112929 1.26858544 1.20415497 25.0
0.84472173 -0.77247614 0.72101361 25.0
-0.43130484 -1.32910776 -1.15998054 25.0
0.07841216 -0.32905221 -1.22102666 25.0
-1.03347385 1.24807823 1.18010938 25.0
-0.65448129 -1.59152114 -0.39592427 25.0
1.22596407 0.49452135 1.18468380 25.0
0.07262925 1.43120015 -1.01041472 25.0
-0.33164081 -0.91464078 -1.24372423 25.0
1.30967975 1.33083081 0.88897419 25.0
1.40739131 -0.17402151 0.24778050 25.0
0.39226517 -1.04517341 0.61035287 25.0
0.16670460 -1.61957979 -0.42844954 25.0
0.65486717 -1.58869016 -0.45598128 25.0
1.14638472 -0.04293595 0.88603574 25.0
-1.39930367 0.46020734 0.92420304 25.0
-0.91492474 -1.46849287 -1.10943902 25.0
-1.11500883 -0.90647769 0.84230143 25.0
0.44531766 0.52767587 -1.18738079 25.0
-0.77048177 -0.25289014 -1.16384017 25.0
1.12703228 1.01104438 1.12218440 25.0
0.28564218 -1.60792577 -0.51613367 25.0
1.26493037 -0.29204816 0.69946873 25.0
-0.32908127 0.85290188 -1.20258057 25.0
-0.73366439 -1.36313140 -1.13156009 25.0
-0.69549066 -1.29341888 0.22739211 25.0
1.40620160 0.36442626 -0.08869867 25.0
-0.06055085 -1.55809891 -1.12728238 25.0
1.09924066 -0.47936934 0.75816303 25.0
-1.35875630 1.12569952 -0.33229989 25.0
1.10310984 -1.39940715 -1.11027181 25.0
0.56872171 -0.99136752 -1.24896610 25.0
-0.93683922 -0.54430372 -1.15814495 25.0
-1.43246508 0.58046067 0.16230150 25.0
-1.31899035 -1.29415739 -0.78608638 25.0
1.37286830 -0.78917855 -0.02423357 25.0
-0.07980981 -0.55234545 -1.21807909 25.0
-0.56741500 -1.36891973 -1.14115369 25.0
0.84587848 1.45428014 -0.38670099 25.0
1.43282557 0.51326340 0.62264639 25.0
-0.57021284 -1.20146310 -1.19600403 25.0
0.33091155 0.39403048 2.08187103 25.0
0.20866691 -1.31369817 0.24137063 25.0
0.07996964 0.47214818 -1.22021115 25.0
1.39884734 0.36483729 0.74600798 25.0
-0.98062450 1.01584589 -1.51566076 25.0
-0.32971215 0.43396685 2.06608462 25.0
-1.41188550 -0.32015088 -0.21919583 25.0
0.54955947 -1.08080328 0.55610716 25.0
1.40159559 0.78598315 0.12575728 25.0
-1.31632280 0.96016890 -1.32438087 25.0
-0.76779944 -0.81017584 0.72076893 25.0
-1.28715146 1.38729119 0.65178394 25.0
-1.37377644 0.96017325 0.29919547 25.0
-0.39231822 -0.82033139 0.75276959 25.0
0.98634124 -0.81059611 0.76441008 25.0
-1.24988365 -0.14575885 0.70361662 25.0
1.02720153 -0.26030892 1.03607774 25.0
-1.06965148 0.07268737 -1.16174412 25.0
1.32933760 0.80039912 1.05354929 25.0
0.80896723 0.47516951 1.65643108 25.0
-1.33870292 -0.24928075 -1.01846027 25.0
1.35063577 -0.97166693 -0.98357671 25.0
1.29683805 -0.80060440 -1.22363532 25.0
1.19394135 1.39548659 -0.84543788 25.0
-0.91660362 -1.02389598 0.58459395 25.0
1.35264039 -0.97166693 0.58176112 25.0
-0.90939516 -1.06215131 0.54344994 25.0
0.95246691 0.42317215 1.48335624 25.0
-0.75405800 -1.56007671 -0.56086862 25.0
-0.76438838 -0.09514357 -1.16417801 25.0
-0.33011249 1.06815982 -1.18568850 25.0
-0.41004971 0.39580593 -1.19060791 25.0
1.32977319 1.28335679 0.28919956 25.0
1.36742997 -1.20644057 0.00073506 25.0
-0.72857904 -0.67106354 0.80488646 25.0
-0.98403788 -0.94725215 -1.57871425 25.0
-1.41188550 -0.32015088 -0.21919583 25.0
-1.21232104 0.44911450 1.15863442 25.0
0.07521099 -0.86139935 0.76777810 25.0
1.38038814 -0.89775771 0.15683378 25.0
0.07831743 -0.25563127 -1.22146356 25.0
1.36598718 -1.16090620 -0.31701070 25.0
1.37247062 0.69894308 -1.24294460 25.0
0.99803394 -0.81088674 -1.30237532 25.0
-1.30463982 -0.15918437 0.63230926 25.0
0.93865687 -0.39426005 -1.16032028 25.0
-0.40871289 -1.55141020 -0.18454809 25.0
-0.93065017 -1.52748442 -0.08406692 25.0
-1.15784156 -0.93910015 -1.71570230 25.0
1.32147074 1.12563157 -0.94262391 25.0
-0.99482191 -0.73800939 0.76932198 25.0
1.31260455 -1.33834839 -0.04887851 25.0
-1.19389164 0.74579757 -1.59292281 25.0
0.76300216 -1.28602099 0.22075839 25.0
-0.06888905 -0.03261684 2.01085067 25.0
-1.42755711 0.64609116 0.14788286 25.0
-1.08348358 0.51365846 1.33515751 25.0
1.37321234 0.96017712 0.43073183 25.0
1.33606744 -1.29516816 0.00279860 25.0
-1.41421497 -0.32015088 0.13741259 25.0
-0.52795142 -1.56693447 -0.90160900 25.0
1.10430765 1.48015320 0.52940774 25.0
-1.34500265 1.17740631 -0.33547139 25.0
-1.39964318 -0.53742445 -0.02649820 25.0
-0.65630454 0.77239114 1.58850276 25.0
-1.10473430 1.46228087 -0.02314536 25.0
1.32037020 -0.30558953 0.65816981 25.0
-0.58581316 -0.09536897 -1.17401600 25.0
0.98782408 -0.99313968 0.65930706 25.0
0.83069837 -1.10712218 0.48458377 25.0
1.41872871 0.69610029 0.76907080 25.0
-1.26304960 0.87722093 -1.63528705 25.0
1.16436982 0.79103774 1.15273237 25.0
1.40466523 -0.38946095 -0.39876750 25.0
1.20363641 0.42178625 1.14113331 25.0
-1.04907334 -0.87053031 -1.58678579 25.0
-0.33112055 -1.13983321 -1.22605944 25.0
-0.94192809 -0.33175066 1.13695824 25.0
-0.19779271 0.87366861 1.66254306 25.0
-0.97895509 1.48392153 0.14344427 25.0
1.32516861 0.40051287 0.97818798 25.0
-0.97444057 0.97434354 -1.55739152 25.0
-0.53448939 -1.57211590 -0.64484632 25.0
-0.39580563 -0.97063673 0.67403066 25.0
0.53494316 -1.60374320 -0.34752855 25.0
1.29268026 0.08922110 0.68393332 25.0
-1.38233507 0.83168882 -0.29929745 25.0
-1.39376986 -0.09425238 -0.51182991 25.0
-1.27782571 0.76791096 1.10337794 25.0
-1.37925494 0.87606442 0.36096552 25.0
1.38712931 -0.46020734 -0.69268292 25.0
1.33606744 -1.29516816 0.00279860 25.0
0.07546116 -0.89961892 0.74996942 25.0
-1.40291893 0.64944959 0.97231984 25.0
0.07358100 -1.18009031 0.47372279 25.0
0.59130502 -1.54062152 -1.07361996 25.0
1.37363219 -0.89775771 0.39017114 25.0
-1.34504318 0.41131932 -0.99262291 25.0
1.27719629 1.04287791 -1.49099159 25.0
-0.97384387 0.71250802 1.33408988 25.0
0.22684121 -1.08742189 0.58058828 25.0
1.40877879 0.64694041 -0.61822045 25.0
-1.41421497 -0.32015088 0.13741259 25.0
-1.33830750 0.91878098 -0.96341884 25.0
-1.39867496 0.41073900 -0.66067344 25.0
1.38028133 -0.97166693 0.40198663 25.0
0.64907515 -1.55055416 -0.72854459 25.0
-1.40748656 -0.46020734 0.29248962 25.0
-1.37773645 1.00109661 0.28544259 25.0
-1.36398351 -1.16090620 0.17141259 25.0
1.11242497 -1.01592124 0.76505381 25.0
0.52791440 -1.56693447 -0.90160900 25.0
1.31420469 1.24896872 1.02150452 25.0
-0.76143527 -0.01043910 -1.16420388 25.0
-0.69720107 1.37050617 1.18514001 25.0
1.32955670 1.28335679 0.54311967 25.0
0.83025801 1.45235384 1.13810492 25.0
-0.19625549 0.66093367 1.89157248 25.0
-0.07844916 -0.32905221 -1.22102666 25.0
0.58667630 0.33374986 -1.17404008 25.0
0.82142711 0.05145833 1.64652872 25.0
-1.28400111 -0.78551370 0.80476338 25.0
1.31775749 1.09684110 1.03560722 25.0
-1.37767267 1.00109601 0.16820157 25.0
-0.46892121 -0.48738760 1.14760339 25.0
0.19739178 0.82643384 1.71754265 25.0
1.04389513 -1.09028602 -1.64685202 25.0
1.08358347 -0.39264479 -1.16032028 25.0
1.34863198 0.66351843 -1.21063232 25.0
0.55805498 -1.57793391 -0.24361798 25.0
-1.25805855 -1.39236903 -0.61466986 25.0
-1.17477405 0.69675797 1.21281195 25.0
-0.55839133 1.17583835 -1.16937733 25.0
0.21264803 1.13709581 1.29425085 25.0
0.07866793 -0.19226967 1.77971470 25.0
1.39863789 0.41073900 -0.66067344 25.0
0.66470015 -0.48586076 1.11597371 25.0
0.47952735 0.43235916 2.01313901 25.0
0.99337918 1.09199810 -1.40123034 25.0
-1.04499245 0.97982484 1.14599884 25.0
-0.21550249 1.52073276 0.27762416 25.0
-1.39260769 -0.53751850 -0.39094535 25.0
-1.35535121 1.00468600 0.88732487 25.0
-1.38127565 1.04192495 0.17137255 25.0
-0.06888905 -0.03261684 2.01085067 25.0
-1.00016546 0.58764642 -1.16389775 25.0
-0.81778777 -1.52090883 -1.07123947 25.0
-1.28732932 1.38699961 0.49034908 25.0
0.11013686 0.76091927 -1.19544542 25.0
-1.33974898 1.23464942 0.53473359 25.0
0.54955947 -1.08080328 0.55610716 25.0
1.29777789 1.32302439 -0.66438490 25.0
-0.69593287 1.49890924 0.14343439 25.0
0.98782408 -0.99313968 0.65930706 25.0
-1.34147847 -1.08065569 -0.98861194 25.0
0.76037079 0.07386459 -1.16420388 25.0
1.43242824 0.58046067 0.16230150 25.0
0.98404849 -1.16425788 -1.42740273 25.0
-0.50284821 1.00375736 1.43306088 25.0
0.89641613 -1.15006173 0.43303773 25.0
0.39578581 -0.93321484 0.70099407 25.0
0.80052525 1.11827910 1.20936120 25.0
0.06307007 0.48465541 2.07611418 25.0
-0.49812365 0.96006203 1.49014282 25.0
-0.33966464 0.87101972 1.64232051 25.0
-1.32117605 0.07172261 -1.02619398 25.0
1.12959087 -1.32370722 0.40437597 25.0
1.34582317 -1.25223505 -0.55369890 25.0
1.28158188 -0.61329436 0.76353180 25.0
-0.56939906 1.10335159 -1.18166876 25.0
-1.27198851 -1.39381146 -0.20874639 25.0
-0.77902240 0.94028568 -1.22867680 25.0
-0.07361800 -1.18009031 0.47372279 25.0
-0.97862804 1.49013114 0.37863082 25.0
0.98894447 -0.84590960 -1.43810761 25.0
-0.33220547 0.80581731 -1.19848275 25.0
1.30967975 1.33083081 0.88897419 25.0
0.44531766 0.52767587 -1.18738079 25.0
0.22583395 -1.13081264 0.52881730 25.0
-1.36850142 -0.86175501 -0.38649371 25.0
1.33076465 1.23822927 0.90305662 25.0
-1.32665884 -0.93478662 -1.33107316 25.0
-1.24667716 0.58635408 -1.14281535 25.0
0.07996964 0.47214818 -1.22021115 25.0
-0.21549219 1.52258086 0.51045346 25.0
-0.66312915 -0.40689272 1.28060913 25.0
-1.38950872 -0.17386022 0.47272664 25.0
-0.39508885 -1.37346113 -1.15756631 25.0
-0.05474798 -1.62136030 -0.43390474 25.0
1.39905012 0.24705042 0.33823135 25.0
0.69478822 1.47383118 -0.20869029 25.0
0.28331867 -1.57556701 -0.74804425 25.0
-0.70157641 -1.52159464 -0.11824931 25.0
1.16313100 -0.83782136 -1.52227890 25.0
1.29260492 1.12129426 -1.19359398 25.0
1.05141091 0.93702179 1.14292312 25.0
1.40558136 0.38411888 -0.31768140 25.0
1.15359735 -1.28052068 0.47579479 25.0
-1.41406012 0.74010789 0.43295640 25.0
-1.14318693 0.29364172 1.11955738 25.0
1.10991967 0.64128029 -1.20788741 25.0
0.19588265 0.22420308 2.13634253 25.0
-0.60227817 0.46825099 -1.17277563 25.0
-1.32450223 1.14008725 1.03146553 25.0
-0.22147301 -1.43373525 -1.17017496 25.0
1.08521211 -1.38024390 0.30305564 25.0
-1.37502027 1.08250320 0.65981013 25.0
-1.04388809 -1.05352044 -1.69798040 25.0
1.38723004 -0.62793046 0.38502058 25.0
0.85847747 1.36289978 1.18152976 25.0
1.34374762 1.08316481 -0.93799585 25.0
-0.20981973 -0.03262411 1.99341321 25.0
-1.24797869 -1.29150641 0.40308967 25.0
-1.16581488 1.04624367 -1.57756162 25.0
-1.19213450 -0.81416458 0.89817387 25.0
1.21765208 1.42355013 -0.18862878 25.0
-0.93886876 -0.25185147 -1.16138101 25.0
-0.55723119 -0.89241999 0.71114767 25.0
-1.38335907 -1.00809872 -0.14360444 25.0
1.10695052 -0.26173672 0.86837626 25.0
1.00617754 1.36803007 -1.06149316 25.0
0.96477860 1.15221477 1.17565596 25.0
1.38712823 0.83168882 -0.06956114 25.0
1.35491002 -1.25246692 -0.27753770 25.0
-1.38396978 -0.97166693 -0.15454604 25.0
-1.39277291 0.38411888 -0.66446459 25.0
1.32037020 -0.30558953 0.65816981 25.0
0.79462010 0.64796317 -1.17692184 25.0
0.59130502 -1.54062152 -1.07361996 25.0
0.34033918 0.69667649 -1.19444513 25.0
0.91610593 0.97925436 -1.35527587 25.0
1.03233385 1.30545497 1.17760634 25.0
0.34900141 1.00731564 1.46460319 25.0
-1.12434793 0.96968216 1.11773980 25.0
-0.55366570 -1.24995220 -1.16946101 25.0
0.16257830 -1.59890389 -0.28039539 25.0
0.68162769 -0.85097808 0.71766359 25.0
-0.21223685 1.52658963 0.78970224 25.0
-1.37570035 -0.01114395 -0.78072673 25.0
-1.25033295 1.28549182 1.13207865 25.0
-1.35535121 1.00468600 0.88732487 25.0
1.34537756 -0.89775771 -0.97244287 25.0
-1.11174560 -0.86945105 0.85892332 25.0
1.40527368 -0.17402151 -0.28523725 25.0
-1.33949494 1.23464942 0.09101005 25.0
-1.37556088 -0.45655698 0.63852441 25.0
0.51241785 1.52068651 0.93615788 25.0
1.38393271 -0.97166693 -0.15454604 25.0
1.30175507 0.26137546 0.81697577 25.0
1.39373279 -0.09425238 -0.51182991 25.0
-1.33610451 -1.29516816 0.00279860 25.0
-1.30831027 0.33854556 0.90705121 25.0
-1.36807942 -0.53376955 0.65324503 25.0
-0.81420612 0.52464610 -1.16201472 25.0
0.80973279 1.49267375 1.07745123 25.0
-1.15671444 1.00619996 -1.65235221 25.0
-1.11174560 -0.86945105 0.85892332 25.0
-0.50130975 -1.54549897 -0.17475715 25.0
-0.53250164 1.48048925 -0.21136841 25.0
1.34003842 1.23464942 0.28190047 25.0
-1.34014988 1.23464942 0.41886181 25.0
-1.39784825 -0.53742445 -0.19419174 25.0
-1.38716137 -0.97166693 0.20228148 25.0
-0.93561435 -0.17579187 -1.16161478 25.0
-1.34828568 -1.04422975 0.53415680 25.0
1.08521211 -1.38024390 0.30305564 25.0
0.85643089 -0.73253763 0.72714037 25.0
1.37076890 -0.78917855 -0.20535614 25.0
1.37726128 -0.00953091 0.43914419 25.0
0.84774709 1.49628723 0.27313527 25.0
-0.76830256 0.37234360 -1.16410339 25.0
-1.18960559 -1.10413361 0.71734184 25.0
0.47952735 0.43235916 2.01313901 25.0
-1.03481925 0.92779869 -1.72732270 25.0
0.28331867 -1.57556701 -0.74804425 25.0
-1.42035711 0.69609863 -0.06693523 25.0
-0.53319776 1.51091027 0.27430323 25.0
-1.16583526 0.50504720 1.25214827 25.0
0.07549819 -1.38012934 -1.18776631 25.0
-1.32520568 0.40051287 0.97818798 25.0
-0.06643660 0.05316449 2.08896494 25.0
-1.06367528 0.37644231 1.30590391 25.0
-1.39386880 0.07157128 0.21230809 25.0
0.99574381 1.12129295 -1.33308005 25.0
1.37523317 1.00109589 -0.12977603 25.0
1.10013103 1.48180258 0.69474298 25.0
0.92633367 -0.87762159 0.69689840 25.0
-1.09927773 -0.47936934 0.75816303 25.0
-1.36083019 0.74067330 -1.28133583 25.0
0.90935808 -1.06215131 0.54344994 25.0
0.28510696 -1.59754622 -0.57664102 25.0
-0.97219133 0.93237382 -1.58399093 25.0
0.79290497 1.07692075 1.23350346 25.0
-0.47912836 0.45267698 2.00112438 25.0
-1.36570215 -0.78927255 -0.39706540 25.0
-1.18317914 0.95831370 1.09336507 25.0
-1.40754199 -0.46020734 0.14111914 25.0
1.32662177 -0.93478662 -1.33107316 25.0
-1.30971682 1.33083081 0.88897419 25.0
-0.07835443 -0.25563127 -1.22146356 25.0
-0.20981973 -0.03262411 1.99341321 25.0
-0.66546232 -1.44203615 -0.01568273 25.0
-1.16525936 -1.45872498 -0.38396043 25.0
0.36520287 1.13367987 1.27894807 25.0
-0.86055613 -1.52441657 -0.02923735 25.0
0.07977279 -0.55234545 -1.21807909 25.0
-1.21305263 0.82558393 1.11098576 25.0
1.35929966 0.51584011 -0.98209196 25.0
-1.38446856 -0.93478662 0.17488503 25.0
1.40216410 0.78598511 0.28707394 25.0
1.12906528 0.92697304 1.11631310 25.0
1.28519356 1.37510073 -0.15363687 25.0
-1.36972558 -0.86175501 0.39319077 25.0
1.17087078 -1.23781395 0.54209638 25.0
-1.37041187 1.00109589 -0.33853301 25.0
1.41154420 0.41073900 -0.30920023 25.0
0.62289298 -1.58898771 -0.28903374 25.0
1.36827409 -1.08065569 -0.42233551 25.0
1.33545768 -1.29516816 -0.43375620 25.0
0.56949079 -0.91545022 -1.24048233 25.0
-0.21413179 1.42772317 1.20708525 25.0
1.29777789 1.32302439 -0.66438490 25.0
-0.54593295 -1.45378089 -0.02077647 25.0
-0.20626079 1.05294847 1.41724348 25.0
0.25452846 -0.26512921 1.63271797 25.0
-0.28229585 -1.57387054 -0.82941234 25.0
0.69868606 -1.28281534 -1.14748979 25.0
0.92031986 -0.77139258 0.72965103 25.0
1.19295669 0.03025694 0.83980870 25.0
1.36625898 0.58607841 -0.97433275 25.0
0.55985308 0.94176656 -1.19693732 25.0
0.94495296 -1.20151925 0.40527350 25.0
-1.30821967 0.74241161 -1.50609803 25.0
-0.33149415 -1.17314339 -1.21138597 25.0
-0.33348989 -0.82883865 -1.22242665 25.0
-1.06393826 0.43919650 1.32746220 25.0
-1.06965148 0.07268737 -1.16174412 25.0
-0.06800257 1.53379869 0.96461588 25.0
1.29267812 0.00650595 0.65482771 25.0
-0.16298516 -1.60637915 -0.30034721 25.0
-0.61841458 -1.30014110 0.22608446 25.0
-0.71727300 1.38129735 -1.06508183 25.0
0.68373573 -0.88871294 0.70060384 25.0
-1.32212305 1.00109589 -1.30065465 25.0
-0.32240444 -1.25270855 -1.18294799 25.0
1.32147074 1.12563157 -0.94262391 25.0
-0.93854064 -0.81420875 -1.24812067 25.0
-1.04614675 -1.00389624 0.71558750 25.0
0.33209449 -0.87879980 -1.23299348 25.0
-0.34748903 0.05272134 2.04512000 25.0
1.22444212 -1.33468807 0.33610415 25.0
-0.07980981 -0.55234545 -1.21807909 25.0
-0.77414066 0.41954577 -1.16362941 25.0
1.11492419 -0.76088667 0.86445308 25.0
-1.16127372 -0.86675245 -1.59729230 25.0
-0.58881289 0.37416917 -1.17394090 25.0
1.00773871 -1.52154624 -0.43333480 25.0
0.85412920 -1.52460504 -0.72082394 25.0
-1.33987701 0.75451714 1.06200945 25.0
-0.21550249 1.52073276 0.27762416 25.0
0.11170924 0.69658059 -1.19504678 25.0
-0.22919108 -0.85970265 0.75736922 25.0
0.33086210 -1.10305655 -1.23881495 25.0
-0.09703788 0.58947158 -1.20935524 25.0
-1.15363443 -1.28052068 0.47579479 25.0
-0.80684495 0.44772089 1.67498910 25.0
1.36490011 -0.24539146 0.57482415 25.0
0.79327565 -0.87998211 -1.25256181 25.0
0.88442713 -1.35648739 -1.12916136 25.0
-1.17435169 1.13334596 1.12905276 25.0
0.40444252 0.07476634 -1.19087315 25.0
-0.92157960 -0.26157710 1.24744511 25.0
-0.35946995 1.52433527 0.87908357 25.0
1.42568517 0.64609116 -0.04915934 25.0
-0.82146418 0.05145833 1.64652872 25.0
-1.14250135 0.04056154 0.93935001 25.0
1.15670907 1.12985778 -1.30387211 25.0
1.26493037 -0.29204816 0.69946873 25.0
-1.21713722 -0.46221223 -1.13874555 25.0
-1.43408060 0.51360345 0.48744765 25.0
-1.34224546 -0.86168385 -0.96429694 25.0
1.29535449 0.67736363 -1.35216892 25.0
-0.21650866 1.46626210 -0.61277950 25.0
-0.06982963 1.13951290 1.30507946 25.0
0.60224116 0.46825099 -1.17277563 25.0
0.77022123 -0.99514544 0.61521077 25.0
-0.19271737 0.39528665 2.10804510 25.0
-0.37006071 1.51804256 0.50562078 25.0
-1.40531051 -0.17402151 -0.28523725 25.0
1.38718200 -0.97166693 0.30541766 25.0
1.18947387 1.04056036 1.09980404 25.0
-0.52251774 1.12969160 1.26098311 25.0
0.21546549 1.52073276 0.27762416 25.0
0.20978273 -0.03262411 1.99341321 25.0
0.33442837 -0.81306595 -1.21624947 25.0
-0.82887799 -0.40530655 1.17807722 25.0
0.97947145 -1.52800071 -0.23321705 25.0
-1.15544319 -1.08567882 -1.65951324 25.0
0.40832505 -0.47146082 -1.18850017 25.0
-0.93869382 -0.39426005 -1.16032028 25.0
-0.37800452 -1.22171295 0.38373268 25.0
-1.32318473 1.19201088 1.02588606 25.0
0.98404849 -1.16425788 -1.42740273 25.0
1.16681361 1.34515941 1.15922713 25.0
1.43420243 0.51388991 0.34050304 25.0
-0.76770705 -0.46812639 -1.16187811 25.0
1.03343678 1.24807823 1.18010938 25.0
0.34033918 0.69667649 -1.19444513 25.0
-0.83134329 -1.28239834 0.22266969 25.0
-1.37384510 -0.78917855 0.27215204 25.0
0.99645472 0.79770905 -1.53361726 25.0
-1.04921401 -0.89445251 0.79333311 25.0
-0.92741674 -0.95135933 -1.39499855 25.0
-0.10924076 -0.84916466 -1.22674239 25.0
0.68515307 1.50991380 0.76854777 25.0
-1.14250135 0.04056154 0.93935001 25.0
-1.28738880 1.38659716 0.37688518 25.0
-1.35252380 1.17768526 0.26994964 25.0
-0.64607626 -1.59141862 -0.33016279 25.0
-0.93217409 1.09740341 -1.28100216 25.0
-0.44301063 1.26944554 -1.15915120 25.0
-1.15363443 -1.28052068 0.47579479 25.0
1.24701869 1.11339843 -1.33927250 25.0
-1.05430019 1.10318720 1.15199184 25.0
0.65596449 0.99918169 1.36335766 25.0
-1.37890434 0.87607521 0.48969179 25.0
1.19999385 0.87127453 1.10048461 25.0
-0.79371578 -1.34234142 0.12584424 25.0
-0.07549816 -0.89961892 0.74996942 25.0
0.59325010 0.42157841 -1.17346346 25.0
-1.05731547 1.48937845 0.95839548 25.0
0.29553288 0.59019059 -1.19879019 25.0
-0.80801404 0.95029646 1.28324521 25.0
0.21545516 1.52258086 0.51045346 25.0
-1.05717146 1.08708680 -1.48056686 25.0
-1.19475639 -1.06598890 0.75835478 25.0
-1.32660627 -0.44560578 0.69390839 25.0
-0.41148597 -1.61230016 -0.35725969 25.0
-0.58493996 0.25436157 -1.17406297 25.0
0.97380680 0.71250802 1.33408988 25.0
0.78039998 0.98265344 -1.22230244 25.0
1.35964060 1.00109589 -0.61849606 25.0
-0.80960310 0.72293717 -1.21103084 25.0
0.58449233 0.69681209 -1.19359493 25.0
0.53204584 1.46850514 -0.39159998 25.0
-0.77902240 0.94028568 -1.22867680 25.0
-0.89700961 -1.28747857 0.26109451 25.0
0.64301610 0.47801086 1.85077107 25.0
0.85161448 1.20320821 1.19173527 25.0
1.34251988 -1.29516816 -0.10065088 25.0
-1.17218769 -0.40910020 0.75119609 25.0
-1.41911590 0.41008538 0.52708453 25.0
0.92834491 -0.91361934 -1.37447548 25.0
1.16693008 -1.46178973 -0.31504154 25.0
-1.35578489 0.96016890 -0.61678040 25.0
-1.36565793 -0.82882786 -0.38720548 25.0
-1.41219974 -0.38946095 0.30125725 25.0
0.55362874 -1.24995220 -1.16946101 25.0
1.28553355 -1.33834839 0.13593525 25.0
1.31002736 1.05626929 1.03383255 25.0
0.59205526 -1.36067104 0.12982790 25.0
-0.34903839 1.00731564 1.46460319 25.0
-0.78399724 -1.43632126 0.01483741 25.0
0.07478727 -0.79025996 0.78433895 25.0
-1.10473430 1.46228087 -0.02314536 25.0
-0.99807101 -0.81088674 -1.30237532 25.0
0.73595780 1.30892122 -1.13004792 25.0
-0.78399724 -1.43632126 0.01483741 25.0
1.41087925 0.74011308 0.75816816 25.0
1.37497675 -0.38581541 0.62431198 25.0
0.07781731 0.33687171 -1.22184110 25.0
0.20504463 1.53073931 1.02797341 25.0
1.31775749 1.09684110 1.03560722 25.0
-0.53830343 -1.60414696 -0.40558642 25.0
1.21966505 1.44280195 0.17829327 25.0
-0.60580862 -1.56993115 -0.22853132 25.0
-0.58581316 -0.09536897 -1.17401600 25.0
1.28735173 1.38659716 0.37688518 25.0
-1.37609756 0.07318431 0.45024648 25.0
-0.80801404 0.95029646 1.28324521 25.0
1.16436982 0.79103774 1.15273237 25.0
1.41691816 0.41073900 -0.05424656 25.0
0.53601921 -1.58478069 -0.56220049 25.0
0.95691508 0.47196719 1.47009063 25.0
-0.31669733 -1.55277812 -1.09844923 25.0
1.35427392 0.52702469 1.07149172 25.0
-0.79271400 -1.52151918 -0.04736340 25.0
0.62829274 -1.57506108 -0.23698054 25.0
-0.79136187 -0.95350271 -1.27432823 25.0
1.37741601 -1.08065569 0.11498996 25.0
-1.37123668 0.91880459 0.66064030 25.0
1.23956537 0.98789304 1.07071245 25.0
1.40750504 -0.46020734 0.14111914 25.0
-1.20211768 -0.92011845 0.86830956 25.0
-1.43423951 0.51388991 0.34050304 25.0
-0.95820779 0.13421994 1.42312288 25.0
-0.06443638 0.66236985 1.90804732 25.0
1.36723685 -0.78917855 0.38981834 25.0
1.07025802 0.21407117 1.21744466 25.0
-1.10869992 0.58471084 -1.16565776 25.0
-0.10803851 0.85332203 -1.20554221 25.0
1.18239093 -1.19178283 0.60854387 25.0
-0.25115433 -1.33288324 -1.17769873 25.0
0.51497531 1.08792782 1.31444132 25.0
-1.03417099 -1.31009161 0.37310049 25.0
1.40684736 0.74012554 -0.30870011 25.0
-0.06872673 1.53211617 0.89597028 25.0
1.32955670 1.28335679 0.54311967 25.0
-1.06293452 0.89256996 1.14823067 25.0
-1.10434842 1.47941744 0.38677418 25.0
1.25363672 0.39034873 1.04914141 25.0
-0.06443638 0.66236985 1.90804732 25.0
-1.25824261 0.92000371 -1.62838256 25.0
-1.40099227 -0.38946095 0.53743058 25.0
1.35871923 1.12569952 -0.33229989 25.0
-0.63704604 0.52662539 -1.17137229 25.0
-0.79371578 -1.34234142 0.12584424 25.0
1.35574782 0.96016890 -0.61678040 25.0
-0.90730357 -1.51215911 -1.06419098 25.0
0.25452846 -0.26512921 1.63271797 25.0
-0.92191613 -0.80440176 0.72381133 25.0
0.06868971 1.53211617 0.89597028 25.0
0.38004285 1.42391980 -0.98422235 25.0
-0.92121780 1.02096725 -1.33425546 25.0
1.24193370 1.33420324 1.13314664 25.0
-1.06367528 0.37644231 1.30590391 25.0
1.36373079 1.12575531 0.68399292 25.0
-1.33712244 -1.11856484 -0.98966515 25.0
1.24794161 -1.29150641 0.40308967 25.0
0.20943160 1.47610283 1.17428219 25.0
-0.65327018 -0.64066267 -1.16851234 25.0
0.39133272 -0.78651839 0.75884593 25.0
-1.15921485 -0.90189117 -1.66431785 25.0
1.34086478 -0.78917855 0.59007281 25.0
0.23637705 0.25621286 -1.20903099 25.0
-1.12059999 1.43610370 1.12573671 25.0
-1.03445828 0.67267603 -1.26619184 25.0
1.31501424 0.91878098 -1.33925343 25.0
0.23549704 0.07509022 -1.20900965 25.0
-1.40175629 0.78599775 0.56030554 25.0
1.15917778 -0.90189117 -1.66431785 25.0
1.36172986 -0.89775771 -0.64956450 25.0
0.66470015 -0.48586076 1.11597371 25.0
0.06830176 -1.50182939 -1.16751993 25.0
-1.40837836 0.36367458 0.49221927 25.0
1.11242497 -1.01592124 0.76505381 25.0
-1.27053976 -0.97283500 -1.62694168 25.0
0.64243931 0.43027937 1.88362849 25.0
-1.32204199 1.28330100 -0.34795174 25.0
-1.34439564 -0.00447324 0.54454869 25.0
1.27739096 1.36537778 -0.65041614 25.0
1.38723004 -0.62793046 0.38502058 25.0
-0.98619920 -1.25489092 0.39413503 25.0
1.21228397 0.44911450 1.15863442 25.0
1.38414848 0.78598315 -0.60095108 25.0
-0.08700252 -0.33705896 1.50630355 25.0
1.20010448 -1.02956176 0.79286373 25.0
-1.37890434 0.87607521 0.48969179 25.0
-0.97614902 1.44726694 -0.38719806 25.0
1.08002841 -0.17519602 -1.16161478 25.0
-0.56875867 -0.99136752 -1.24896610 25.0
1.39884734 0.36483729 0.74600798 25.0
-0.81099629 0.31122357 1.71204174 25.0
0.43126786 -1.32910776 -1.15998054 25.0
-1.37030745 1.08250320 -0.33477443 25.0
1.20316589 1.42629743 1.09455085 25.0
-0.65479863 0.81721067 1.54458392 25.0
-0.41159603 -1.60377872 -0.50778043 25.0
-1.37665105 -0.86175501 0.27821404 25.0
-0.20072781 0.96639001 1.54509163 25.0
1.34600949 0.78598315 -1.31280959 25.0
0.10859824 -1.10287213 -1.24106252 25.0
0.10901909 1.15829623 -1.18422341 25.0
0.58351302 -0.01029289 -1.17404211 25.0
1.41357732 0.74010444 0.12321147 25.0
1.11705482 -0.94335705 0.81999236 25.0
-0.23676696 -0.09573628 -1.20898283 25.0
1.13958263 0.40878853 1.20888710 25.0
-1.28172541 0.48343673 1.12004888 25.0
1.17460930 1.18421340 -1.12194955 25.0
-0.58353907 0.16025582 -1.17404640 25.0
0.48969284 0.65653121 1.81949592 25.0
-0.50848979 1.04607487 1.37409866 25.0
-1.40995240 -0.38946095 -0.20241185 25.0
0.61470783 -1.32471728 -1.14353764 25.0
1.15436172 0.83691561 1.13279104 25.0
-0.35218224 1.52617729 1.01622772 25.0
-1.43191230 0.51398540 -0.03422067 25.0
0.36926758 1.47365010 -0.39847484 25.0
-0.76143527 -0.01043910 -1.16420388 25.0
-1.40754199 -0.46020734 0.14111914 25.0
-1.37396586 1.04192495 -0.33851185 25.0
0.57033336 -0.87971359 -1.23069763 25.0
-1.08438241 0.38815004 -1.16148460 25.0
-1.36664271 -1.00809872 -0.66192317 25.0
-0.28968623 -1.55513048 -0.19333532 25.0
0.06300159 0.43631101 2.11041403 25.0
-1.15260100 -0.12299426 0.83727735 25.0
-0.07572677 1.32623577 -1.18618762 25.0
-1.22130740 -0.39112163 -1.13993156 25.0
0.22284012 -0.11475683 1.88879383 25.0
0.21552721 1.51546669 0.14325534 25.0
1.40515673 -0.46020734 -0.19480596 25.0
-0.95455933 0.38321093 1.48396027 25.0
0.66470015 -0.48586076 1.11597371 25.0
1.33516264 -1.25130773 -0.76998621 25.0
0.96183312 0.05086694 1.37142897 25.0
1.28158188 -0.61329436 0.76353180 25.0
-0.93420625 1.12686479 -1.24909210 25.0
-0.86207658 1.42807543 -0.79454631 25.0
-0.70794642 1.43554139 -0.79574686 25.0
-0.21223685 1.52658963 0.78970224 25.0
-0.75560284 -1.11345088 0.49028310 25.0
-0.39582279 -0.93321484 0.70099407 25.0
1.22475541 1.12192917 1.10538650 25.0
0.16703524 -1.58311331 -1.03846276 25.0
-1.40121794 0.32494175 -0.12576874 25.0
-1.22186708 -0.42005649 0.73160911 25.0
0.39541525 -1.59283733 -0.25903293 25.0
-1.32937467 0.80039912 1.05354929 25.0
0.32813534 1.02741981 -1.19034600 25.0
0.81296015 -0.33328545 1.31654549 25.0
1.34291589 -0.62427145 0.69608730 25.0
-0.38274321 -0.11452796 1.86554885 25.0
0.59075111 0.39432809 -1.17378020 25.0
-1.35616386 -1.20627332 -0.52839828 25.0
1.39569366 0.15539245 0.25908285 25.0
-1.32429314 -1.04422975 -1.32962298 25.0
-1.37556088 -0.45655698 0.63852441 25.0
0.23581088 0.16151011 -1.20901394 25.0
-1.12962794 -1.32370722 0.40437597 25.0
-1.17851877 0.63029128 1.24487281 25.0
1.24193370 1.33420324 1.13314664 25.0
-1.09163034 -1.17815161 0.58183646 25.0
-1.39386880 0.07157128 0.21230809 25.0
-1.29672992 0.17137277 0.73197353 25.0
-0.77414066 0.41954577 -1.16362941 25.0
-0.92828661 1.02903724 1.19288361 25.0
-0.35568151 1.52600944 0.94617814 25.0
-1.39607215 -0.24902664 0.49797559 25.0
0.23075914 -0.74788094 0.79537159 25.0
-0.84407693 -1.56375861 -0.33353347 25.0
-1.33937395 0.38466552 -0.99387830 25.0
1.22212374 0.38622153 -1.13978493 25.0
-1.35520506 -0.82882786 -0.64397818 25.0
1.37159741 0.83168882 -0.59863591 25.0
-0.10808677 -0.78740066 -1.21612835 25.0
0.33152887 1.10467827 -1.18245625 25.0
0.84624135 -0.80564862 0.71506959 25.0
-0.37006071 1.51726842 0.38164181 25.0
1.31500220 -1.33834839 -0.34371179 25.0
1.40698922 0.51641673 0.94960874 25.0
-1.34205091 1.18126667 0.90432280 25.0
0.33209449 -0.87879980 -1.23299348 25.0
-0.50530291 -1.30565310 0.22710423 25.0
-0.98429340 -0.72820765 -1.16725230 25.0
0.33007547 1.06815982 -1.18568850 25.0
1.38129699 1.04192495 0.28861055 25.0
-0.97493190 1.49249148 0.65902215 25.0
-1.16155553 0.83596885 -1.73061836 25.0
0.28079590 -1.57956052 -0.92294413 25.0
-0.38033184 -1.42973602 -1.15255725 25.0
-0.37006071 1.51726842 0.38164181 25.0
0.39485815 -0.89533472 0.72525305 25.0
-0.55166745 1.35320878 -1.12500894 25.0
-0.39230219 -1.04517341 0.61035287 25.0
0.58831954 -0.46998814 -1.17169893 25.0
1.33761787 1.23464942 -0.11666506 25.0
-0.84778661 -0.98951954 0.60951144 25.0
-0.10867398 0.64279264 -1.20153892 25.0
1.32919157 1.28335679 0.09394800 25.0
-0.38505897 -1.17441463 0.45524868 25.0
-0.93935394 0.39019519 -1.16148460 25.0
-0.05462180 -1.61217678 -0.53150398 25.0
0.74929178 -1.53847909 -0.72854459 25.0
-0.33337396 0.31624570 2.10200238 25.0
-0.21550249 1.52073276 0.27762416 25.0
-1.36493707 -0.24539146 0.57482415 25.0
-1.08362055 -0.39264479 -1.16032028 25.0
1.34276938 1.00109589 -0.95656461 25.0
1.31645620 -0.52280504 0.71297818 25.0
1.42198062 0.45602334 0.78389126 25.0
-0.52980620 1.41848695 1.17982614 25.0
-0.77759099 -0.73662788 0.73747581 25.0
-0.61474478 -1.32471728 -1.14353764 25.0
-0.79481590 -0.85123557 -1.24302411 25.0
1.28744149 1.38461959 0.23991445 25.0
-1.00604618 -1.51421475 -0.49545279 25.0
0.36926758 1.47365010 -0.39847484 25.0
-0.81200814 0.90535861 1.30906010 25.0
-1.00812876 -0.18872359 1.12243271 25.0
-0.21741450 1.33552611 1.22650349 25.0
-1.41146660 0.38326538 0.66538262 25.0
-1.30971682 1.33083081 0.88897419 25.0
1.28729224 1.38699961 0.49034908 25.0
-0.48575988 0.58748347 1.88797534 25.0
-1.41875982 0.41073900 0.16161390 25.0
-1.36807942 -0.53376955 0.65324503 25.0
-0.19755043 0.72936594 1.81937099 25.0
1.25820553 0.92000371 -1.62838256 25.0
0.07074090 1.50689936 -0.03478833 25.0
-0.48575988 0.58748347 1.88797534 25.0
-1.16581488 1.04624367 -1.57756162 25.0
-1.34542012 0.47078928 1.03767347 25.0
0.91656655 -1.02389598 0.58459395 25.0
-0.65669030 1.04131424 1.32300985 25.0
-1.04477251 1.06227648 1.15433097 25.0
-0.66208869 1.51401937 0.99895561 25.0
1.30106151 1.20533299 1.07530522 25.0
-0.84205264 -1.02623177 0.57574975 25.0
1.42800832 0.64607859 0.31468523 25.0
1.21097994 -0.53986090 -1.13742185 25.0
1.40411639 0.69662738 -0.61484730 25.0
1.41691816 0.41073900 -0.05424656 25.0
1.40705490 -0.17402151 -0.09970713 25.0
-0.82145548 0.76799381 1.42826033 25.0
0.85740095 -1.34660828 0.15878160 25.0
1.32162952 1.28693533 0.90217394 25.0
-1.38104022 -0.09425238 -0.77960807 25.0
-0.98403788 -0.94725215 -1.57871425 25.0
-0.71881992 1.21043527 -1.14870131 25.0
1.37893927 0.24738958 -0.69399852 25.0
-1.21457875 -0.59968346 0.76550907 25.0
-0.86087084 -0.11360353 1.47478569 25.0
-1.31891584 -1.11812174 -1.28163350 25.0
0.96183312 0.05086694 1.37142897 25.0
0.48238945 0.52771074 1.94122469 25.0
1.35461521 0.59377599 1.08905387 25.0
-1.39366293 -0.01114395 -0.31940219 25.0
0.40716976 -1.60840094 -0.31754768 25.0
-1.34685290 0.71051246 1.07646275 25.0
-0.34339258 -1.37083399 0.12453535 25.0
1.37497675 -0.38581541 0.62431198 25.0
1.17844415 -1.39073122 0.24067138 25.0
-1.11709189 -0.94335705 0.81999236 25.0
1.28643537 -0.89409095 0.80521423 25.0
1.22149515 -0.25000414 -1.14287746 25.0
0.84201556 -1.02623177 0.57574975 25.0
-1.08382237 -0.25090069 -1.16138101 25.0
-0.79312187 -1.20040226 -1.20971572 25.0
-1.33080161 1.23822927 0.90305662 25.0
-1.33080161 1.23822927 0.90305662 25.0
0.06848575 -1.31633019 0.24690203 25.0
0.69592679 1.48729420 -0.02707221 25.0
1.38712418 -0.97166693 0.20228148 25.0
0.92154253 -0.26157710 1.24744511 25.0
-0.49055323 -1.58650017 -0.25124660 25.0
0.99223727 -0.82544184 -1.37974811 25.0
-1.36635828 0.91878098 -0.32493410 25.0
-0.77305204 -0.95851535 0.64374214 25.0
1.11705482 -0.94335705 0.81999236 25.0
-0.55234277 -0.78397381 0.74431843 25.0
-1.32413805 -0.86178201 -1.28278065 25.0
-0.32515612 1.17875218 -1.18120623 25.0
-1.00016546 0.58764642 -1.16389775 25.0
-0.96924126 -1.50620675 -1.01010752 25.0
-1.24793243 0.34930068 1.00712645 25.0
-0.94686460 0.64718515 -1.18135846 25.0
1.29267812 0.00650595 0.65482771 25.0
1.30584431 0.89046317 1.03225207 25.0
-0.56875867 -0.99136752 -1.24896610 25.0
1.03344142 -1.07847369 0.64103597 25.0
-0.40672141 -1.56983912 -0.81712288 25.0
-1.08362055 -0.39264479 -1.16032028 25.0
0.99478483 -0.73800939 0.76932198 25.0
-1.37116623 0.91878098 -0.10778452 25.0
1.43292081 0.58041060 0.32949302 25.0
1.18314207 0.95831370 1.09336507 25.0
1.40216410 0.78598511 0.28707394 25.0
0.99088871 -1.45462036 0.14937927 25.0
-1.05452037 -1.20713055 -1.30826914 25.0
1.22227323 -0.34936374 0.73325634 25.0
1.15636277 -1.01276910 -1.74286020 25.0
0.86764246 1.20502460 -1.14240098 25.0
0.33007547 1.06815982 -1.18568850 25.0
-0.76142108 0.15936461 -1.16420805 25.0
-0.07577489 -0.74934727 0.80584872 25.0
-0.07048397 1.52742839 0.66215682 25.0
-1.15980136 -0.19804248 0.79813421 25.0
-0.07294449 1.39954114 -1.11836946 25.0
1.03413391 -1.31009161 0.37310049 25.0
0.10864480 -1.02797222 -1.25507140 25.0
0.16600858 -1.60000539 -0.58646137 25.0
0.06729669 1.53396749 1.03628504 25.0
-1.27017248 -0.36131829 0.71035761 25.0
-1.38267326 -1.04422975 0.17561905 25.0
0.96936733 -1.10988772 0.53477842 25.0
-0.48434067 0.31503850 2.04860544 25.0
0.23581088 0.16151011 -1.20901394 25.0
1.36618733 1.12575531 0.36846837 25.0
1.09393227 0.57209063 1.32834733 25.0
0.45938799 -0.64132601 -1.18527305 25.0
1.31699657 0.84610587 1.04387558 25.0
0.06382668 0.59274101 1.98019266 25.0
-0.33119300 -0.99077988 -1.25334656 25.0
1.39694405 0.24738958 -0.17877556 25.0
0.56821692 -1.10331750 -1.23563862 25.0
0.32967514 0.43396685 2.06608462 25.0
1.15095901 -1.20078123 -1.32365453 25.0
1.16123664 -0.86675245 -1.59729230 25.0
1.15500402 -0.48628762 0.73742294 25.0
-0.84415537 -1.52900565 -0.90114188 25.0
-1.41017759 -0.24902664 -0.24877982 25.0
-0.80801404 0.95029646 1.28324521 25.0
-0.34470522 0.96347111 1.52643824 25.0
0.35214528 1.52617729 1.01622772 25.0
-0.37085903 1.38154244 1.20619380 25.0
1.38414848 0.78598315 -0.60095108 25.0
0.92763299 -0.91460079 0.67327249 25.0
1.20208061 -0.92011845 0.86830956 25.0
-0.91492474 -1.46849287 -1.10943902 25.0
-1.25367379 0.39034873 1.04914141 25.0
-1.03445828 0.67267603 -1.26619184 25.0
-0.93561435 -0.17579187 -1.16161478 25.0
-1.36664271 -1.00809872 -0.66192317 25.0
0.66529018 -1.16562843 0.43597516 25.0
1.17734003 0.79004079 -1.67475259 25.0
-0.92035693 -0.77139258 0.72965103 25.0
0.33900267 0.82392234 1.69658554 25.0
1.15914989 -0.58768463 0.75302750 25.0
-1.37701178 0.87608272 0.68902349 25.0
1.35568416 0.91878098 -0.61235934 25.0
-0.98062450 1.01584589 -1.51566076 25.0
1.04451728 1.01088130 -1.63688135 25.0
-0.58353907 0.16025582 -1.17404640 25.0
1.36313188 1.04192495 -0.61748272 25.0
-0.06877119 1.09739757 1.36336994 25.0
1.26821828 1.11017466 1.08157301 25.0
-1.37360430 -0.82882786 0.15419519 25.0
-0.98251903 1.44534624 1.13621211 25.0
-0.84806472 1.47954726 -0.02674287 25.0
-0.37800452 -1.22171295 0.38373268 25.0
1.15095901 -1.20078123 -1.32365453 25.0
1.10574543 0.66950339 -1.29848349 25.0
1.29484808 1.26228487 1.07148290 25.0
1.08378530 -0.25090069 -1.16138101 25.0
1.39377105 -0.32015088 -0.71630025 25.0
0.39485815 -0.89533472 0.72525305 25.0
0.94329029 0.41718954 -1.16117072 25.0
1.35894167 1.08608758 0.90010279 25.0
-0.07317534 -0.11491878 1.90524209 25.0
0.39781839 -1.60022783 -0.27988401 25.0
-0.59078813 0.39432809 -1.17378020 25.0
-1.32888269 -0.79185092 -0.96927047 25.0
0.23794226 0.37678051 -1.20890582 25.0
1.38443148 -0.93478662 0.17488503 25.0
-1.40091026 0.36442626 -0.32766831 25.0
-1.36664271 -1.00809872 -0.66192317 25.0
-0.51791316 1.51901805 0.86990637 25.0
1.40888715 -0.24902664 0.40337771 25.0
0.86083376 -0.11360353 1.47478569 25.0
-1.37846124 0.87605220 0.09143429 25.0
-0.97514921 0.64556760 1.38085485 25.0
0.37332496 1.33153236 1.21210563 25.0
0.63700908 0.52662539 -1.17137229 25.0
-1.32024312 1.23325431 -0.65345609 25.0
-0.23865426 -0.25518000 -1.20863354 25.0
-1.36831117 -1.08065569 -0.42233551 25.0
-1.31625795 1.32687271 0.28453305 25.0
0.56509513 0.85230815 -1.19839513 25.0
0.06885205 -0.03261684 2.01085067 25.0
-1.37989974 -0.53789467 -0.69277614 25.0
-0.37075919 1.17533338 1.24192441 25.0
0.06639960 0.05316449 2.08896494 25.0
0.40838039 -0.17749926 -1.19074106 25.0
-1.36613393 -1.11879838 0.23769480 25.0
0.97434044 -1.06775165 0.58454490 25.0
-0.85112959 -0.95310700 0.63804281 25.0
1.11595142 -0.40201336 0.79438657 25.0
-0.06386369 0.59274101 1.98019266 25.0
1.32805717 -0.09431075 -1.03298163 25.0
-0.07549816 -0.89961892 0.74996942 25.0
1.27794504 1.27402401 1.10227823 25.0
-0.92983621 -1.19704306 -1.26939523 25.0
-0.97130489 0.76314586 1.29638994 25.0
-0.40720674 -1.60840094 -0.31754768 25.0
-0.93065017 -1.52748442 -0.08406692 25.0
-0.28901070 -1.29049790 -1.18008220 25.0
-1.39125752 0.74371481 0.95194167 25.0
-1.33810329 1.23464942 0.70753074 25.0
-1.39376986 -0.09425238 -0.51182991 25.0
0.84770656 1.49734235 0.37698695 25.0
0.07803530 -0.47363141 -1.21941531 25.0
-0.08783287 -0.64178801 -1.21611369 25.0
0.48430365 0.31503850 2.04860544 25.0
1.19560647 0.35866842 1.08982050 25.0
0.58667630 0.33374986 -1.17404008 25.0
-1.00016546 0.58764642 -1.16389775 25.0
0.56841958 0.64645708 -1.18396711 25.0
0.22786333 -0.78870952 0.77377486 25.0
0.10874359 -0.95229262 -1.25409949 25.0
0.22284012 -0.11475683 1.88879383 25.0
0.38784763 -1.12762547 0.51716059 25.0
0.16670460 -1.61957979 -0.42844954 25.0
0.88793737 1.30207491 -1.12765205 25.0
-1.35031879 1.17768526 0.70097572 25.0
-1.14599407 0.92348462 -1.74570680 25.0
0.91481751 -1.24173450 -1.16521931 25.0
-1.08896935 0.41501844 -1.16117072 25.0
1.38834620 -0.01114395 -0.51500070 25.0
-0.79081428 -1.13936996 -1.24584341 25.0
0.39485815 -0.89533472 0.72525305 25.0
-0.72857904 -0.67106354 0.80488646 25.0
-0.37579906 1.27304780 1.21772575 25.0
0.79367870 -1.34234142 0.12584424 25.0
-1.16743124 -0.26912493 0.77507263 25.0
0.81113714 -1.56408083 -0.21888325 25.0
-0.20870391 -1.31369817 0.24137063 25.0
0.07071750 1.52394032 0.27884290 25.0
1.05727839 1.48937845 0.95839548 25.0
0.09484772 -1.29300272 -1.19220757 25.0
0.41251013 -1.61288548 -0.41282204 25.0
0.71449929 1.41255498 -0.96166724 25.0
-0.08514336 0.52887338 -1.21683741 25.0
-1.33974898 1.23464942 0.53473359 25.0
1.36846435 -0.86175501 -0.38649371 25.0
0.16648775 -1.61894572 -0.37292126 25.0
-1.37250757 0.69894308 -1.24294460 25.0
1.40888715 -0.24902664 0.40337771 25.0
-0.53269428 -1.56297195 -0.73019117 25.0
0.37002370 1.51804256 0.50562078 25.0
-1.38252866 -0.09344587 0.45044565 25.0
0.95124203 0.46351475 -1.16057158 25.0
0.53120989 1.17120337 1.22632563 25.0
0.93850356 -0.81420875 -1.24812067 25.0
1.19295669 0.03025694 0.83980870 25.0
-0.53124690 1.17120337 1.22632563 25.0
-0.76992416 -0.84666562 0.71087831 25.0
0.09700088 0.58947158 -1.20935524 25.0
1.15579903 -1.12184823 -1.59142566 25.0
1.42021573 0.45645753 -0.29810214 25.0
1.21228397 0.44911450 1.15863442 25.0
-1.10439992 1.47840142 0.27799565 25.0
0.40498903 -0.01019628 -1.19087315 25.0
1.27271795 -0.86334020 -1.50853729 25.0
0.78039998 0.98265344 -1.22230244 25.0
0.19409266 0.31727469 2.12844872 25.0
0.39605412 1.31947625 -1.15602338 25.0
1.03999770 -1.04032552 0.68177080 25.0
1.42752004 0.64609116 0.14788286 25.0
-1.41875982 0.41073900 0.16161390 25.0
-0.65490413 -1.58869016 -0.45598128 25.0
0.88176918 0.59047174 -1.16369355 25.0
-0.83134329 -1.28239834 0.22266969 25.0
0.78653806 0.85113156 -1.22924590 25.0
0.10800151 0.85332203 -1.20554221 25.0
0.85122639 1.44266534 -0.58689201 25.0
-0.57161629 -1.22449732 -1.18142498 25.0
-0.75560284 -1.11345088 0.49028310 25.0
1.15713644 -0.97616005 -1.74417734 25.0
0.59968454 -0.54882950 -1.17040932 25.0
0.87898910 -1.19623423 0.36324763 25.0
1.33485699 0.36494792 -0.99411613 25.0
-0.44535464 0.52767587 -1.18738079 25.0
-0.97444057 0.97434354 -1.55739152 25.0
-0.59048295 -0.25380763 -1.17367578 25.0
-0.82335550 1.50432479 0.86611885 25.0
-0.21549219 1.52258086 0.51045346 25.0
-0.07872646 0.42543951 -1.22124362 25.0
-0.10867398 0.64279264 -1.20153892 25.0
1.17087078 -1.23781395 0.54209638 25.0
1.04084766 -0.33006558 0.95905221 25.0
-1.06393826 0.43919650 1.32746220 25.0
1.34586728 -0.89775771 0.58954358 25.0
-0.22978356 -1.01058936 0.65825093 25.0
1.05713439 1.08708680 -1.48056686 25.0
-1.16316819 -0.83782136 -1.52227890 25.0
-0.77141345 -0.32538024 -1.16342163 25.0
-0.97444057 0.97434354 -1.55739152 25.0
1.33971202 1.23464942 0.53473359 25.0
0.56859732 -1.13998687 -1.22384298 25.0
-1.19389164 0.74579757 -1.59292281 25.0
0.92979914 -1.19704306 -1.26939523 25.0
0.84472173 -0.77247614 0.72101361 25.0
1.37749052 -1.08065569 0.20773332 25.0
-1.15980136 -0.19804248 0.79813421 25.0
1.34983361 -1.00809872 -0.98619097 25.0
0.73501623 -0.73249036 -1.17090487 25.0
-0.52795142 -1.56693447 -0.90160900 25.0
1.10430765 1.48015320 0.52940774 25.0
0.57266629 -0.82998586 -1.22093570 25.0
-0.22790033 -0.78870952 0.77377486 25.0
1.37180746 0.87605220 -0.31141245 25.0
1.35568416 0.91878098 -0.61235934 25.0
1.32696068 -0.53847539 -0.99808079 25.0
-0.79026622 -1.10282528 -1.26044083 25.0
1.26891291 1.23498964 -0.96323079 25.0
-0.92983621 -1.19704306 -1.26939523 25.0
-0.26223198 -0.58186924 0.99812567 25.0
1.05094004 -0.93133146 0.77051514 25.0
-1.41146660 0.38326538 0.66538262 25.0
1.01956630 1.29577470 -1.12765205 25.0
-0.92533296 1.07023752 1.18965054 25.0
-1.28180718 1.21707726 1.10500193 25.0
-0.90939516 -1.06215131 0.54344994 25.0
-1.15980136 -0.19804248 0.79813421 25.0
0.99803394 -0.81088674 -1.30237532 25.0
-0.16261531 -1.59890389 -0.28039539 25.0
-1.39376986 -0.09425238 -0.51182991 25.0
-0.78399724 -1.43632126 0.01483741 25.0
0.07521099 -0.86139935 0.76777810 25.0
-0.94332737 0.41718954 -1.16117072 25.0
1.35531414 1.00468600 0.88732487 25.0
0.92979914 -1.19704306 -1.26939523 25.0
0.33152887 1.10467827 -1.18245625 25.0
-0.40190056 -1.60375094 -0.29442209 25.0
1.37353265 0.91878337 0.20584831 25.0
0.96058202 0.69441998 -1.26192117 25.0
0.21737748 1.33552611 1.22650349 25.0
0.57138467 -0.85086888 -1.22458518 25.0
-0.68161595 -0.03270318 1.78825247 25.0
-1.31649327 -0.52280504 0.71297818 25.0
0.99337918 1.09199810 -1.40123034 25.0
0.41163459 -0.19149508 1.74285793 25.0
-0.07567548 -0.93768787 0.72514969 25.0
0.79367870 -1.34234142 0.12584424 25.0
-0.16353528 -1.58196712 -0.93745297 25.0
1.27007043 -1.29581642 -1.00980425 25.0
-0.98225766 -1.05823398 -1.57513762 25.0
-0.06732083 1.52014482 1.12014270 25.0
-0.05369545 -1.58367002 -0.94771969 25.0
-1.38335907 -1.00809872 -0.14360444 25.0
1.35531414 1.00468600 0.88732487 25.0
-1.37128019 0.96016890 -0.12225396 25.0
-0.11174624 0.69658059 -1.19504678 25.0
-0.09703788 0.58947158 -1.20935524 25.0
-0.64440364 0.39065275 1.89910090 25.0
-0.34037617 0.69667649 -1.19444513 25.0
1.23105884 1.37588871 1.12831676 25.0
-0.99281687 -0.92054325 0.71422482 25.0
0.51497531 1.08792782 1.31444132 25.0
0.76777405 -0.17644460 -1.16407430 25.0
-1.29488516 1.26228487 1.07148290 25.0
1.26067424 0.96144402 -1.59917355 25.0
-1.08382237 -0.25090069 -1.16138101 25.0
-0.74610579 -1.53689516 -0.80844271 25.0
-0.37180635 1.46188772 -0.60260767 25.0
0.53428549 1.37671101 1.19290662 25.0
-0.97130489 0.76314586 1.29638994 25.0
0.56949079 -0.91545022 -1.24048233 25.0
-1.07442319 0.84676623 1.16441429 25.0
-1.32665884 -0.93478662 -1.33107316 25.0
1.14328206 0.43121573 1.22044277 25.0
-0.69898212 1.45022845 -0.58765012 25.0
1.40698922 0.51641673 0.94960874 25.0
-1.38139391 -0.93478662 -0.18286753 25.0
-1.11632371 -0.97978896 0.79414034 25.0
0.97611195 1.44726694 -0.38719806 25.0
-1.20999408 -0.20904297 0.73999536 25.0
1.31290591 -0.23448588 0.64063555 25.0
-1.35706115 -1.25246692 -0.15270583 25.0
1.35190725 1.17768526 0.08578435 25.0
0.64907515 -1.55055416 -0.72854459 25.0
0.50271928 0.05241069 1.99243772 25.0
-1.35616386 -1.20627332 -0.52839828 25.0
-1.30710566 -0.71750033 0.76029944 25.0
-1.41173100 -0.38946095 -0.03024778 25.0
0.07134514 1.33835196 1.23669136 25.0
-0.40720674 -1.60840094 -0.31754768 25.0
-1.33519971 -1.25130773 -0.76998621 25.0
0.10901909 1.15829623 -1.18422341 25.0
0.76139826 -0.01043910 -1.16420388 25.0
0.34033918 0.69667649 -1.19444513 25.0
-0.97493190 1.49249148 0.65902215 25.0
-1.37883437 -0.72116292 -0.02883622 25.0
-0.16353528 -1.58196712 -0.93745297 25.0
-1.40892410 -0.24902664 0.40337771 25.0
-0.41178414 0.42314935 -1.19028711 25.0
0.98655093 -1.19174385 -1.35988569 25.0
0.33163187 0.52964395 1.99318039 25.0
-0.64305311 0.47801086 1.85077107 25.0
-0.41745183 -0.55029291 -1.18719423 25.0
1.42800832 0.64607859 0.31468523 25.0
0.35564449 1.52600944 0.94617814 25.0
-1.09245765 0.70630091 1.25844228 25.0
1.36632133 0.91878098 -0.32493410 25.0
0.80797702 0.95029646 1.28324521 25.0
-1.08465803 -0.11534461 0.98102522 25.0
1.36313188 1.04192495 -0.61748272 25.0
-0.18441895 -1.55589414 -1.11533427 25.0
-0.79527694 -1.22241914 -1.18434262 25.0
0.99177414 -0.95699090 0.68801081 25.0
-1.28738880 1.38659716 0.37688518 25.0
-0.41082489 -1.59343445 -0.56752753 25.0
1.17046475 1.08308291 -1.48776877 25.0
-0.96097183 -1.29808855 0.31990793 25.0
1.24784338 -1.39258492 -0.81246263 25.0
-1.40561771 0.38483000 0.77649111 25.0
1.37350774 -0.86175501 -0.19670846 25.0
-0.81200814 0.90535861 1.30906010 25.0
-0.92748159 1.06127357 -1.30901933 25.0
-0.08357754 -0.26560095 1.64674568 25.0
-0.06872673 1.53211617 0.89597028 25.0
-0.98225766 -1.05823398 -1.57513762 25.0
0.79367870 -1.34234142 0.12584424 25.0
-0.86430889 1.31354392 1.18670607 25.0
1.35248685 1.17768526 0.26994964 25.0
-0.51791316 1.51901805 0.86990637 25.0
1.43282557 0.51326340 0.62264639 25.0
-0.81452245 0.69641966 -1.20672011 25.0
0.20928824 1.52889192 0.88897264 25.0
-0.19888079 0.92072374 1.60469735 25.0
-1.37768066 -0.93478662 0.39468804 25.0
1.37598312 -0.93478662 -0.39007586 25.0
1.19618881 0.19535565 0.94275475 25.0
-0.22978356 -1.01058936 0.65825093 25.0
1.17046475 1.08308291 -1.48776877 25.0
-0.57037032 -0.87971359 -1.23069763 25.0
-1.40132129 -0.09425238 0.05408145 25.0
-1.28864157 0.67364013 1.14285958 25.0
1.16766012 1.46554077 1.00010931 25.0
-0.07567548 -0.93768787 0.72514969 25.0
-1.38835692 0.15546027 -0.43731543 25.0
1.34086478 -0.78917855 0.59007281 25.0
1.42793882 0.45628801 0.35132205 25.0
-1.37250757 0.69894308 -1.24294460 25.0
1.32834196 1.28335679 0.71168095 25.0
-1.33549464 -1.29516816 -0.43375620 25.0
1.39902663 -0.09425238 -0.31309232 25.0
-1.37950516 -1.04422975 -0.16169080 25.0
-0.89645320 -1.15006173 0.43303773 25.0
1.09159327 -1.17815161 0.58183646 25.0
-0.25797054 1.27325797 -1.17685807 25.0
-1.32296121 -0.01109721 -1.03324425 25.0
1.34862494 -0.93478662 -0.97926092 25.0
1.15436172 0.83691561 1.13279104 25.0
1.22475541 1.12192917 1.10538650 25.0
-1.33610451 -1.29516816 0.00279860 25.0
0.75958842 -1.56301868 -0.16914849 25.0
1.31260455 -1.33834839 -0.04887851 25.0
-0.64291233 -1.55457973 -0.89994061 25.0
-1.16127372 -0.86675245 -1.59729230 25.0
0.11221485 0.67422879 -1.19756103 25.0
-1.05731547 1.48937845 0.95839548 25.0
-0.79210156 -0.91559714 -1.26522362 25.0
-0.18441895 -1.55589414 -1.11533427 25.0
-0.29556990 0.59019059 -1.19879019 25.0
1.15914989 -0.58768463 0.75302750 25.0
-1.31572497 1.32599092 0.08763145 25.0
-1.32959390 1.28335679 0.54311967 25.0
-1.34935796 -0.08910255 0.54214120 25.0
0.48815724 0.22255357 2.05629611 25.0
0.23061253 1.32343459 -1.17368793 25.0
1.41244960 -0.24902664 0.11621965 25.0
1.25718546 -0.50920963 0.72726381 25.0
0.33145717 -1.17314339 -1.21138597 25.0
0.79308480 -1.20040226 -1.20971572 25.0
-0.76992416 -0.84666562 0.71087831 25.0
-1.33949494 1.23464942 0.09101005 25.0
1.35264039 -0.97166693 0.58176112 25.0
-0.79061717 -1.02855062 -1.27604878 25.0
-0.41148597 -1.61230016 -0.35725969 25.0
1.41410124 0.74010527 0.28979421 25.0
0.86659628 1.25582421 1.19049549 25.0
1.15766335 -0.80563098 -1.35208881 25.0
0.94682175 1.48594427 1.07708371 25.0
-0.22296698 1.36203086 -1.15868020 25.0
0.93120843 -0.73165059 0.73286897 25.0
-0.94499010 -1.20151925 0.40527350 25.0
1.36532152 -0.93478662 -0.65436554 25.0
-1.36727393 -0.78917855 0.38981834 25.0
1.22997928 0.73572981 1.15034008 25.0
0.39541525 -1.59283733 -0.25903293 25.0
-1.22335041 0.77971846 1.12682688 25.0
-1.16581488 1.04624367 -1.57756162 25.0
-0.99482191 -0.73800939 0.76932198 25.0
0.93283778 0.33018610 -1.16174197 25.0
-0.80175567 0.99356759 1.26654541 25.0
-1.03417099 -1.31009161 0.37310049 25.0
-1.18676579 -1.14624429 0.66775471 25.0
-0.72857904 -0.67106354 0.80488646 25.0
-0.99807101 -0.81088674 -1.30237532 25.0
1.43370581 0.51398540 0.16820545 25.0
1.17297697 -0.33839202 0.76418644 25.0
0.16294816 -1.60637915 -0.30034721 25.0
-1.28959405 -1.19511795 -1.21362484 25.0
-0.86663324 1.25582421 1.19049549 25.0
1.10436285 1.47840142 0.27799565 25.0
-1.43165243 0.58004272 0.60899848 25.0
0.33216849 0.80581731 -1.19848275 25.0
0.37502256 1.21973455 1.22535968 25.0
-1.35494709 -1.25246692 -0.27753770 25.0
-1.20014143 -1.02956176 0.79286373 25.0
-0.92790842 -1.16937041 -1.30820858 25.0
-0.66208869 1.51401937 0.99895561 25.0
1.38129699 1.04192495 0.28861055 25.0
1.36744130 -0.97166693 -0.65669191 25.0
1.32021105 0.87605220 -1.34280396 25.0
-1.12910235 0.92697304 1.11631310 25.0
-1.32414615 -1.25246692 0.25254455 25.0
1.33146393 0.83168882 -1.33391285 25.0
-1.04088473 -0.33006558 0.95905221 25.0
0.71878296 1.21043527 -1.14870131 25.0
1.40012860 -0.32015088 0.52159351 25.0
-0.21505189 1.47805870 -0.40588278 25.0
0.85632485 -1.23907411 0.29383236 25.0
-0.82146418 0.05145833 1.64652872 25.0
1.09115577 1.14385116 1.15322697 25.0
0.07071412 1.52579212 0.51387298 25.0
-0.33446532 -0.81306595 -1.21624947 25.0
1.21934652 1.40452778 -0.62157696 25.0
-0.73213142 -1.57945287 -0.29334375 25.0
-1.36664271 -1.00809872 -0.66192317 25.0
-0.81449789 0.13530944 1.69354367 25.0
-0.94401634 0.94436550 1.18977797 25.0
-0.32515612 1.17875218 -1.18120623 25.0
1.21765208 1.42355013 -0.18862878 25.0
-0.65129960 -1.55965185 -0.64335954 25.0
0.20504463 1.53073931 1.02797341 25.0
-1.28888237 -1.04056275 0.72575068 25.0
1.16681361 1.34515941 1.15922713 25.0
0.45029196 -0.58028036 0.98472273 25.0
-1.35414863 0.25141799 0.69610196 25.0
1.37064314 -0.82882786 -0.19774128 25.0
-0.68500757 -0.96343100 0.65040147 25.0
-0.19625549 0.66093367 1.89157248 25.0
-0.50741321 1.52085388 1.00532722 25.0
1.41872275 0.41073900 0.16161390 25.0
0.44666004 -1.45958591 -0.03321466 25.0
-0.68521267 -0.92629939 0.67682785 25.0
-1.04438663 -1.12641370 -1.58097959 25.0
0.28079590 -1.57956052 -0.92294413 25.0
-1.32505322 -0.82896256 -1.24891043 25.0
0.23581530 -0.01012050 -1.20900965 25.0
-0.10878060 -0.95229262 -1.25409949 25.0
1.28643537 -0.89409095 0.80521423 25.0
-1.37368715 -0.78917855 0.14670697 25.0
0.59130502 -1.54062152 -1.07361996 25.0
-1.37968504 -1.00809872 0.39281413 25.0
-1.15439868 0.83691561 1.13279104 25.0
1.35531414 1.00468600 0.88732487 25.0
-0.69570029 1.50517952 0.37700388 25.0
1.32735085 1.28335679 -0.11843206 25.0
-1.31630111 1.32726812 0.42425808 25.0
-0.98062450 1.01584589 -1.51566076 25.0
-1.25475073 0.85948247 1.08150458 25.0
-0.89847529 -0.57326442 0.82501715 25.0
-1.40132129 -0.09425238 0.05408145 25.0
0.86051905 -1.52441657 -0.02923735 25.0
-0.62308872 -0.26369411 1.56642342 25.0
0.32919127 -0.78870666 -1.20743334 25.0
-1.27059877 -0.43202701 0.71724391 25.0
0.06561656 -1.37731826 0.13424674 25.0
1.37076890 -0.78917855 -0.20535614 25.0
0.84450471 1.49971390 0.64351672 25.0
-0.56952780 -0.91545022 -1.24048233 25.0
0.95691508 0.47196719 1.47009063 25.0
-0.71682554 0.59170389 -1.17036152 25.0
1.07521379 -0.09468289 -1.16171825 25.0
1.18350148 1.45957363 0.95563358 25.0
0.58881950 -0.19097489 1.69412971 25.0
-0.40867880 0.37557819 -1.19077075 25.0
-1.32024813 0.87605220 -1.34280396 25.0
0.56820029 -1.06590188 -1.24365664 25.0
1.39850891 -0.53742445 0.39853287 25.0
0.93557733 -0.17579187 -1.16161478 25.0
-1.13323534 1.36298978 -1.04136467 25.0
-1.30547607 1.29767120 1.01911402 25.0
-1.16685081 1.34515941 1.15922713 25.0
0.33163187 0.52964395 1.99318039 25.0
0.34149629 0.91793776 1.58524740 25.0
-1.34295309 -0.62427145 0.69608730 25.0
-0.07317534 -0.11491878 1.90524209 25.0
-0.68377268 -0.88871294 0.70060384 25.0
-1.08896935 0.41501844 -1.16117072 25.0
-0.89847529 -0.57326442 0.82501715 25.0
0.28597495 -1.61419618 -0.47196415 25.0
0.07769789 -0.09585904 -1.22181618 25.0
0.23672996 -0.09573628 -1.20898283 25.0
0.92529601 1.07023752 1.18965054 25.0
1.37407577 -1.08065569 -0.20206715 25.0
0.53331351 1.50567734 0.14339505 25.0
1.33708537 -1.11856484 -0.98966515 25.0
-0.10906075 1.13585603 -1.18139803 25.0
0.96477860 1.15221477 1.17565596 25.0
-1.40995240 -0.38946095 -0.20241185 25.0
-1.28715146 1.38729119 0.65178394 25.0
0.79665822 -0.83050543 -1.23421729 25.0
1.36894810 -1.11879838 -0.25685015 25.0
0.95817071 0.13421994 1.42312288 25.0
1.38100314 -0.09425238 -0.77960807 25.0
-0.85636193 -1.23907411 0.29383236 25.0
-0.32908127 0.85290188 -1.20258057 25.0
-1.07586563 -0.54198831 -1.15814495 25.0
1.41321838 0.38393852 0.35024425 25.0
1.38954020 0.83169162 0.27068985 25.0
-0.06872673 1.53211617 0.89597028 25.0
-1.39011455 -0.62793046 0.13445930 25.0
-1.36747849 -0.97166693 -0.65669191 25.0
0.65323317 -0.64066267 -1.16851234 25.0
0.79327565 -0.87998211 -1.25256181 25.0
1.11250722 1.39390993 -0.94598603 25.0
1.27013540 -0.36131829 0.71035761 25.0
-1.10434842 1.47941744 0.38677418 25.0
-1.31615579 1.32734871 0.53840470 25.0
1.18314207 0.95831370 1.09336507 25.0
-1.35330117 0.45722345 -0.98927855 25.0
-0.20325102 1.01036263 1.48241961 25.0
0.07071412 1.52501416 0.38702768 25.0
0.82586128 -0.66771650 0.76739693 25.0
-1.36664271 -1.00809872 -0.66192317 25.0
1.17473698 0.69675797 1.21281195 25.0
0.64633214 0.52521443 1.81254470 25.0
-0.11225186 0.67422879 -1.19756103 25.0
-1.43246508 0.58046067 0.16230150 25.0
0.98459572 -0.77766198 0.76991856 25.0
1.35427392 0.52702469 1.07149172 25.0
-0.84667724 1.46615219 -0.20802067 25.0
-1.08006549 -0.17519602 -1.16161478 25.0
-1.22335041 0.77971846 1.12682688 25.0
0.56737798 -1.36891973 -1.14115369 25.0
-1.33391321 -0.46072853 -0.99971431 25.0
0.34187937 0.67514586 -1.19446349 25.0
0.67853242 -1.03738964 0.58799142 25.0
-1.24316204 -0.06507489 0.72427028 25.0
0.85122639 1.44266534 -0.58689201 25.0
-0.65327018 -0.64066267 -1.16851234 25.0
0.28225884 -1.57387054 -0.82941234 25.0
-0.80684495 0.44772089 1.67498910 25.0
0.19751343 0.72936594 1.81937099 25.0
-1.17737722 0.79004079 -1.67475259 25.0
-1.37883437 -0.72116292 -0.02883622 25.0
1.10310984 -1.39940715 -1.11027181 25.0
1.41231382 -0.24902664 0.27684587 25.0
0.93931687 0.39019519 -1.16148460 25.0
1.40527368 -0.17402151 -0.28523725 25.0
0.34187937 0.67514586 -1.19446349 25.0
-1.15439868 0.83691561 1.13279104 25.0
1.32200491 1.28330100 -0.34795174 25.0
0.37002370 1.51804256 0.50562078 25.0
-0.56894821 1.31485593 -1.13963020 25.0
-0.76438838 -0.09514357 -1.16417801 25.0
1.38933814 0.83170998 0.53176427 25.0
1.42752004 0.64609116 0.14788286 25.0
0.51787615 1.51901805 0.86990637 25.0
0.07841216 -0.32905221 -1.22102666 25.0
0.79367870 -1.34234142 0.12584424 25.0
-0.07807232 -0.47363141 -1.21941531 25.0
-1.35616386 -1.20627332 -0.52839828 25.0
0.56353426 1.02631795 -1.18727255 25.0
0.82037824 -0.63886654 -1.15871513 25.0
1.31699657 0.84610587 1.04387558 25.0
0.07809586 0.37763125 -1.22173834 25.0
-0.40722153 0.33502096 -1.19087112 25.0
-0.93005520 0.25154361 -1.16176474 25.0
1.38045108 0.78960347 0.94420648 25.0
0.06382668 0.59274101 1.98019266 25.0
0.99568844 1.14161575 -1.25827456 25.0
1.21957886 1.43388546 0.00104447 25.0
-0.33337396 0.31624570 2.10200238 25.0
0.20500545 1.51694512 1.11104608 25.0
1.31126666 -1.33834839 -0.45706034 25.0
-0.80729073 -1.19942737 0.35405731 25.0
-1.10622811 -0.80052841 0.87368470 25.0
0.54707140 -1.12392056 0.50566983 25.0
0.95506972 -0.63608205 -1.15626574 25.0
0.21737748 1.33552611 1.22650349 25.0
-0.64305311 0.47801086 1.85077107 25.0
1.32103038 -1.20348227 -1.00031281 25.0
0.93120843 -0.73165059 0.73286897 25.0
-0.89700961 -1.28747857 0.26109451 25.0
0.65433466 0.65347224 1.69810188 25.0
-0.65129960 -1.55965185 -0.64335954 25.0
-0.35946995 1.52433527 0.87908357 25.0
-1.04352820 -0.82142889 0.82020354 25.0
0.08354054 -0.26560095 1.64674568 25.0
0.49808666 0.96006203 1.49014282 25.0
-0.06373855 0.31800288 2.14716220 25.0
0.58577621 -0.09536897 -1.17401600 25.0
1.22444212 -1.33468807 0.33610415 25.0
1.37879729 -0.72116292 -0.02883622 25.0
0.78954518 -0.57610202 0.90365231 25.0
0.10727429 0.89911801 -1.20699358 25.0
1.07446110 -0.63333845 -1.15626574 25.0
1.04349113 -0.82142889 0.82020354 25.0
0.74985290 -1.57925510 -0.37672606 25.0
1.37037480 1.00109589 -0.33853301 25.0
-1.34280658 1.00109589 -0.95656461 25.0
1.37037480 1.00109589 -0.33853301 25.0
-1.27918327 -1.11513221 0.64170581 25.0
1.28710556 1.38021088 0.05055396 25.0
-1.42797589 0.45628801 0.35132205 25.0
0.78954518 -0.57610202 0.90365231 25.0
1.23789966 0.94653577 1.06961346 25.0
0.84802765 1.47954726 -0.02674287 25.0
-1.23693383 0.55188960 1.20350754 25.0
1.39359951 0.15546027 -0.24050733 25.0
0.65043592 0.58472610 1.76146328 25.0
-0.88797444 1.30207491 -1.12765205 25.0
-0.37657461 1.44708598 -0.81493151 25.0
1.29459739 -1.33814633 -0.79794097 25.0
0.63700908 0.52662539 -1.17137229 25.0
-1.37309611 0.96016890 0.04445579 25.0
0.07739618 0.16191734 -1.22184753 25.0
0.35214528 1.52617729 1.01622772 25.0
-1.27017248 -0.36131829 0.71035761 25.0
-0.33219528 1.13476694 -1.18082952 25.0
-0.10905610 1.15829623 -1.18422341 25.0
-0.07108480 1.46935737 -0.61997718 25.0
-0.23860981 -0.39985111 -1.20753443 25.0
-1.06202734 0.41704959 1.32245278 25.0
-1.18986773 -0.78519708 -1.22836864 25.0
1.39603519 -0.24902664 0.49797559 25.0
-0.65438205 0.91049695 1.44763517 25.0
-1.41537142 0.69620436 -0.30600101 25.0
0.38784763 -1.12762547 0.51716059 25.0
-0.07088463 1.18137419 1.26719952 25.0
0.98425633 -0.72820765 -1.16725230 25.0
-0.50758159 0.59120673 -1.18385971 25.0
1.10147357 1.43788826 -0.38738647 25.0
1.32020605 1.23325431 -0.65345609 25.0
-0.65684617 -1.52568138 -0.15061708 25.0
1.18790233 0.91561639 1.09442949 25.0
-1.31866193 -1.15752268 -1.24766862 25.0
1.38712823 0.83168882 -0.06956114 25.0
0.92411512 0.84830689 -1.36592948 25.0
-1.31709874 0.37953684 0.95632172 25.0
1.04903626 -0.87053031 -1.58678579 25.0
0.92991447 -0.87815988 -1.34730482 25.0
-1.04680490 -1.18673801 -1.42012358 25.0
0.76777405 -0.17644460 -1.16407430 25.0
-0.07088463 1.18137419 1.26719952 25.0
-0.30480006 -0.73070627 -1.20269001 25.0
-0.34903839 1.00731564 1.46460319 25.0
0.39505187 -1.37346113 -1.15756631 25.0
-0.83029509 1.45235384 1.13810492 25.0
0.79665822 -0.83050543 -1.23421729 25.0
-1.29420412 1.34091270 1.00628173 25.0
-0.32817236 1.02741981 -1.19034600 25.0
1.26821828 1.11017466 1.08157301 25.0
-1.20326471 -0.63103098 -1.13502562 25.0
0.92154253 -0.26157710 1.24744511 25.0
-1.15544319 -1.08567882 -1.65951324 25.0
1.21454167 -0.59968346 0.76550907 25.0
1.34291589 -0.62427145 0.69608730 25.0
-1.35616386 -1.20627332 -0.52839828 25.0
1.36618733 1.12575531 0.36846837 25.0
0.06428913 0.22473943 2.15513110 25.0
-1.28188980 1.08180511 -1.41400743 25.0
0.81416905 0.52464610 -1.16201472 25.0
1.37701654 1.08250320 0.04896248 25.0
-0.79501277 1.03547418 1.25324619 25.0
-0.07743320 0.16191734 -1.22184753 25.0
1.34932089 -0.08910255 0.54214120 25.0
0.09700088 0.58947158 -1.20935524 25.0
-1.15368748 -1.45169246 -0.67799443 25.0
1.31383264 1.32496905 -0.12599859 25.0
-0.69130808 1.41209960 1.17215657 25.0
-0.57562089 -1.58395481 -0.26062778 25.0
-0.58111495 0.72367615 -1.19171381 25.0
0.33641100 0.22344504 2.10979080 25.0
-0.05462180 -1.61217678 -0.53150398 25.0
1.38654077 -1.00809872 0.30190253 25.0
-0.99165821 -1.36736798 0.27037391 25.0
0.33345291 -0.82883865 -1.22242665 25.0
1.42793882 0.45628801 0.35132205 25.0
1.10665655 -1.05234945 0.73120636 25.0
-0.20814338 -1.49916112 -1.15519488 25.0
0.86203951 1.42807543 -0.79454631 25.0
1.39569366 0.15539245 0.25908285 25.0
1.37706316 1.00109589 0.03365778 25.0
-1.40300000 0.32494175 0.06792996 25.0
-0.05436020 -1.58891797 -0.67968452 25.0
-0.27925298 -1.59640324 -0.26956317 25.0
-1.23656869 -1.18465757 -1.36337399 25.0
-1.32117605 0.07172261 -1.02619398 25.0
1.32977319 1.28335679 0.28919956 25.0
0.41001272 0.39580593 -1.19060791 25.0
-1.43408060 0.51360345 0.48744765 25.0
1.40684736 0.74012554 -0.30870011 25.0
-1.27059877 -0.43202701 0.71724391 25.0
-0.84415537 -1.52900565 -0.90114188 25.0
-1.20771658 0.66832244 -1.31222665 25.0
-0.70511955 1.26285291 1.19574845 25.0
-1.18317914 0.95831370 1.09336507 25.0
0.07084762 1.18137419 1.26719952 25.0
-0.50972116 -1.59640896 -0.28513759 25.0
-1.37962866 -0.89775771 -0.01397058 25.0
-0.41167161 -0.19149508 1.74285793 25.0
-0.11174624 0.69658059 -1.19504678 25.0
1.37516773 1.08250320 -0.12551190 25.0
-0.51998264 -0.03265465 1.91704798 25.0
1.07661796 -1.46217978 0.09160752 25.0
-0.41159603 -1.60377872 -0.50778043 25.0
0.79523987 -1.22241914 -1.18434262 25.0
-1.40981233 -0.38946095 0.43021303 25.0
1.36632133 0.91878098 -0.32493410 25.0
-0.19412966 0.31727469 2.12844872 25.0
0.23857278 -0.39985111 -1.20753443 25.0
-0.16604558 -1.60000539 -0.58646137 25.0
-0.07317534 -0.11491878 1.90524209 25.0
-1.22600114 0.49452135 1.18468380 25.0
1.30967975 1.33083081 0.88897419 25.0
-1.39187884 -0.01082134 0.33144030 25.0
-1.32150781 1.12563157 -0.94262391 25.0
1.33708537 -1.11856484 -0.98966515 25.0
-1.14272356 0.12331199 0.99356890 25.0
0.23861726 -0.25518000 -1.20863354 25.0
-1.37368822 -1.04422975 -0.39541605 25.0
-0.23006596 -1.37736619 -1.17525172 25.0
1.26968610 -1.00931287 -1.62560654 25.0
1.05003750 -0.96776336 0.74447525 25.0
1.00617754 1.36803007 -1.06149316 25.0
1.13984168 1.09277248 1.12628675 25.0
1.36618733 1.12575531 0.36846837 25.0
0.79497564 1.03547418 1.25324619 25.0
1.00184870 1.39898145 -0.95889395 25.0
1.41014051 -0.24902664 -0.24877982 25.0
-0.10887874 -0.91406804 -1.24601817 25.0
0.56923890 -1.17320013 -1.21024871 25.0
-0.93005520 0.25154361 -1.16176474 25.0
-1.33906758 -1.29516816 -0.31247139 25.0
-1.23193192 1.41721892 1.05592477 25.0
1.15670907 1.12985778 -1.30387211 25.0
1.39165199 0.24738958 -0.38476303 25.0
0.99163091 -1.21274304 -1.26974940 25.0
-0.75955594 -1.07075226 0.54025179 25.0
-1.43278313 0.58026028 0.47235849 25.0
-1.02213120 -1.46201026 -1.09736025 25.0
1.31611872 1.32734871 0.53840470 25.0
0.75485063 -1.57643723 -0.45214158 25.0
-0.07075450 1.52394032 0.27884290 25.0
-0.65669030 1.04131424 1.32300985 25.0
-0.99595290 -1.49751580 -0.75992024 25.0
1.32410920 -1.25246692 0.25254455 25.0
-0.58111495 0.72367615 -1.19171381 25.0
1.07087636 0.46711674 1.33148623 25.0
1.37037480 1.00109589 -0.33853301 25.0
-1.40291893 0.64944959 0.97231984 25.0
1.00600910 -1.51421475 -0.49545279 25.0
-1.37309611 0.96016890 0.04445579 25.0
1.41272497 0.38411888 0.14909950 25.0
-1.39100945 0.32490352 0.67982316 25.0
0.68231660 1.16589630 1.21084654 25.0
1.37765908 1.08250320 0.31962919 25.0
0.90603828 -0.66403562 0.73851711 25.0
1.05937231 1.13612723 -1.29193950 25.0
-1.37295198 -1.11879838 0.13300663 25.0
0.54303163 -1.17055035 0.44453588 25.0
-0.71613401 -1.24961841 0.29185420 25.0
1.35871923 1.12569952 -0.33229989 25.0
1.40527368 -0.17402151 -0.28523725 25.0
-1.06994402 0.04808464 1.11087108 25.0
1.43420243 0.51388991 0.34050304 25.0
0.39578581 -0.93321484 0.70099407 25.0
1.37363923 0.96016997 0.18142122 25.0
-0.33838800 0.72389424 -1.19265819 25.0
-0.67856938 -1.03738964 0.58799142 25.0
-1.14792931 1.28980076 -1.10721660 25.0
0.54112929 1.26858544 1.20415497 25.0
-1.22301090 -0.32147434 -1.14136422 25.0
0.81915241 0.58133560 1.57785690 25.0
-1.27487838 0.83280152 -1.61693275 25.0
-0.19412966 0.31727469 2.12844872 25.0
-1.05007458 -0.96776336 0.74447525 25.0
-1.17898369 1.14595735 -1.19507599 25.0
-1.31703365 0.84610587 1.04387558 25.0
-1.33664358 -1.16090620 0.37228903 25.0
-1.05430019 1.10318720 1.15199184 25.0
0.33345291 -0.82883865 -1.22242665 25.0
0.98782408 -0.99313968 0.65930706 25.0
1.39872074 0.24738958 0.00117994 25.0
1.18983066 -0.78519708 -1.22836864 25.0
-1.40754199 -0.46020734 0.14111914 25.0
-1.39972305 0.78600258 0.74702615 25.0
-0.85734874 -1.41188335 -1.12425089 25.0
1.38135684 -0.93478662 -0.18286753 25.0
-0.39231822 -0.82033139 0.75276959 25.0
1.10991967 0.64128029 -1.20788741 25.0
1.01432133 1.39611816 1.16612577 25.0
-1.33712244 -1.11856484 -0.98966515 25.0
1.20363641 0.42178625 1.14113331 25.0
-1.27198851 -1.39381146 -0.20874639 25.0
0.48401850 -1.36639428 0.12198830 25.0
1.07988214 -0.46405101 -1.15942264 25.0
-0.53337419 1.49401140 -0.02838922 25.0
-1.39964318 -0.53742445 -0.02649820 25.0
-1.33870292 -0.24928075 -1.01846027 25.0
1.37952936 -0.72116292 0.13881287 25.0
1.27484119 0.83280152 -1.61693275 25.0
0.21264803 1.13709581 1.29425085 25.0
1.43059349 0.58046067 -0.03612227 25.0
-1.29781485 1.32302439 -0.66438490 25.0
0.94189101 -0.33175066 1.13695824 25.0
-1.41248655 -0.24902664 0.11621965 25.0
0.92834491 -0.91361934 -1.37447548 25.0
1.40877879 0.64694041 -0.61822045 25.0
-1.34627020 -1.04422975 -0.98772329 25.0
0.41144899 -1.61230016 -0.35725969 25.0
-1.27723348 1.04287791 -1.49099159 25.0
0.55003035 -0.11426962 1.81512296 25.0
-0.77033824 -0.39602134 -1.16277730 25.0
-0.36930457 1.47365010 -0.39847484 25.0
-0.90596849 -1.44614279 0.11931530 25.0
-1.35688305 -0.17008641 0.55354851 25.0
0.16703524 -1.58311331 -1.03846276 25.0
-1.16103709 -1.46364117 -0.23796169 25.0
1.39977443 0.78598315 -0.06601125 25.0
1.37076890 -0.78917855 -0.20535614 25.0
-1.37520480 1.08250320 -0.12551190 25.0
-0.55953723 -0.74340272 0.76515222 25.0
0.67853242 -1.03738964 0.58799142 25.0
-1.34378469 1.08316481 -0.93799585 25.0
1.25363672 0.39034873 1.04914141 25.0
1.20322764 -0.63103098 -1.13502562 25.0
0.56129056 0.89787692 -1.19927979 25.0
-0.53317231 1.51197529 0.37871480 25.0
-0.57142168 -0.85086888 -1.22458518 25.0
1.03442109 0.67267603 -1.26619184 25.0
0.32656357 0.98525816 -1.19603717 25.0
0.60577166 -1.56993115 -0.22853132 25.0
1.38883758 0.41622481 0.89835078 25.0
-1.26725757 1.39757097 0.95734996 25.0
1.02250683 -1.16613495 0.53155589 25.0
1.14328206 0.43121573 1.22044277 25.0
0.81856954 0.81257290 1.38861930 25.0
-1.09380567 -0.68087786 0.79290360 25.0
0.71678859 0.59170389 -1.17036152 25.0
0.75181699 -1.54753447 -0.64335954 25.0
0.95345348 -0.40338531 1.02341616 25.0
-1.22335041 0.77971846 1.12682688 25.0
-0.28633925 -1.61706376 -0.42073995 25.0
-0.74198884 -1.52179229 -0.08246820 25.0
0.80052525 1.11827910 1.20936120 25.0
1.39884734 0.36483729 0.74600798 25.0
0.31694046 -1.46378577 -0.03665553 25.0
-1.15674603 1.12985778 -1.30387211 25.0
0.36926758 1.47365010 -0.39847484 25.0
-1.27487838 0.83280152 -1.61693275 25.0
-1.37715197 1.00109744 0.41885757 25.0
-1.37247133 0.36983359 0.85188895 25.0
-1.22301090 -0.32147434 -1.14136422 25.0
-0.97867477 1.48908103 0.27313527 25.0
-0.85851455 1.36289978 1.18152976 25.0
-1.21938360 1.40452778 -0.62157696 25.0
-0.06509883 0.13855046 2.13691306 25.0
0.79058015 -1.02855062 -1.27604878 25.0
0.93061304 -1.52748442 -0.08406692 25.0
1.32020605 1.23325431 -0.65345609 25.0
0.37016386 1.49924350 -0.03064238 25.0
-1.39930367 0.46020734 0.92420304 25.0
-0.49055323 -1.58650017 -0.25124660 25.0
-1.37579346 -0.62793046 0.54076582 25.0
0.25111732 -1.33288324 -1.17769873 25.0
-0.68759549 -0.74034661 0.75043070 25.0
0.33270666 -0.84987092 -1.22584856 25.0
1.37661397 -0.86175501 0.27821404 25.0
0.05481951 -1.58492970 -1.04968417 25.0
-0.38007987 1.42391980 -0.98422235 25.0
0.53494316 -1.60374320 -0.34752855 25.0
1.03307271 -1.30679929 -1.13152313 25.0
-1.32040727 -0.30558953 0.65816981 25.0
1.40111101 -0.09425238 0.21819758 25.0
0.34149629 0.91793776 1.58524740 25.0
1.32775354 -0.97166693 -1.34224999 25.0
-1.19640505 0.28366354 1.01844859 25.0
0.32967514 0.43396685 2.06608462 25.0
1.16522217 -1.45872498 -0.38396043 25.0
-1.26071131 0.96144402 -1.59917355 25.0
0.40444252 0.07476634 -1.19087315 25.0
1.24728715 -1.33979440 -1.01478410 25.0
-0.85188836 -0.91639388 0.66441983 25.0
-1.38724196 -0.17402151 -0.76356637 25.0
0.57138467 -0.85086888 -1.22458518 25.0
0.77246904 -1.24656129 -1.16006267 25.0
-0.53319776 1.51091027 0.27430323 25.0
-0.53317231 1.51274669 0.50113600 25.0
0.79022920 -1.10282528 -1.26044083 25.0
-0.58111495 0.72367615 -1.19171381 25.0
-0.79061717 -1.02855062 -1.27604878 25.0
-0.48242643 0.52771074 1.94122469 25.0
-0.35218224 1.52617729 1.01622772 25.0
-0.22919108 -0.85970265 0.75736922 25.0
1.34600949 0.78598315 -1.31280959 25.0
1.38712418 -0.97166693 0.20228148 25.0
-0.39785537 -1.60022783 -0.27988401 25.0
1.41328657 0.74011093 0.57291025 25.0
0.58577621 -0.09536897 -1.17401600 25.0
1.09577227 -0.19050132 0.91782981 25.0
1.33869314 -1.11879838 0.43160430 25.0
-0.64716107 -0.33455566 1.43242240 25.0
-1.28557062 -1.33834839 0.13593525 25.0
-1.32922876 1.28335679 0.09394800 25.0
-1.38084102 0.39022496 0.87819153 25.0
0.28564218 -1.60792577 -0.51613367 25.0
0.55362874 -1.24995220 -1.16946101 25.0
0.60577166 -1.56993115 -0.22853132 25.0
-0.67291546 -1.56161869 -0.18373735 25.0
-0.33966464 0.87101972 1.64232051 25.0
0.78799355 -0.26273343 1.44336593 25.0
1.38712823 0.83168882 -0.06956114 25.0
-1.04260981 1.49088264 1.00630665 25.0
1.27739096 1.36537778 -0.65041614 25.0
-0.84774369 1.49810648 0.49991387 25.0
-0.81117421 -1.56408083 -0.21888325 25.0
-1.38724196 -0.17402151 -0.76356637 25.0
-0.78657508 0.85113156 -1.22924590 25.0
-1.37665105 -0.86175501 0.27821404 25.0
-0.79173863 -1.17247021 -1.22911823 25.0
0.85632485 -1.23907411 0.29383236 25.0
-1.41115522 -0.32015088 0.42283842 25.0
1.19837534 -0.88309067 0.88413376 25.0
-0.38289750 1.35795999 -1.14121616 25.0
0.92744452 1.06127357 -1.30901933 25.0
0.82715446 -0.48392963 1.03363633 25.0
-1.24988365 -0.14575885 0.70361662 25.0
1.40693307 -0.46020734 -0.02692086 25.0
0.39226517 -1.04517341 0.61035287 25.0
-1.24022651 0.51686788 -1.13668394 25.0
-1.36535847 -0.93478662 -0.65436554 25.0
0.39456695 -1.00775230 0.64486516 25.0
0.93213701 1.09740341 -1.28100216 25.0
1.38263619 -1.04422975 0.17561905 25.0
1.32425606 -1.04422975 -1.32962298 25.0
1.15365052 -1.45169246 -0.67799443 25.0
-1.37116623 0.91878098 -0.10778452 25.0
-1.23827732 1.36162603 -0.91878766 25.0
-0.97739697 1.45908642 -0.20802067 25.0
-1.20211768 -0.92011845 0.86830956 25.0
0.89641613 -1.15006173 0.43303773 25.0
0.05382588 -1.61180723 -0.31999508 25.0
-0.85953343 -1.54534328 -0.55239934 25.0
-0.06982963 1.13951290 1.30507946 25.0
0.98416317 0.84405726 -1.57381010 25.0
0.98248202 1.44534624 1.13621211 25.0
-1.40697014 -0.46020734 -0.02692086 25.0
0.95272321 0.89969462 1.20139992 25.0
1.36804235 -0.53376955 0.65324503 25.0
-0.40447950 0.07476634 -1.19087315 25.0
-1.18986773 -0.78519708 -1.22836864 25.0
1.29267812 0.00650595 0.65482771 25.0
-0.53448939 -1.57211590 -0.64484632 25.0
1.10991967 0.64128029 -1.20788741 25.0
-1.39594746 0.24692957 0.46861967 25.0
-1.31649327 -0.52280504 0.71297818 25.0
0.49808666 0.96006203 1.49014282 25.0
-0.88797444 1.30207491 -1.12765205 25.0
1.04495537 0.97982484 1.14599884 25.0
0.06337561 0.53246516 2.03582454 25.0
1.37921798 0.87606442 0.36096552 25.0
-0.20711923 1.53057098 0.95697564 25.0
1.14878786 0.96507394 -1.70981467 25.0
-0.37007838 1.51619983 0.27590159 25.0
0.91488767 -1.46849287 -1.10943902 25.0
-1.41311860 0.38339734 0.52524078 25.0
-0.33164081 -0.91464078 -1.24372423 25.0
1.38712931 -0.46020734 -0.69268292 25.0
0.24305075 -0.55149490 -1.20528078 25.0
1.39174521 0.07157128 -0.29375580 25.0
1.34086478 -0.78917855 0.59007281 25.0
0.07540549 -1.01259696 0.66772294 25.0
0.79926115 -0.81551009 -1.21467316 25.0
-0.08964806 -0.48963758 1.17140973 25.0
1.37563729 0.15546027 -0.72727060 25.0
1.26581609 -1.39407599 -0.12062313 25.0
-0.20508166 1.53073931 1.02797341 25.0
-0.51998264 -0.03265465 1.91704798 25.0
0.07267742 -1.43656528 -1.18264151 25.0
-0.58353907 0.16025582 -1.17404640 25.0
0.50526589 -1.30565310 0.22710423 25.0
1.41169393 -0.38946095 -0.03024778 25.0
1.20316589 1.42629743 1.09455085 25.0
0.10580973 -1.25465894 -1.19249165 25.0
0.82205075 0.64971286 1.52335370 25.0
-1.07552576 -0.03532791 1.04767025 25.0
0.65444434 -1.59152114 -0.39592427 25.0
-1.43191230 0.51398540 -0.03422067 25.0
-1.08816004 0.71324044 -1.49188566 25.0
0.85185122 -0.91639388 0.66441983 25.0
1.31760025 -0.63082445 -0.99220908 25.0
-1.26762772 -1.39283538 -0.38848951 25.0
1.35063577 -0.97166693 -0.98357671 25.0
1.37678778 -0.72116292 -0.20664580 25.0
-1.03311038 -0.47901142 0.81231099 25.0
0.55667824 -1.00445521 0.63176966 25.0
0.32919127 -0.78870666 -1.20743334 25.0
-0.05351487 -1.60813236 -0.30759674 25.0
1.23913515 0.10191125 0.79468679 25.0
-0.20981973 -0.03262411 1.99341321 25.0
-1.40742838 -0.17402151 0.24778050 25.0
-1.32293642 0.15571770 -1.01388562 25.0
0.18438193 -1.55589414 -1.11533427 25.0
-0.20946071 1.09506702 1.35199559 25.0
1.35702419 -1.25246692 -0.15270583 25.0
1.41417801 -0.32015088 0.13741259 25.0
-0.96481574 1.15221477 1.17565596 25.0
-1.36570215 -0.78927255 -0.39706540 25.0
-0.22422560 -1.17773831 0.46606734 25.0
-1.28165054 1.37041903 -0.36823413 25.0
0.97138655 -0.03287200 1.30117214 25.0
-0.07138215 1.33835196 1.23669136 25.0
-0.69307274 1.50756323 0.64056200 25.0
0.41844454 0.46985567 -1.18947792 25.0
-1.08348358 0.51365846 1.33515751 25.0
0.53204584 1.46850514 -0.39159998 25.0
1.24938881 1.32365036 -0.96064359 25.0
0.37014741 1.51094913 0.14332785 25.0
1.24794161 -1.29150641 0.40308967 25.0
-1.27918327 -1.11513221 0.64170581 25.0
-1.26832271 1.00242269 -1.55260611 25.0
0.58490294 0.25436157 -1.17406297 25.0
-1.37163448 0.83168882 -0.59863591 25.0
1.15636277 -1.01276910 -1.74286020 25.0
1.42562354 0.45642197 -0.04220615 25.0
-1.37501383 -0.38581541 0.62431198 25.0
1.24664009 0.58635408 -1.14281535 25.0
0.07804589 -0.17820407 -1.22170806 25.0
-1.41357923 0.51523012 -0.64254969 25.0
-1.34007561 1.23464942 0.28190047 25.0
0.19992645 -1.37463129 0.13022234 25.0
0.50968415 -1.59640896 -0.28513759 25.0
-0.69570029 1.50594759 0.49851447 25.0
-1.32892168 1.08313656 -1.22688484 25.0
-1.15784156 -0.93910015 -1.71570230 25.0
0.07739764 -0.01006686 -1.22184324 25.0
1.30881894 1.32403255 -0.35426372 25.0
-1.32450223 1.14008725 1.03146553 25.0
1.35790789 -1.25246692 -0.05310948 25.0
-1.18951094 1.04056036 1.09980404 25.0
0.07496858 -0.82424146 0.77812225 25.0
-0.06509883 0.13855046 2.13691306 25.0
-0.93144369 -0.09490130 -1.16171825 25.0
0.68755853 -0.74034661 0.75043070 25.0
0.78610653 -1.24248064 0.28596807 25.0
0.09786604 1.22060573 -1.19167972 25.0
1.39273584 0.38411888 -0.66446459 25.0
1.41328657 0.74011093 0.57291025 25.0
0.96055621 0.85366529 1.22624671 25.0
-1.42268538 0.69609874 0.29800159 25.0
1.07105982 -0.01079932 -1.16174412 25.0
-0.49631718 -1.28695810 -1.16294670 25.0
-0.55342954 -1.04174888 0.59769118 25.0
1.30827320 0.33854556 0.90705121 25.0
-1.31649327 -0.52280504 0.71297818 25.0
