0.78180915 1.09008038 -1.15767825 55.0
0.05706677 0.16243647 1.95528650 55.0
-1.31264925 -1.53140819 -0.00649853 55.0
1.02566218 -0.93048489 0.40081555 55.0
-0.90118837 -0.93945342 0.40342274 55.0
-0.09981322 -0.08026268 -1.16622746 55.0
1.40724385 -0.62701458 -0.19130300 55.0
-0.98133361 1.07761097 1.38846409 55.0
-0.80166638 -0.31837890 -1.11931694 55.0
-1.25412917 0.77782953 0.98570508 55.0
-0.96151644 -0.31185418 1.37979627 55.0
-1.36436355 1.08354402 -0.92349809 55.0
0.06062115 -0.16639319 1.37971318 55.0
0.46632239 -0.25383747 1.32794511 55.0
-0.46273926 -1.25324416 0.32645184 55.0
-1.05056036 0.83900499 -1.42851138 55.0
-1.35452306 1.22103786 -0.70415443 55.0
-1.30799127 -1.49096131 -0.99097836 55.0
-0.29706573 -1.40514970 0.27045098 55.0
0.52556044 0.82994044 1.48139453 55.0
1.39851654 -0.79218006 0.05479281 55.0
-1.41738594 0.82124877 -0.68841982 55.0
0.60134071 1.09163368 -1.14588249 55.0
-0.52737230 -0.24563807 -1.14015651 55.0
0.57452649 0.24271983 1.54367149 55.0
0.90822309 0.74729258 1.51496089 55.0
0.21174058 0.49282518 1.85684037 55.0
0.89214742 0.69092262 1.44865739 55.0
-0.92709434 -0.74028116 0.60617536 55.0
-1.42733467 0.72972220 -0.69508362 55.0
1.01732838 -1.37157655 0.26877114 55.0
-1.33914030 0.48537236 -0.96680659 55.0
-1.02751493 -1.44755292 0.23021783 55.0
-1.28455067 1.28316975 -0.94255650 55.0
-1.14705586 0.17807961 -1.08172154 55.0
0.93521255 1.46618247 0.15057805 55.0
0.70612055 -1.19680703 0.33752266 55.0
-1.04560065 -1.29186094 -1.09265554 55.0
-0.43289053 0.84513503 1.55889678 55.0
0.49138272 0.09691120 -1.14043534 55.0
1.37726033 -0.97910184 -0.14949670 55.0
0.26075473 -0.91336024 0.42131633 55.0
1.36932778 -0.38275164 -0.02896315 55.0
-1.00588846 -0.08805860 1.43685734 55.0
-1.05826175 -0.25574988 1.31333530 55.0
0.93059254 1.20485020 -1.15946162 55.0
-0.42784038 0.84571552 1.61817455 55.0
-0.38264605 -0.10036992 1.68602598 55.0
-0.96988004 -0.00493869 1.49646306 55.0
1.28928411 -0.45621851 -0.96589065 55.0
1.27041447 0.87062258 -1.37926126 55.0
-0.09696247 0.52631915 1.84964490 55.0
-0.92098755 0.15998299 1.43265045 55.0
-1.31549466 0.08994432 -0.96805060 55.0
1.37872183 -1.31046224 -0.04773988 55.0
-0.87350273 1.37158275 -1.09407759 55.0
-1.00722373 -0.46963406 1.08058238 55.0
0.91095746 0.07905677 1.51887202 55.0
1.11157203 0.49855873 1.24562335 55.0
1.37052333 -1.41291869 -0.28773433 55.0
1.09495223 -1.56608713 -1.04415214 55.0
1.37149823 0.43688846 -0.49115989 55.0
1.25431907 -0.98151278 -1.38664031 55.0
0.91192484 0.77091038 -1.19887841 55.0
1.14991605 1.14270031 1.12922442 55.0
1.14768159 0.97508836 1.26194572 55.0
1.01788843 1.21931052 1.14703953 55.0
1.13640022 1.19694304 -1.10398018 55.0
0.62316298 0.00806843 -1.13076186 55.0
0.53721809 1.40237153 0.64503628 55.0
-1.07503402 1.44352293 0.23570594 55.0
1.32568109 0.72918230 0.59446156 55.0
-1.04878449 -1.08388746 0.36021155 55.0
-0.29371381 -1.54343367 -1.12010169 55.0
-0.52792192 0.28476784 -1.14045119 55.0
-1.39610434 -1.26255071 0.08477800 55.0
0.93783838 0.49453759 1.52309549 55.0
-1.38345969 -1.16876304 0.12753850 55.0
1.13581491 1.23621356 -1.06451535 55.0
0.37295920 0.41047037 -1.14908826 55.0
-1.13862526 1.08693838 1.31892204 55.0
-0.53197753 -0.03460001 1.79604888 55.0
0.37032372 -1.09671104 -1.17163122 55.0
0.23422085 -0.83523154 0.48659667 55.0
-1.34287488 1.36910427 -0.03473961 55.0
-0.85312259 -1.64641261 -0.78331923 55.0
1.22560143 1.43532860 0.07904738 55.0
-1.42662537 -0.86651975 -0.20209518 55.0
1.24332428 1.43515921 -0.04369057 55.0
-1.40366912 -0.31175777 -0.18047902 55.0
-1.44576132 0.72918117 0.12921157 55.0
1.12196493 1.09448969 -1.35204744 55.0
1.38633835 -0.83279258 -0.51490122 55.0
1.37476528 -0.97910184 -0.32112500 55.0
1.12479115 -1.61327493 -0.76582575 55.0
-1.29906201 0.71229655 -1.19187272 55.0
0.86056316 -0.80014521 -1.14607656 55.0
0.57502133 -0.99052483 0.39540979 55.0
1.32150710 0.69671172 -1.10569334 55.0
-0.54677510 0.82712328 1.61297691 55.0
1.03060997 -1.31287301 0.29509190 55.0
1.35976803 -1.09073830 -0.33049783 55.0
-1.13603139 -1.20191789 -1.24628174 55.0
0.96580958 -1.64158964 -0.54735398 55.0
-1.35381436 0.99966615 -1.18178558 55.0
-1.36699712 -0.90339702 -1.17201757 55.0
1.38262272 -0.94132549 0.06208348 55.0
-0.09869803 0.60584229 1.81896818 55.0
-0.89580536 -1.01590407 0.38658234 55.0
-0.95917398 -1.15753496 -1.31178546 55.0
-1.42304277 -0.90339702 0.17288643 55.0
0.90822309 0.74729258 1.51496089 55.0
-1.02902400 1.06367123 -1.41138458 55.0
0.76653171 -0.16437089 -1.11981046 55.0
1.31330037 0.91353673 0.58775896 55.0
-0.81858200 1.13233519 -1.15471268 55.0
1.13722885 -0.91188782 -1.41646290 55.0
-1.42035460 -0.72492039 -0.72605139 55.0
-1.37050450 1.04158735 -0.92899901 55.0
-1.29427707 0.96007043 -1.38770127 55.0
-1.21936321 -0.88757426 0.39984962 55.0
-0.92709434 -0.74028116 0.60617536 55.0
-0.11447290 -1.34536541 0.29859504 55.0
-1.15638947 0.39433697 -1.08164573 55.0
1.11819720 -1.02607894 -1.47486818 55.0
-1.44182420 -0.62701458 -0.34197557 55.0
-0.45683792 -1.54331625 -1.11408889 55.0
-1.42801380 -0.83279258 -0.35813645 55.0
-1.05144775 0.40230563 1.39718938 55.0
1.22676635 -1.51455891 0.08929147 55.0
-1.40056479 0.40962160 -0.49120843 55.0
-0.95262885 0.41298977 1.53633273 55.0
-1.05144775 0.40230563 1.39718938 55.0
0.69159150 1.42310035 -1.09369171 55.0
-0.81940627 1.17021120 -1.14872980 55.0
-0.72131473 0.48028186 1.40831232 55.0
1.36179948 1.04158735 -0.48050204 55.0
0.81989288 -1.65066421 -0.67439789 55.0
1.36006296 -0.83242774 -0.93435121 55.0
-1.44072533 -0.72251201 -0.04923451 55.0
0.82152617 -1.60142267 -0.05597593 55.0
-1.39928973 0.08948088 -0.49124867 55.0
-1.04686713 -0.09901889 1.36124098 55.0
-0.95872509 0.95694894 1.49576354 55.0
0.42593440 -0.01539087 1.87308061 55.0
0.87175703 -0.86760199 -1.20433211 55.0
-1.40585005 -0.16207834 -0.16918604 55.0
1.08300447 0.10743643 1.23019814 55.0
-1.36228490 1.22203147 0.18996198 55.0
1.15123534 -0.84935337 0.42415789 55.0
1.27899790 0.17610243 -0.96805310 55.0
0.90209568 1.40327406 0.49793795 55.0
1.38635457 0.77436376 -0.69009238 55.0
0.06542091 -0.09896972 1.69393396 55.0
-0.15477540 0.77653253 -1.17055416 55.0
-1.34839523 0.95729661 0.57474214 55.0
-0.41650593 0.46001974 -1.14872253 55.0
0.11473623 1.20296788 -1.15554702 55.0
-0.40711412 -1.17388320 -1.16182947 55.0
-0.72213650 -1.60349524 -1.07997966 55.0
1.39468372 -0.83279258 0.05129828 55.0
1.24975801 -1.01892996 -1.38565731 55.0
1.36405540 0.40962160 -0.49120843 55.0
1.21886766 1.12851799 0.86922419 55.0
1.36769187 -1.05342746 -0.13982852 55.0
1.34222448 -1.06985414 0.24267930 55.0
-1.02902400 1.06367123 -1.41138458 55.0
0.11264966 1.24525487 -1.14721942 55.0
1.27959847 1.22028983 0.40687549 55.0
-1.05730999 -0.89203924 0.41414660 55.0
0.65646189 0.24928987 1.41093647 55.0
-0.41093585 0.91046745 -1.17658210 55.0
-0.40238544 1.24516678 -1.13960791 55.0
0.56997776 0.97420859 1.43096769 55.0
0.66624272 0.34546462 1.41225302 55.0
-0.52785528 -0.08026639 -1.14041543 55.0
0.25342947 1.19849539 1.35731363 55.0
0.68562692 -1.60349524 -1.07997966 55.0
-1.39158690 1.08340847 -0.48020807 55.0
-0.92164510 -0.09469466 1.40477049 55.0
0.79051238 -0.54736686 -1.11718154 55.0
-0.46150476 -1.06936312 0.37724602 55.0
-0.11240724 -1.15540135 0.35328570 55.0
1.11649561 1.45800185 -0.03671072 55.0
-0.39880741 -0.58513761 0.95739716 55.0
0.72174603 -1.33710527 0.29608515 55.0
-1.00590229 0.15742086 1.46396220 55.0
-0.97417957 -0.92712772 -1.35323882 55.0
-1.41927350 -0.86651975 -0.51472366 55.0
0.91339129 -0.24918526 1.42067194 55.0
0.94065917 1.00124359 1.43426991 55.0
1.37017941 -0.08037129 -0.01093640 55.0
-1.05826175 -0.25574988 1.31333530 55.0
-1.40120411 -1.31025517 -0.64218128 55.0
-1.22584653 -0.45098531 0.79674852 55.0
1.40454400 0.77425891 0.12857130 55.0
1.22271180 1.08738601 0.91364014 55.0
-0.89681876 -0.90060115 0.41689104 55.0
-0.92542511 -0.25566515 1.35835016 55.0
1.10589182 1.18154132 -1.16586602 55.0
-0.36729196 0.07078928 1.94438863 55.0
0.89369714 0.41981760 1.44077873 55.0
0.27236268 -1.41140950 -1.13314831 55.0
1.38250220 -0.94132549 -0.03518797 55.0
-0.72884315 0.64697921 1.41519129 55.0
0.81686175 -0.83081502 -1.16290605 55.0
1.14213073 -0.63293207 -1.07714403 55.0
1.37859499 -1.31046224 -0.13739926 55.0
-0.41188160 -0.93999034 -1.17169750 55.0
1.28490496 0.38689357 0.58706325 55.0
-1.20130265 0.00834730 0.96414125 55.0
-0.44433495 -1.67442131 -0.69455200 55.0
-1.41540742 -0.79266173 -0.71711916 55.0
-1.38145113 -1.41278672 -0.83597225 55.0
0.06673966 0.84332520 1.69440174 55.0
-0.95262885 0.41298977 1.53633273 55.0
-0.80332291 0.18287510 -1.11991155 55.0
0.76515675 -0.31837890 -1.11931694 55.0
-1.38749969 -1.17293847 0.04994117 55.0
-0.94656938 0.61071771 1.51011169 55.0
-1.40759015 0.40962160 -0.16467887 55.0
0.22449879 -0.09295519 1.51163471 55.0
-1.13214850 -0.81324983 -1.20177984 55.0
-0.10765006 1.40455639 0.65484345 55.0
0.37999636 0.46001974 -1.14872253 55.0
0.40944764 1.26914442 1.19223273 55.0
-0.55426550 0.82631999 1.54855072 55.0
1.32735980 0.67778784 0.59443748 55.0
0.99100542 -1.44755292 0.23021783 55.0
0.88864106 0.95222205 1.45357990 55.0
-0.15386975 0.81475151 -1.17563713 55.0
0.91476589 0.67213911 1.54418445 55.0
-0.65967256 0.00806843 -1.13076186 55.0
0.96518159 1.35846782 -1.08335590 55.0
0.37999636 0.46001974 -1.14872253 55.0
1.04195905 -0.03865783 1.30815184 55.0
-0.95221061 0.47200963 1.53567791 55.0
-1.41738594 0.82124877 -0.68841982 55.0
-1.36436355 1.08354402 -0.92349809 55.0
0.82577020 -1.31346881 -1.11104441 55.0
0.82314855 1.00662792 1.42391455 55.0
1.41180408 0.61052799 0.12830535 55.0
1.33701098 -1.12968326 -0.73895770 55.0
0.22553946 -0.10499386 1.60775602 55.0
0.40223509 1.35893035 0.83034545 55.0
-0.25982335 -0.47182405 -1.15671551 55.0
0.93521255 1.46618247 0.15057805 55.0
-0.59919691 1.48995781 -0.02000541 55.0
-0.25726682 -0.58517802 0.96337825 55.0
-1.32648647 -1.26597655 -0.96997797 55.0
-1.18561673 -0.73015475 -1.08175611 55.0
-1.03211415 1.21356177 -1.12200010 55.0
-0.94681782 1.32203293 0.81272769 55.0
-1.25060737 -0.52990991 0.71170282 55.0
-1.17210293 0.88588047 1.25854266 55.0
1.27722514 -0.86920345 -1.29955661 55.0
-0.09456945 0.34873381 1.90566432 55.0
0.97112346 1.47250104 -0.04151224 55.0
-1.38669741 1.08340847 0.22126570 55.0
1.13725948 1.43626320 0.19655792 55.0
-0.40010637 -0.68482119 0.76452404 55.0
0.39750472 1.44054508 0.50641918 55.0
0.60847396 -0.93992138 -1.16224468 55.0
-0.70275223 0.34546462 1.41225302 55.0
1.31188560 0.95729661 0.57474214 55.0
1.37026954 0.34884015 -0.01093815 55.0
-0.28234670 0.84956092 1.50737941 55.0
-0.74020571 -1.53397381 -1.09984696 55.0
0.07267327 0.84992504 1.46157968 55.0
0.70083094 1.48682821 -0.07859572 55.0
-0.72367913 0.50804704 1.40886855 55.0
-1.05383801 -1.37157655 0.26877114 55.0
1.40965557 0.61073327 -0.31983107 55.0
0.33668843 0.16200279 1.93921375 55.0
-0.10193045 -0.09896972 1.69393396 55.0
0.25025347 -1.67973661 -0.57639945 55.0
1.15377295 1.10329580 1.18697846 55.0
-0.15080681 -1.05811667 -1.18048036 55.0
1.00884807 1.25968242 0.99581754 55.0
0.25154608 -1.66794121 -0.36982584 55.0
1.19758689 1.27325165 0.56480181 55.0
1.37509263 0.86806476 -0.68785620 55.0
0.11556349 0.91053325 -1.18441427 55.0
0.25212902 -1.64301968 -0.24424478 55.0
1.37551200 0.99966723 -0.01728762 55.0
-0.91959059 -1.01300728 -1.26484728 55.0
-0.82949561 0.34333307 1.40452218 55.0
-0.91383511 -0.66941416 0.74890971 55.0
1.02760875 0.73068869 1.40738714 55.0
-0.15386975 0.81475151 -1.17563713 55.0
0.93337053 -0.00493869 1.49646306 55.0
-1.41376984 -0.97910184 -0.14949670 55.0
0.44899002 0.25094804 1.88650513 55.0
0.79313236 -0.39615682 1.21530795 55.0
0.95409578 1.47077560 0.07671320 55.0
0.90565234 0.07749460 1.48674524 55.0
-0.95776945 -0.31625459 -1.10838461 55.0
0.69003737 1.22652817 1.27282119 55.0
-0.45082769 1.19839251 1.34848499 55.0
1.39543724 -0.62701458 0.19848473 55.0
0.20656198 0.34870496 1.89929116 55.0
0.06014200 -0.40589657 1.23789608 55.0
-0.94721103 0.33921462 1.50680506 55.0
-0.84092432 0.52290136 1.40279245 55.0
-1.00433111 -0.00835098 1.44614744 55.0
-0.40010637 -0.68482119 0.76452404 55.0
1.27423632 -1.56819999 -0.74632007 55.0
-1.38455725 1.12497234 -0.47989753 55.0
1.11059248 0.27321655 -1.08173358 55.0
-0.94584459 -0.16738318 1.45258558 55.0
1.29046667 -1.55621219 -0.27892363 55.0
0.26409119 -1.34528160 0.29763049 55.0
0.49086267 -0.24563807 -1.14015651 55.0
-1.22103775 -0.96325403 0.37831002 55.0
1.38596284 0.86806476 -0.48155326 55.0
0.63077170 1.33962548 -1.11659896 55.0
-1.15638947 0.39433697 -1.08164573 55.0
-0.52891374 -0.68402505 0.76076287 55.0
-0.94840121 0.16218297 1.52830803 55.0
1.16399848 -1.36782706 -1.06243992 55.0
-1.32893860 1.40423965 0.05702667 55.0
0.62316298 0.09599812 -1.13076186 55.0
0.81167525 -1.64380634 -0.89715642 55.0
1.31533885 1.33070552 -0.02438532 55.0
-0.90900213 -0.57067376 0.93777162 55.0
-0.26100832 -0.09295519 1.51163471 55.0
-1.44120789 0.67813218 -0.48551920 55.0
0.77137238 -1.35690260 -1.10769975 55.0
1.30426860 -0.93551034 0.34202081 55.0
-1.12616432 -1.60247374 -0.98769981 55.0
-1.16931832 0.83907861 1.25529325 55.0
-1.31560802 -0.31175777 0.54932332 55.0
0.78716040 -0.09780490 1.36579943 55.0
-1.35801089 0.77426410 0.59382457 55.0
-1.42761695 -0.86651975 0.04989291 55.0
0.90666318 0.16187520 1.49624944 55.0
-0.90122592 1.32024932 -1.09639585 55.0
-1.08588481 -0.77821106 0.51160878 55.0
-0.15067895 -1.13575554 -1.17578828 55.0
0.80608481 0.77527010 -1.15744078 55.0
1.30951095 -0.71833986 0.45161301 55.0
0.97157532 -1.61528516 -0.28929973 55.0
0.78949058 1.44702959 0.37310898 55.0
0.90665269 -0.08860951 1.46846771 55.0
1.38172734 -0.94132549 -0.17786814 55.0
0.88731867 -0.97380191 -1.25840926 55.0
-0.95311111 0.78939748 1.54971457 55.0
-1.17956376 0.54926628 -1.07973504 55.0
1.14707804 0.83060300 -1.42422128 55.0
1.34802794 -1.21957910 -0.33634362 55.0
1.36235321 -1.09073830 -0.17418626 55.0
1.35544753 -1.35448444 -0.82231349 55.0
-1.40168548 -1.05342746 -0.30742610 55.0
-0.65944326 -0.16507718 -1.13066316 55.0
-1.37999403 1.12497234 0.21334271 55.0
-1.39928973 0.00475620 -0.49124867 55.0
1.00091863 -1.25509644 -1.12270820 55.0
0.87249267 -0.57067376 0.93777162 55.0
-0.98133361 1.07761097 1.38846409 55.0
0.41224754 -1.64289427 -0.24149626 55.0
-0.15220091 -0.90281904 -1.17405820 55.0
1.03055930 0.75577891 -1.30300939 55.0
-1.40630472 0.00475620 -0.16468275 55.0
0.07442638 -1.48092782 0.23195720 55.0
1.35066986 -0.23890565 0.28457236 55.0
0.60756558 -0.90269870 -1.15687382 55.0
1.32402623 -0.94132549 -1.18720305 55.0
-0.94681782 1.32203293 0.81272769 55.0
0.11569139 -0.90281904 -1.17405820 55.0
-0.33033064 -1.36520803 -1.13498759 55.0
0.98776805 -1.14794016 -1.36812937 55.0
0.60160571 -1.20838988 -1.14638650 55.0
0.67815495 -1.54344571 0.16397271 55.0
-1.16647315 0.92381483 -1.48305273 55.0
-1.31560802 -0.31175777 0.54932332 55.0
-0.40010637 -0.68482119 0.76452404 55.0
-1.37697530 -1.17281401 -0.56958538 55.0
1.39176118 0.82124877 -0.48180524 55.0
1.34984100 0.38945049 -0.73187035 55.0
-1.15885806 1.05322146 -1.40756691 55.0
-0.11244120 -1.20414329 0.34113592 55.0
-1.40469420 0.99966615 -0.48078001 55.0
0.21725315 -0.48841447 1.12667012 55.0
-0.59513187 -0.04325312 1.47154844 55.0
0.96021050 0.73645210 -1.21505725 55.0
-1.33137941 1.33041978 -0.71783918 55.0
-0.26838267 0.46006337 -1.15807688 55.0
-1.43250299 -0.72299373 -0.51088715 55.0
0.24935161 -1.67454922 -0.70059943 55.0
-0.64906538 0.50939244 1.52894521 55.0
-0.43165490 1.47833872 0.25164539 55.0
-1.06702876 1.15013504 1.29706454 55.0
1.04711008 -0.40730068 1.13606906 55.0
-1.39020085 -1.49104869 -0.32262650 55.0
-0.98094136 0.84739310 -1.35914159 55.0
-0.39880741 -0.58513761 0.95739716 55.0
1.21761966 0.77782953 0.98570508 55.0
1.08300447 0.10743643 1.23019814 55.0
-1.44359541 0.72918046 -0.31968045 55.0
-0.27770823 0.85128832 1.62608719 55.0
-0.11081078 1.49188280 -0.71539974 55.0
-1.35184848 1.33070552 -0.02438532 55.0
-1.39284194 -1.12980771 -0.22894262 55.0
0.79584938 -0.82367265 0.48037294 55.0
-0.72492588 1.47984850 -0.97649223 55.0
-0.60673445 0.03647299 1.56419384 55.0
0.07523943 1.49098670 -0.02346563 55.0
-1.40542543 -1.41339934 -0.36658671 55.0
1.39885879 0.54289806 -0.49012223 55.0
1.18476140 -0.78897357 0.46591079 55.0
0.10263918 1.28477561 -1.14468122 55.0
1.30642426 0.48185816 0.58942276 55.0
0.55043131 -1.61126113 -1.08613312 55.0
-0.57118571 1.43862677 0.50434273 55.0
1.33731079 1.22246683 0.08059445 55.0
0.59472263 0.51125830 1.62980235 55.0
-1.07028079 1.06262577 1.36931348 55.0
-1.40632594 0.38868058 0.12563360 55.0
-0.72213650 -1.60349524 -1.07997966 55.0
-1.33737743 -0.89767253 0.35507488 55.0
-1.40980303 -1.01641870 0.08120555 55.0
-1.02890325 -0.99670577 -1.47894871 55.0
0.62319964 0.28290024 -1.13077760 55.0
-0.98133361 1.07761097 1.38846409 55.0
-0.87811494 -1.52174425 -1.08959246 55.0
1.04228950 0.04628666 1.31755936 55.0
1.33999515 1.16921818 -0.48112446 55.0
-0.85685980 1.21481812 1.26594746 55.0
0.93849981 1.16560364 1.31509888 55.0
0.86886358 -1.32588732 0.29661280 55.0
-1.25060737 -0.52990991 0.71170282 55.0
0.84574175 -0.73850191 -1.12075102 55.0
-0.98939866 0.44709548 -1.10854053 55.0
-1.01343679 -1.50968337 -1.07910836 55.0
0.47826016 0.77420086 1.72907948 55.0
0.90467584 0.93771958 1.50158501 55.0
1.12986052 -1.61727107 -0.65811449 55.0
0.25609797 1.49088097 -0.05208752 55.0
0.98906732 -1.21045256 -1.25205588 55.0
1.38382912 -0.90339702 -0.35467333 55.0
1.36748803 -1.40763652 0.00386477 55.0
-0.84503812 1.28924203 1.01946807 55.0
-1.36475909 -1.21872258 -0.77034342 55.0
-0.60705388 0.33936971 1.64838064 55.0
1.25457418 1.00257790 -1.36617768 55.0
-0.39894733 -0.24585371 -1.14888513 55.0
0.34139201 -0.83569103 -1.15924072 55.0
1.28077221 0.26841685 0.58646566 55.0
1.21306539 -1.56217480 -0.98830855 55.0
-1.31200254 -0.85968441 0.37917554 55.0
1.21554732 0.87165332 0.98884588 55.0
0.61603886 -0.32854301 1.27834070 55.0
1.37457907 -1.31046224 -0.40883207 55.0
-0.86616480 1.09234500 1.40104723 55.0
1.03220153 0.78157240 1.41051114 55.0
0.78101379 -1.17235255 -1.16087711 55.0
1.33731079 1.22246683 0.08059445 55.0
0.06218851 0.60584229 1.81896818 55.0
1.07658267 0.71755606 1.34553003 55.0
1.03889418 0.87308335 1.41277349 55.0
-1.11457443 1.24301994 0.97437972 55.0
1.32170355 -1.12956846 -0.95037991 55.0
-1.05056036 0.83900499 -1.42851138 55.0
0.93118125 -0.46253124 -1.10722697 55.0
1.32402623 -0.94132549 -1.18720305 55.0
-1.40553093 -0.97910184 -0.51072246 55.0
-0.95127541 0.67213911 1.54418445 55.0
-1.13556314 1.12828588 1.27440548 55.0
-0.94893479 0.41646680 1.50433195 55.0
-0.57789534 -0.81095821 -1.14591062 55.0
-1.32329392 -1.08648002 0.30222943 55.0
0.88447797 0.15998299 1.43265045 55.0
-0.60349822 -1.20249605 0.33746469 55.0
-1.24032390 1.32271957 0.43549177 55.0
-1.15203595 -1.17321539 -1.30438304 55.0
-0.92542511 -0.25566515 1.35835016 55.0
1.37018907 0.26922312 0.12624808 55.0
0.07234806 0.85247529 1.51528823 55.0
-1.38193297 -0.62701458 0.37066966 55.0
0.36517137 0.68753254 1.78354943 55.0
-1.40949094 -1.01641870 0.16584368 55.0
-0.98199034 0.82627356 1.53556180 55.0
0.69039440 -1.63291502 -0.23488414 55.0
-0.11178438 1.48576152 -0.27704430 55.0
0.25258577 1.43251216 -1.12069190 55.0
-0.10319141 -0.10450728 1.61124623 55.0
-1.41454506 -0.97910184 0.07729056 55.0
0.83338243 1.47732687 -0.53267813 55.0
-1.18642557 1.14270031 1.12922442 55.0
-1.32439029 -1.41594303 -0.98592877 55.0
0.34703994 0.43582970 1.86833644 55.0
0.24583718 0.84956092 1.50737941 55.0
1.36804545 0.17540787 -0.32001388 55.0
0.89171135 -1.34596479 -1.09701061 55.0
1.04221237 0.92154431 1.40748179 55.0
0.05822157 -0.00786327 1.90661573 55.0
0.33650076 1.28468502 -1.13708472 55.0
1.37026870 0.00475620 -0.01061142 55.0
1.01788843 1.21931052 1.14703953 55.0
0.26055622 -1.40514970 0.27045098 55.0
0.68578541 1.26049650 1.18021905 55.0
-0.71042246 1.34970796 0.82303286 55.0
-0.80037338 -0.74416828 -1.12834775 55.0
0.24659942 -1.65589380 -1.02130163 55.0
-0.81025064 -0.46598658 -1.11814952 55.0
-1.02798200 0.91747624 1.46758235 55.0
0.91611928 0.41298977 1.53633273 55.0
0.92316443 0.00647593 -1.10897124 55.0
-1.39610434 -1.26255071 0.08477800 55.0
-0.15290372 0.86162633 -1.18077886 55.0
-0.64376879 0.75995469 1.46559644 55.0
-1.41078019 0.95727271 -0.48104489 55.0
1.36341691 -1.26672363 -0.09975741 55.0
-1.42341840 0.91350597 -0.16449569 55.0
1.28284550 0.34679291 0.58714819 55.0
-0.11083959 1.19858027 1.36460149 55.0
-1.18927956 -1.42565322 -1.06087327 55.0
0.54335648 -1.66530263 -0.91202056 55.0
-0.63961256 1.20277929 -1.13860536 55.0
-0.29260749 1.49088097 -0.05208752 55.0
-1.38806117 -0.99553180 0.26316845 55.0
0.85013151 -1.18684387 0.33773628 55.0
0.94690615 -1.61886215 -0.99675852 55.0
0.69454360 -1.47178054 0.23117600 55.0
-0.24920923 -0.06665410 1.79747868 55.0
-1.17337120 -0.79157388 -1.12857509 55.0
0.62262714 -0.39409819 -1.12967539 55.0
0.20927630 0.43587199 1.87460232 55.0
-1.17956376 0.54926628 -1.07973504 55.0
1.11393535 -0.51231027 0.91978520 55.0
-0.65254849 -0.32854301 1.27834070 55.0
0.37268549 1.22441578 -1.14258480 55.0
1.39599335 -0.72299373 -0.51088715 55.0
-1.30149841 -1.20922709 -1.10627544 55.0
-0.96784538 0.94231808 -1.40249419 55.0
-0.98269659 -0.81591624 0.47698298 55.0
0.62898940 -0.46930456 -1.12899029 55.0
1.35099018 -1.17293847 0.04994117 55.0
-0.55829412 0.24714079 1.79464233 55.0
1.36905944 -0.23890565 -0.01730952 55.0
1.30667090 -1.09073830 -1.16988039 55.0
-1.41046727 -0.94132549 -0.51317728 55.0
-0.64407521 -0.90269870 -1.15687382 55.0
0.62311715 -0.08027928 -1.13074219 55.0
-1.17147756 -0.53903884 -1.07890677 55.0
0.93725002 0.33361849 1.52478278 55.0
1.10175467 1.38441312 -1.04604673 55.0
1.16237080 -1.32304168 -1.06322515 55.0
-1.38707697 -1.21957910 0.01646824 55.0
-0.24307151 0.34870496 1.89929116 55.0
-0.95585543 1.45533621 0.24814436 55.0
1.30947232 0.99967724 0.55385894 55.0
1.38635457 0.77436376 -0.69009238 55.0
-0.97553444 0.66613805 1.53012466 55.0
0.91155803 -1.30289590 -1.10208786 55.0
-1.19283247 -1.43829119 0.21487951 55.0
1.37939227 -0.94132549 -0.34136048 55.0
1.06094003 0.52096170 1.33997023 55.0
0.54580003 0.56961751 -1.13884616 55.0
1.02080047 -0.89203924 0.41414660 55.0
-0.40226138 0.36822650 -1.14916420 55.0
-0.60673445 0.03647299 1.56419384 55.0
-0.57991266 -1.59835339 0.05345867 55.0
0.26192278 -0.99180001 0.39866948 55.0
-0.60910589 0.92536998 1.42797697 55.0
-0.94839150 -0.08457807 1.50072551 55.0
-0.91272736 1.23656607 -1.12239349 55.0
-1.38635063 0.38945049 -0.73187035 55.0
1.01405084 0.83900499 -1.42851138 55.0
-0.57747674 1.35702360 0.82615453 55.0
-1.28233862 -1.13104427 -1.29478014 55.0
0.97584760 0.66472870 1.47956371 55.0
-0.69844931 1.45762086 0.37389252 55.0
1.36316562 -1.09073830 0.07936896 55.0
-0.61220628 -0.65048546 -1.13622725 55.0
1.35251212 0.34764403 0.28877568 55.0
0.24799050 0.84909517 1.45379889 55.0
-0.56753403 -0.05565512 1.68803239 55.0
1.39084888 -0.86651975 0.12129012 55.0
-0.13715464 -1.32157326 -1.14455366 55.0
-1.41829813 -1.35469151 -0.08047233 55.0
0.80437237 0.49522933 1.40136600 55.0
0.92791414 0.35748780 -1.10896969 55.0
1.01585805 0.44167534 1.39624226 55.0
0.83807671 1.47935820 -0.14162119 55.0
0.11497026 1.22450256 -1.15021408 55.0
1.37308097 0.99966615 -0.31913197 55.0
0.95617390 -1.57812834 -1.06039739 55.0
-1.00057137 0.97208959 1.45549917 55.0
-1.09137344 -0.27253616 1.24490392 55.0
0.08740135 1.34171808 -1.14193594 55.0
1.11017406 -0.16289863 -1.08159435 55.0
-0.65088332 0.42895862 1.45439363 55.0
1.37323344 -1.01641870 0.13123453 55.0
1.39348567 0.86807638 0.12577064 55.0
-1.16637003 -1.61727107 -0.65811449 55.0
-0.27009538 0.50894278 -1.15761042 55.0
0.61421603 0.58050537 1.53090918 55.0
1.30225420 -0.80464810 -1.11377108 55.0
-0.91878647 1.04061413 -1.24725485 55.0
-1.42422760 0.91351849 0.12215912 55.0
-1.00181901 -1.51881671 0.16384399 55.0
1.11800361 1.29475439 -1.05830908 55.0
0.07404254 1.43261266 -1.12819052 55.0
-0.97607106 0.39872587 -1.10889590 55.0
0.49240416 -0.68402505 0.76076287 55.0
-1.40455508 0.17540787 -0.32001388 55.0
1.27890658 -0.08036476 -0.96798825 55.0
-1.03468394 0.99025244 1.41755521 55.0
1.09861648 0.40313613 1.24161673 55.0
1.34627926 -0.94132549 -0.94891942 55.0
0.72006172 -1.46175659 -1.10340416 55.0
0.62262714 -0.39409819 -1.12967539 55.0
1.24332428 1.43515921 -0.04369057 55.0
-1.20760453 -0.30826709 0.89866859 55.0
-0.11443409 -1.29913211 0.31594411 55.0
-0.11146947 1.49057508 0.01681464 55.0
1.33431244 0.86806476 -1.19000244 55.0
-0.86501563 1.13709104 1.37266922 55.0
0.06542091 -0.09896972 1.69393396 55.0
-1.34631550 -1.05342746 -1.18558586 55.0
1.27613974 -1.53140819 -0.00649853 55.0
-1.44616520 0.61073327 -0.31983107 55.0
1.36970425 -0.08037129 -0.16558336 55.0
1.31730485 0.99966615 -1.18178558 55.0
-1.20213866 -0.15848419 0.94600689 55.0
1.37796974 -0.97910184 0.13136014 55.0
-0.10880499 -1.55306482 0.16296451 55.0
0.07692564 -1.03052497 0.39166552 55.0
1.39348567 0.86807638 0.12577064 55.0
-1.44253564 0.54264307 -0.16465221 55.0
1.11053479 0.00566217 -1.08171868 55.0
-0.12460430 -1.36529315 -1.14257157 55.0
1.31796050 1.28052926 -0.48500338 55.0
0.26083422 0.97546887 1.44850135 55.0
-1.17090619 0.74701566 1.25049853 55.0
0.25611106 1.49058366 -0.08474630 55.0
-1.41078019 0.95727271 -0.48104489 55.0
-0.98421007 -0.30311820 1.39894950 55.0
-1.40543544 -0.23890565 0.12401945 55.0
1.38177991 0.95728236 0.11311804 55.0
0.25527784 1.49046946 0.01752149 55.0
0.35740310 0.55689645 1.82763731 55.0
0.07482246 1.15663040 1.41160583 55.0
-0.28310895 -1.65589380 -1.02130163 55.0
-1.40598035 0.38945049 -0.16468120 55.0
-0.65828836 -0.32041872 -1.13016605 55.0
-0.82761860 -0.93878776 -1.17350864 55.0
1.05696630 0.44601500 1.33648455 55.0
-1.39403105 -1.12980771 -0.03303368 55.0
1.05476868 0.42572102 1.33573651 55.0
0.93786478 0.59890467 1.52803254 55.0
0.43189871 -0.65123725 -1.14493012 55.0
0.81707317 -0.64275259 -1.11575747 55.0
1.27423632 -1.56819999 -0.74632007 55.0
-0.09713068 -0.16639319 1.37971318 55.0
-1.40058351 -0.45521680 0.25384706 55.0
-1.19226825 1.06163013 1.22968471 55.0
1.37261200 -1.01641870 -0.13278159 55.0
0.47826016 0.77420086 1.72907948 55.0
-0.57986605 -1.66530263 -0.91202056 55.0
0.36282885 0.09714923 -1.14916575 55.0
-1.41132450 -1.30629086 0.06363501 55.0
1.12313640 1.01086652 -1.45029521 55.0
0.57452649 0.24271983 1.54367149 55.0
1.34230530 0.82124877 -1.17438006 55.0
0.70682418 1.38417614 -1.10474563 55.0
1.26631999 1.16623104 -1.09165621 55.0
1.20381427 1.32271957 0.43549177 55.0
0.40406668 -1.60036051 0.05257261 55.0
0.95805454 -0.73263383 -1.11213315 55.0
-1.39383960 -1.12980771 -0.11624435 55.0
-0.74236888 -1.14838409 0.34935725 55.0
-0.59414494 -1.47887385 0.23042156 55.0
-1.31475830 0.08948088 0.58396679 55.0
0.87945449 -1.09014452 -1.25567973 55.0
-0.56753403 -0.05565512 1.68803239 55.0
0.41207618 1.49434733 -0.86482275 55.0
1.33727407 1.12497234 -0.68414032 55.0
-0.09456945 0.34873381 1.90566432 55.0
1.02255476 -0.96846545 0.39234784 55.0
1.07658267 0.71755606 1.34553003 55.0
1.36284697 0.26957050 -0.49125186 55.0
1.31349659 -1.01641870 -1.19534528 55.0
-0.98269659 -0.81591624 0.47698298 55.0
-1.34965360 1.04158735 -1.16423047 55.0
-1.19392014 -1.27691770 -1.06855464 55.0
1.21338904 1.17119253 0.80473781 55.0
1.37086725 -1.31046224 -0.52185822 55.0
-1.16647315 0.92381483 -1.48305273 55.0
0.96021050 0.73645210 -1.21505725 55.0
0.60018462 0.42529771 1.53123140 55.0
-1.28275096 -1.09344935 -1.33584869 55.0
-0.99467409 -1.63236117 -0.77548969 55.0
-0.95585543 1.45533621 0.24814436 55.0
-0.65962672 -0.08027928 -1.13074219 55.0
1.40420759 0.54264307 -0.31990144 55.0
-1.39731300 0.68346119 -0.94208133 55.0
-0.55378026 0.50811273 -1.13953471 55.0
-1.44847476 0.67790687 0.12910224 55.0
1.39451182 -0.83279258 -0.05505033 55.0
-0.25943616 0.36826277 -1.15852177 55.0
-0.82066244 1.20107889 -1.13867080 55.0
1.10143209 -0.82634032 -1.25841069 55.0
-0.63696426 -1.13560116 -1.15858114 55.0
-0.81988776 -1.23587537 -1.14264143 55.0
1.32990265 -1.17231655 -0.75373185 55.0
-1.44866383 0.67794538 -0.01016898 55.0
1.36279356 0.17540787 -0.49124923 55.0
1.40602601 0.54264307 -0.16465221 55.0
-1.13031304 1.16525769 1.21414781 55.0
-0.57944888 0.83936507 1.43091905 55.0
0.25137427 1.48558235 -1.00108528 55.0
-1.41132450 -1.30629086 0.06363501 55.0
1.29449439 0.43466488 0.58774853 55.0
-0.94216198 0.07749460 1.48674524 55.0
-1.30473506 1.32635105 0.27589744 55.0
-1.40243089 -1.41340804 -0.46812701 55.0
-0.74020571 -1.53397381 -1.09984696 55.0
-1.33238661 1.40421665 0.00877708 55.0
0.07213592 -1.60058308 0.05146401 55.0
0.83807671 1.47935820 -0.14162119 55.0
1.34928310 -0.38275164 -0.73093802 55.0
1.35290837 -1.30942690 -0.80823553 55.0
-0.88664114 -1.18684387 0.33773628 55.0
1.33104765 -1.15206134 0.21279606 55.0
0.36229789 -0.58513761 0.95739716 55.0
0.05866853 -0.33028311 1.30613244 55.0
0.86205047 -0.97783589 0.39486820 55.0
1.15377295 1.10329580 1.18697846 55.0
-1.41620195 -1.35469151 -0.33118966 55.0
1.34626627 -1.17293847 -0.41869360 55.0
1.29072893 0.43828630 -0.96770096 55.0
-0.44433495 -1.67442131 -0.69455200 55.0
-0.11279093 -1.11033118 0.36665145 55.0
-0.37117940 -0.06737926 1.79297221 55.0
1.17257214 -1.07754779 0.34654671 55.0
-0.51195335 -0.16918151 1.35559094 55.0
1.08300447 0.10743643 1.23019814 55.0
-0.95180339 0.73889744 1.54688525 55.0
1.34984100 0.38945049 -0.73187035 55.0
-1.38420892 -0.31175777 -0.73120326 55.0
-1.41454506 -0.97910184 0.07729056 55.0
0.32778394 -0.00948493 1.89980125 55.0
-1.06869388 0.72897744 -1.23777759 55.0
0.72006172 -1.46175659 -1.10340416 55.0
-1.42886758 0.72918183 0.29457974 55.0
-1.13146174 -1.56608713 -1.04415214 55.0
0.06381981 -0.10149390 1.42606962 55.0
-1.10107923 0.58066523 1.34217346 55.0
1.36786747 -0.90339702 -0.71100259 55.0
-1.41523147 -1.31046224 -0.04773988 55.0
-0.28909528 1.43251216 -1.12069190 55.0
-0.80304128 -0.16437089 -1.11981046 55.0
-0.15115117 -1.23757184 -1.15816975 55.0
0.35671857 -0.48838186 1.11950862 55.0
1.18814087 -0.92564452 0.38667616 55.0
1.32577538 1.22203147 0.18996198 55.0
0.69838786 1.06052613 1.42152476 55.0
-1.35381854 0.82126844 0.59302247 55.0
0.07561643 -1.54353034 -1.12506509 55.0
0.48241907 0.68418747 1.76461279 55.0
-1.36354995 -1.09073830 -0.94993591 55.0
0.70079666 1.48712349 -0.01762171 55.0
0.49660721 -0.79900354 0.53361034 55.0
-0.40791512 1.17197144 -1.15397215 55.0
-0.98774451 -0.81796306 -1.20452678 55.0
1.20182872 1.40531528 0.25877070 55.0
1.30927062 1.08353829 -1.14090323 55.0
0.54658347 1.28457510 -1.12788212 55.0
-0.61939192 0.42560133 1.63855350 55.0
0.37032372 -1.09671104 -1.17163122 55.0
-1.39838052 -0.38275164 -0.49611124 55.0
1.36980855 0.17540787 -0.16468275 55.0
1.29046667 -1.55621219 -0.27892363 55.0
-1.40669858 0.26922312 0.12624808 55.0
-1.34279287 -0.53596693 -0.96434611 55.0
-0.90886223 -1.27629852 -1.12268937 55.0
1.08566368 0.19297862 1.23612976 55.0
0.94700599 0.91539878 1.50978196 55.0
0.60160571 -1.20838988 -1.14638650 55.0
1.28149343 -1.44466090 0.15917215 55.0
-1.41202152 0.99966723 -0.01728762 55.0
-1.44449461 -0.62701458 0.08098408 55.0
-1.34047258 1.36877668 -0.32313436 55.0
1.28077221 0.26841685 0.58646566 55.0
1.38690877 0.91350597 -0.16449569 55.0
0.55031163 -1.67749655 -0.56629169 55.0
0.54580003 0.56961751 -1.13884616 55.0
-0.59426713 0.14784263 1.67482233 55.0
0.97886980 -0.24519728 1.38974476 55.0
-0.65879095 -0.40178579 1.21381807 55.0
1.36786747 -0.90339702 -0.71100259 55.0
0.76515675 -0.31837890 -1.11931694 55.0
1.32546246 -0.84563768 0.34026381 55.0
-1.00455523 0.07472640 1.45468962 55.0
-1.41507554 0.43688846 -0.16467422 55.0
-0.82964200 -0.39615682 1.21530795 55.0
0.42164242 -1.15524411 0.35043502 55.0
0.06387356 0.78508335 1.75116730 55.0
0.79225016 1.41837943 0.50212789 55.0
-0.80332291 0.18287510 -1.11991155 55.0
-1.42506886 0.54184330 0.29132956 55.0
-1.41540742 -0.79266173 -0.71711916 55.0
-1.30473506 1.32635105 0.27589744 55.0
1.14013684 -1.59696758 -0.28558034 55.0
0.06323998 -0.39614823 -1.16513228 55.0
-0.09549084 0.43590623 1.87968183 55.0
-0.96211261 -1.22027647 -1.22328174 55.0
-0.68235087 -0.02475964 1.39047348 55.0
-1.02279222 0.68123239 -1.13003683 55.0
0.33323631 -0.81101668 -1.15524447 55.0
-1.43876326 0.77425539 -0.31960273 55.0
-0.10669662 1.46533692 0.37847421 55.0
-1.41221404 -0.86234331 0.25825781 55.0
1.08734560 1.20100248 1.12434053 55.0
0.80645394 1.47524297 0.15163529 55.0
0.41871291 1.48867190 -0.15088889 55.0
1.38633835 -0.83279258 -0.51490122 55.0
0.79110903 -0.93878776 -1.17350864 55.0
0.07384198 1.48892879 0.07114900 55.0
1.28077221 0.26841685 0.58646566 55.0
0.88138002 -1.20118999 -1.19737351 55.0
1.27423632 -1.56819999 -0.74632007 55.0
-1.39242911 -0.95821488 0.27100384 55.0
-0.43289053 0.84513503 1.55889678 55.0
1.37859499 -1.31046224 -0.13739926 55.0
0.36587593 1.24516678 -1.13960791 55.0
-0.91973376 1.16384494 -1.19022393 55.0
0.11416940 -1.13575554 -1.17578828 55.0
-0.28350043 -1.60048246 0.05196530 55.0
0.94482404 1.07761097 1.38846409 55.0
1.28928411 -0.45621851 -0.96589065 55.0
1.09172297 -0.29430440 1.14303553 55.0
-1.14705586 0.17807961 -1.08172154 55.0
0.96090955 0.76354754 -1.26433456 55.0
-0.82211661 1.22258210 -1.12971354 55.0
-0.28586113 -1.67454922 -0.70059943 55.0
-1.16299832 1.40948415 0.31763619 55.0
-1.39930308 0.17540787 -0.49124923 55.0
-1.35897672 -0.72838229 -0.95477736 55.0
1.27782655 -0.16207834 0.57501602 55.0
-1.12823260 -0.29430440 1.14303553 55.0
-0.51861441 -0.10036324 1.39708662 55.0
0.07294040 -1.67465460 -0.70559132 55.0
0.99945259 -1.43775392 -1.08211744 55.0
1.00846255 -1.17528534 0.33579707 55.0
1.39292860 0.67882806 -0.70520943 55.0
-0.74333376 1.38417614 -1.10474563 55.0
-0.95893669 -0.38864285 -1.10790133 55.0
0.82516289 -1.65556931 -0.43655306 55.0
0.60756558 -0.90269870 -1.15687382 55.0
-0.94746709 0.07905677 1.51887202 55.0
-1.14808154 0.49855873 1.24562335 55.0
1.23639393 1.43227196 -0.51253420 55.0
1.32885826 1.16898954 -0.69123530 55.0
0.95174837 1.43298554 -1.03391123 55.0
1.33721161 -0.86654735 -1.15208387 55.0
0.07682636 -0.91341525 0.42301884 55.0
-1.42761695 -0.86651975 0.04989291 55.0
1.14445257 1.18234468 1.04412818 55.0
0.56698865 -1.20249605 0.33746469 55.0
-1.21623516 1.44131684 -0.85672277 55.0
-0.90537316 -1.32588732 0.29661280 55.0
0.62375963 -0.75323331 0.61276489 55.0
-0.50283200 -0.25383747 1.32794511 55.0
-0.86616480 1.09234500 1.40104723 55.0
-1.44449461 -0.62701458 0.08098408 55.0
0.41638547 1.48659325 -0.54983604 55.0
0.62898940 -0.46930456 -1.12899029 55.0
-0.71668577 1.30162358 1.02445972 55.0
-0.11035153 1.48892879 0.07114900 55.0
0.59901613 0.58431935 1.62403917 55.0
0.69822621 1.01647484 1.42517853 55.0
1.33703947 -1.10892630 0.22757515 55.0
1.35214317 0.26886040 0.28889352 55.0
-1.24032390 1.32271957 0.43549177 55.0
-0.97607106 0.39872587 -1.10889590 55.0
0.25104058 -1.67952907 -0.45612738 55.0
-1.43997037 -0.72251201 -0.19721603 55.0
-0.92765075 0.90403461 -1.26347613 55.0
-0.95872509 0.95694894 1.49576354 55.0
0.45016220 -0.09395801 1.68603778 55.0
1.32824945 -1.21872258 -0.77034342 55.0
1.11703181 1.45309007 -0.25101295 55.0
-0.15092529 -1.20855498 -1.16343141 55.0
0.05706677 0.16243647 1.95528650 55.0
-0.93081862 0.46130481 1.43956590 55.0
-0.57789534 -0.81095821 -1.14591062 55.0
1.36979532 0.08948088 -0.16468275 55.0
-1.00169110 1.35846782 -1.08335590 55.0
-0.60923404 -0.91219509 0.41774610 55.0
-0.95142287 0.60435295 1.54207098 55.0
0.92673051 -1.26599562 -1.12418902 55.0
-0.10407726 0.50898206 -1.16532934 55.0
-0.15124577 1.20296788 -1.15554702 55.0
1.29149628 0.77791125 -1.29776931 55.0
-1.06702876 1.15013504 1.29706454 55.0
-0.73334861 1.14834523 1.38031256 55.0
-1.04878449 -1.08388746 0.36021155 55.0
1.08369112 1.37553942 0.46070549 55.0
-1.26327598 -1.51455891 0.08929147 55.0
1.36758387 -0.16207834 -0.32416901 55.0
-1.14697218 -0.08034612 -1.08169377 55.0
1.31475568 1.33070552 -0.16417594 55.0
0.88571912 -1.25216365 -1.14641595 55.0
-1.12368989 0.95508015 1.35812187 55.0
1.35394979 -1.09073830 -0.51620477 55.0
-0.45386940 0.85637134 1.42767572 55.0
1.34230530 0.82124877 -1.17438006 55.0
0.90887415 0.79855460 1.51809335 55.0
0.56751770 1.02149570 1.43180180 55.0
-1.25922143 1.08738601 0.91364014 55.0
0.88731867 -0.97380191 -1.25840926 55.0
-1.40637171 0.26957050 -0.16468304 55.0
0.55197829 -1.67728889 -0.44766849 55.0
1.32990265 -1.17231655 -0.75373185 55.0
-1.13029087 0.36326912 1.24081635 55.0
-0.40823069 -1.23749530 -1.15049338 55.0
0.59229541 0.76035714 1.53718281 55.0
-1.41426992 -1.35052192 0.03964329 55.0
-1.12701285 0.99869072 1.35660863 55.0
0.26091069 -1.25333822 0.32783878 55.0
-0.98341560 -1.61886215 -0.99675852 55.0
-1.40462732 -1.05342746 0.15201832 55.0
-0.98774451 -0.81796306 -1.20452678 55.0
0.78689253 0.06995730 1.38391459 55.0
0.33976850 0.69963366 -1.15544438 55.0
-1.25737441 0.73274904 0.98524719 55.0
1.37028551 0.17539053 -0.01087118 55.0
-1.13794160 -0.82634032 -1.25841069 55.0
0.49109864 -0.58438987 0.95248419 55.0
1.36804545 0.17540787 -0.32001388 55.0
-1.42247248 0.86806476 -0.48155326 55.0
1.09563887 -0.81324983 -1.20177984 55.0
0.39133084 0.84571552 1.61817455 55.0
0.07512181 1.48448384 -0.41906434 55.0
0.82270688 -1.65577388 -0.55356473 55.0
-0.39932570 -1.28407860 -1.14018464 55.0
0.98902375 0.87130797 1.48168123 55.0
0.79584938 -0.82367265 0.48037294 55.0
-0.30048683 -1.29905140 0.31487662 55.0
0.24696890 -1.66752565 -0.91952580 55.0
-0.77836001 0.63523000 -1.12937152 55.0
-0.82702202 -0.54736686 -1.11718154 55.0
0.90573579 -0.32256198 1.31981933 55.0
1.35959482 -1.26255071 0.08477800 55.0
-1.37354910 -1.10892630 0.22757515 55.0
0.11473623 1.20296788 -1.15554702 55.0
0.35671857 -0.48838186 1.11950862 55.0
-0.85878086 1.47193861 -0.96669161 55.0
-0.98516023 0.95035958 1.48450828 55.0
1.38653326 -0.90339702 0.17288643 55.0
1.00909102 -1.29186094 -1.09265554 55.0
-1.14704430 0.00566217 -1.08171868 55.0
1.32546246 -0.84563768 0.34026381 55.0
0.42164242 -1.15524411 0.35043502 55.0
1.34400773 -1.24585915 0.18580461 55.0
-1.02321100 0.95451528 1.45294094 55.0
-0.10851203 -1.65599811 -1.02156138 55.0
0.36285111 0.28525460 -1.14918184 55.0
1.30951095 -0.71833986 0.45161301 55.0
-1.22103775 -0.96325403 0.37831002 55.0
-1.39395928 0.86806476 -0.93712145 55.0
-0.28863853 -1.64301968 -0.24424478 55.0
1.31533885 1.33070552 -0.02438532 55.0
1.36967206 -0.16207834 0.12704711 55.0
-0.15386975 0.81475151 -1.17563713 55.0
1.37872183 -1.31046224 -0.04773988 55.0
-0.63785028 1.09163368 -1.14588249 55.0
-0.59846610 1.48346448 -0.40786633 55.0
0.07388689 -1.64312315 -0.24651355 55.0
1.30063689 -1.16947281 -1.12559843 55.0
1.08566368 0.19297862 1.23612976 55.0
0.55055934 1.26735651 1.18567967 55.0
1.28928411 -0.45621851 -0.96589065 55.0
-0.45069310 1.49164891 -0.70423180 55.0
0.60043591 -1.09662962 -1.16217887 55.0
1.35539222 -1.48381305 -0.17022999 55.0
-0.65828836 -0.32041872 -1.13016605 55.0
0.88891554 -0.25566515 1.35835016 55.0
0.21725315 -0.48841447 1.12667012 55.0
-0.46328613 1.39362049 -1.12280715 55.0
1.02167439 1.41982388 0.35475639 55.0
1.32197428 0.95727271 -1.19300330 55.0
0.86471641 1.32024932 -1.09639585 55.0
-1.38147974 1.16927540 -0.31867665 55.0
-1.41568017 0.95727271 -0.31923044 55.0
-0.53259957 -0.47127831 -1.13865221 55.0
1.24582911 -1.13104427 -1.29478014 55.0
0.07527068 1.48890555 -0.15470190 55.0
0.97047108 -1.63007581 -0.34805742 55.0
0.23422085 -0.83523154 0.48659667 55.0
0.25487441 1.15654814 1.40403926 55.0
0.84574175 -0.73850191 -1.12075102 55.0
1.37488270 0.73020130 -0.93125939 55.0
-0.94806761 -1.30289590 -1.10208786 55.0
-0.94146925 0.80887926 -1.22427392 55.0
-1.44253564 0.54264307 -0.16465221 55.0
-0.61707193 0.76249635 1.61271727 55.0
1.30077338 -1.21701264 -0.96002632 55.0
-0.73031229 1.19019711 1.33444118 55.0
-1.42035460 -0.72492039 -0.72605139 55.0
-1.16509104 -1.56998730 -0.04639460 55.0
1.37323344 -1.01641870 0.13123453 55.0
1.19377542 -1.30429113 0.28212255 55.0
1.36930799 0.91350597 -0.68729234 55.0
1.01035762 -0.09901889 1.36124098 55.0
1.35586786 -0.86644679 -0.93872261 55.0
-0.25758281 -0.08026283 -1.15850329 55.0
1.07041073 0.64963353 1.34383011 55.0
0.22449879 -0.09295519 1.51163471 55.0
0.69822621 1.01647484 1.42517853 55.0
-1.37132251 1.22246683 -0.31851166 55.0
-1.42662537 -0.86651975 -0.20209518 55.0
0.91005981 0.61071771 1.51011169 55.0
0.78334898 -1.01775753 -1.17924106 55.0
0.37172118 -1.23749530 -1.15049338 55.0
0.61437374 0.42895862 1.45439363 55.0
1.01658642 0.46177337 1.39682364 55.0
-1.16852713 -1.49842191 -1.05893087 55.0
0.91329134 0.24609087 1.53666389 55.0
1.30980599 -1.05342746 -1.18558586 55.0
-0.59051365 1.48790312 0.07275868 55.0
1.08131766 0.02271179 1.22273839 55.0
0.37480161 -0.90276462 -1.16628754 55.0
-1.31521165 1.40389132 0.11507024 55.0
0.07682636 -0.91341525 0.42301884 55.0
1.36794245 -0.08037129 -0.32084468 55.0
0.60424167 -1.25969183 -1.13585663 55.0
1.14213073 -0.63293207 -1.07714403 55.0
1.15363359 1.01815224 1.25387609 55.0
0.80441469 0.52290136 1.40279245 55.0
-1.20459342 -1.16805124 0.32239640 55.0
0.06330965 0.00866683 -1.16624773 55.0
0.55703676 1.19669795 1.34091198 55.0
-1.04460192 -1.12779772 0.34742248 55.0
-1.04560065 -1.29186094 -1.09265554 55.0
-1.05906427 -0.96846545 0.39234784 55.0
-0.45377061 1.49034142 0.01837780 55.0
1.35112524 -0.16207834 0.28880960 55.0
0.78627354 0.24803820 1.40236664 55.0
0.07073143 1.44076884 0.51134306 55.0
-0.86078447 1.48417675 -0.84172177 55.0
0.36636832 -0.47179279 -1.14737105 55.0
1.34845018 -1.49447334 -0.50136781 55.0
0.56095070 1.48954690 0.01948707 55.0
0.81686175 -0.83081502 -1.16290605 55.0
0.78023237 0.72844684 -1.14279079 55.0
1.36186421 -1.41319275 -0.57317144 55.0
0.07499207 0.85650033 1.44482529 55.0
0.52178454 0.24714079 1.79464233 55.0
0.06417885 -0.80005717 0.54119450 55.0
0.24602939 1.48510933 0.14880458 55.0
-1.44449461 -0.62701458 0.08098408 55.0
0.99945259 -1.43775392 -1.08211744 55.0
-1.19014311 1.01815224 1.25387609 55.0
-1.01898086 -0.66711944 0.73073173 55.0
-0.98895293 1.47536802 -0.83496106 55.0
-1.40581751 0.91350597 -0.68729234 55.0
-0.86137372 1.17881191 1.32710075 55.0
1.36341691 -1.26672363 -0.09975741 55.0
0.97149819 1.46740103 -0.25618076 55.0
0.93902481 0.66613805 1.53012466 55.0
-1.31600273 -1.57135582 -0.63913441 55.0
-1.06012368 0.79321879 -1.36931241 55.0
0.79214525 1.46576655 0.25201464 55.0
-1.40629816 0.34900680 -0.16468266 55.0
-0.94893479 0.41646680 1.50433195 55.0
-0.38364965 -0.16596277 1.36364830 55.0
0.78289670 1.17021120 -1.14872980 55.0
-1.40679514 0.17539053 -0.01087118 55.0
0.70103699 1.48505592 -0.14545389 55.0
1.12612474 0.62746823 1.24887073 55.0
-0.72405130 -1.66918778 -0.44250223 55.0
1.39724970 -0.72251201 0.16201855 55.0
-0.80919433 1.24330389 -1.12381232 55.0
-0.96443224 0.98735076 -1.39616847 55.0
1.09172297 -0.29430440 1.14303553 55.0
0.22056265 -0.32196766 -1.15791535 55.0
-1.05309606 0.46177337 1.39682364 55.0
-1.40505016 -0.23890565 -0.17504722 55.0
-1.28797984 1.08611524 -1.28663266 55.0
0.60696810 0.91038769 -1.16709387 55.0
-1.39195704 -1.35448444 -0.82231349 55.0
0.49660721 -0.79900354 0.53361034 55.0
1.27722514 -0.86920345 -1.29955661 55.0
-1.30473506 1.32635105 0.27589744 55.0
-0.45507643 1.49075282 -0.02137415 55.0
-1.41209531 -0.83279258 -0.71042752 55.0
1.10621667 0.45111457 1.24369335 55.0
-0.72654694 1.22652817 1.27282119 55.0
0.07682636 -0.91341525 0.42301884 55.0
-0.99215740 -1.56466818 0.05680927 55.0
1.28908873 -1.54351556 -0.11120295 55.0
-1.17218268 1.22767961 0.90363431 55.0
-0.09974951 -0.39614823 -1.16513228 55.0
0.89239430 0.90232450 1.45811987 55.0
-0.80531853 -0.78899181 0.53112912 55.0
1.35959482 -1.26255071 0.08477800 55.0
1.24358582 1.43382061 -0.11285673 55.0
-0.11289200 1.02297294 1.45719290 55.0
1.15263629 -0.60593748 0.76708066 55.0
-1.17409182 0.48956436 -1.08079779 55.0
0.56288147 1.48787975 -0.14867470 55.0
-1.22103775 -0.96325403 0.37831002 55.0
-1.37050450 1.04158735 -0.92899901 55.0
-1.17337120 -0.79157388 -1.12857509 55.0
-1.01537943 -0.24519728 1.38974476 55.0
-1.00768030 1.47221088 -0.07302047 55.0
-0.59056473 1.49346733 -0.85794830 55.0
0.91188192 -0.08457807 1.50072551 55.0
0.67692792 -1.59065318 0.05536445 55.0
1.11083174 1.45769274 0.03246999 55.0
0.88227683 1.04061413 -1.24725485 55.0
-1.44442785 -0.62701458 -0.04242835 55.0
1.16237080 -1.32304168 -1.06322515 55.0
0.92623520 -1.00502181 -1.39649606 55.0
-0.41319820 0.83640987 1.68433213 55.0
0.26091069 -1.25333822 0.32783878 55.0
-1.41376984 -0.97910184 -0.14949670 55.0
0.68547875 -1.66939414 -0.56035376 55.0
-1.12020063 1.37553942 0.46070549 55.0
0.61084926 0.86148781 -1.16350627 55.0
-1.40959036 0.99966615 -0.31913197 55.0
-0.25761431 0.28528413 -1.15853953 55.0
-1.19014311 1.01815224 1.25387609 55.0
0.43129364 -1.34518027 0.29646179 55.0
-0.94615978 -0.78159851 0.52722293 55.0
0.78334898 -1.01775753 -1.17924106 55.0
-0.94721103 0.33921462 1.50680506 55.0
1.12231708 -0.98837590 -1.47584724 55.0
1.14125085 -1.58785272 -0.22238991 55.0
0.30644059 -0.74847960 -1.15335429 55.0
0.75992769 -0.57661468 0.94505185 55.0
-0.12890477 -0.74852365 -1.16104782 55.0
-0.61103600 0.24271983 1.54367149 55.0
0.96056122 -0.56934524 0.91750401 55.0
-1.34531379 -1.26748919 0.25439391 55.0
-0.40010637 -0.68482119 0.76452404 55.0
-0.14081556 -0.83574098 -1.16696930 55.0
-1.44302893 0.54254526 -0.01062587 55.0
-1.08323109 0.21618363 1.33350861 55.0
-1.30511212 1.22310758 -0.93665433 55.0
-1.26185715 1.00337327 0.97085911 55.0
1.34663665 -1.21540475 0.10606540 55.0
0.29382113 -1.36520803 -1.13498759 55.0
-1.44072533 -0.72251201 -0.04923451 55.0
-1.21725285 -1.00055552 0.37020618 55.0
0.23111068 0.43158054 -1.15832138 55.0
-1.06411827 0.73068869 1.40738714 55.0
-1.33238661 1.40421665 0.00877708 55.0
-0.24307151 0.34870496 1.89929116 55.0
-1.03473401 -0.95818746 -1.45834887 55.0
0.42566526 -1.40504348 0.26947886 55.0
1.35976803 -1.09073830 -0.33049783 55.0
0.53102446 -0.05565512 1.68803239 55.0
-1.41620195 -1.35469151 -0.33118966 55.0
0.86030924 -0.90060115 0.41689104 55.0
0.69864714 1.48671472 0.02161383 55.0
1.36979532 0.08948088 -0.16468275 55.0
0.42784110 -0.99172693 0.39677060 55.0
0.42180112 -1.20397890 0.33844477 55.0
-0.29664487 -1.06944239 0.37900281 55.0
-0.24109016 0.25203744 1.92699730 55.0
-1.42304277 -0.90339702 0.17288643 55.0
1.34348452 1.12497234 0.21334271 55.0
0.93849981 1.16560364 1.31509888 55.0
1.38177991 0.95728236 0.11311804 55.0
0.61603886 -0.32854301 1.27834070 55.0
-1.36156082 1.28081501 -0.16422188 55.0
0.91095746 0.07905677 1.51887202 55.0
0.66224241 1.47328711 0.25185084 55.0
-0.94839150 -0.08457807 1.50072551 55.0
0.90373099 1.36627889 0.63596767 55.0
-1.15300524 1.45800185 -0.03671072 55.0
0.92221552 0.95694894 1.49576354 55.0
-1.11130488 1.45059574 -0.93835187 55.0
1.02167439 1.41982388 0.35475639 55.0
-1.37966383 -1.09073830 -0.72635436 55.0
0.77268475 1.24330389 -1.12381232 55.0
-0.93403953 0.85544753 -1.24744821 55.0
-0.72198838 -1.66939414 -0.56035376 55.0
-0.97110218 -0.08440914 1.48710465 55.0
-1.43997037 -0.72251201 -0.19721603 55.0
1.37012506 0.34834015 0.12606393 55.0
1.39327002 0.48354393 -0.01086778 55.0
0.11639418 0.86162633 -1.18077886 55.0
-1.15625012 -0.45907018 -1.07993472 55.0
0.48536682 -0.48742872 1.11396694 55.0
-1.42433727 0.77426207 0.29356828 55.0
0.82152617 -1.60142267 -0.05597593 55.0
0.91791582 -0.24216814 1.45430946 55.0
0.93813050 -0.89045626 -1.31612563 55.0
-1.08361959 -0.40730068 1.13606906 55.0
-1.40454161 0.08948088 -0.32001367 55.0
-0.25808269 -0.68486959 0.76910073 55.0
-0.59629577 1.48580384 -0.54501778 55.0
0.34703994 0.43582970 1.86833644 55.0
-1.40678048 0.08948088 -0.01079606 55.0
1.37778616 0.86808652 0.28932929 55.0
-1.27871156 1.43538213 -0.00729242 55.0
-1.33737743 -0.89767253 0.35507488 55.0
-1.42033863 -0.90339702 -0.35467333 55.0
-0.15386975 0.81475151 -1.17563713 55.0
1.03510070 0.96423668 1.40514326 55.0
-1.43524826 -0.53430980 -0.18736777 55.0
-0.94118547 0.93771958 1.50158501 55.0
-0.93081862 0.46130481 1.43956590 55.0
0.40674824 0.57048154 -1.14756620 55.0
1.35021067 -1.39132726 0.12297250 55.0
-0.40983379 -0.97961009 -1.17441678 55.0
1.30063689 -1.16947281 -1.12559843 55.0
1.34315431 -1.09073830 -0.72635436 55.0
0.51026553 0.82712328 1.61297691 55.0
0.79110903 -0.93878776 -1.17350864 55.0
0.93460351 0.16033985 1.51440883 55.0
-1.09505546 1.45406389 0.15008783 55.0
0.69720578 1.48299062 -0.53921825 55.0
-0.97449899 0.46764040 1.52170408 55.0
0.07229546 -1.55306482 0.16296451 55.0
0.78289670 1.17021120 -1.14872980 55.0
0.57452649 0.24271983 1.54367149 55.0
-0.98870200 -0.79389995 -1.14655244 55.0
-0.86616480 1.09234500 1.40104723 55.0
0.62317032 0.18517558 -1.13076508 55.0
-1.15169287 1.45188892 -0.38635021 55.0
-0.96324015 -1.26599562 -1.12418902 55.0
0.23072276 0.84014910 1.68993998 55.0
-0.11163136 1.48448384 -0.41906434 55.0
0.07379258 -1.65289247 -0.31157738 55.0
1.37202072 -0.86651975 -0.71005446 55.0
-1.39195704 -1.35448444 -0.82231349 55.0
1.37028551 0.17539053 -0.01087118 55.0
-0.97434795 0.49453759 1.52309549 55.0
0.95244330 1.47536802 -0.83496106 55.0
0.78334898 -1.01775753 -1.17924106 55.0
0.62711102 0.65728432 1.45996296 55.0
1.07806492 1.24301994 0.97437972 55.0
-0.40756792 -1.20848036 -1.15572381 55.0
1.03609562 -0.48672304 1.02763748 55.0
-1.12217331 0.19297862 1.23612976 55.0
-0.96562201 -1.24208784 -1.17048824 55.0
-1.00231922 -1.64158964 -0.54735398 55.0
1.39098120 0.48368120 -0.31995010 55.0
0.94618696 -0.81591624 0.47698298 55.0
0.54293931 0.83936507 1.43091905 55.0
0.54096717 1.35702360 0.82615453 55.0
-1.39190173 -1.48381305 -0.17022999 55.0
1.36786747 -0.90339702 -0.71100259 55.0
-0.94118547 0.93771958 1.50158501 55.0
-1.06669652 -1.26782954 0.31169233 55.0
-0.68967366 -0.83035851 0.48124832 55.0
0.89129484 0.76034683 1.45139229 55.0
-0.81858200 1.13233519 -1.15471268 55.0
0.25793943 1.06857109 1.44559193 55.0
-1.42422760 0.91351849 0.12215912 55.0
1.29587698 1.40421665 0.00877708 55.0
-1.12385523 1.20100248 1.12434053 55.0
-1.32555258 1.16883993 0.45700559 55.0
-0.10944994 -1.67465460 -0.70559132 55.0
0.51830339 -0.83417606 0.48213166 55.0
-0.62986374 1.24506009 -1.13038707 55.0
1.36786747 -0.90339702 -0.71100259 55.0
1.32146239 1.12565005 -0.91664588 55.0
1.39667153 0.82124877 -0.31951278 55.0
-0.95972443 0.27649137 -1.10898674 55.0
-1.40618157 -0.16207834 0.12704711 55.0
-0.59175980 1.43046665 -1.10312235 55.0
1.33908033 -1.21940768 -0.59525192 55.0
-0.59051365 1.48790312 0.07275868 55.0
0.25487441 1.15654814 1.40403926 55.0
0.89058483 -0.74028116 0.60617536 55.0
-0.91670018 -1.16681671 -1.21991408 55.0
1.37821078 -1.31046224 -0.21140185 55.0
1.37905359 0.43672100 -0.01105271 55.0
0.07586697 1.06864738 1.45340633 55.0
-0.27789721 1.47846544 0.25248742 55.0
0.95805454 -0.73263383 -1.11213315 55.0
1.37282598 0.48386332 -0.73089743 55.0
-0.90118837 -0.93945342 0.40342274 55.0
-1.06669652 -1.26782954 0.31169233 55.0
-0.92780429 0.76034683 1.45139229 55.0
-1.08051574 -0.12016808 1.29622269 55.0
-0.11150160 0.85650033 1.44482529 55.0
-1.29339480 -0.62279916 0.58980501 55.0
-0.94538373 0.79855460 1.51809335 55.0
-1.19441557 0.78505892 -1.36346793 55.0
0.22109081 0.00866077 -1.15852344 55.0
1.14125085 -1.58785272 -0.22238991 55.0
-1.36386943 0.67778784 0.59443748 55.0
0.25162229 1.46314859 -1.08147264 55.0
1.16599965 0.74725950 -1.29448175 55.0
1.28128016 -1.12969172 0.28965282 55.0
0.06193000 -0.06659602 1.80012119 55.0
-1.05236769 0.44167534 1.39624226 55.0
1.35156870 0.08948088 0.28892377 55.0
1.02760875 0.73068869 1.40738714 55.0
-0.59020662 -1.65058601 -0.30248183 55.0
1.36905944 -0.23890565 -0.01730952 55.0
-0.92041939 0.72432506 -1.15150070 55.0
-1.38575876 -1.17293847 -0.28672373 55.0
1.36775100 -0.82861668 0.29306680 55.0
-0.85303998 0.96209085 1.42537224 55.0
1.13945770 -1.58119965 -0.14136609 55.0
0.40223509 1.35893035 0.83034545 55.0
0.83779061 1.48140800 -0.04346609 55.0
-1.40366912 -0.31175777 -0.18047902 55.0
-1.31802130 -1.17642260 0.27819079 55.0
0.98628259 0.68123239 -1.13003683 55.0
1.05195844 0.38596860 1.33586442 55.0
-1.40677917 0.34884015 -0.01093815 55.0
-1.09127831 0.42572102 1.33573651 55.0
-1.40737689 -1.31046224 -0.52185822 55.0
-1.41108847 -1.31046224 -0.40883207 55.0
0.22292665 0.36826277 -1.15852177 55.0
0.41902146 1.11270642 1.42331207 55.0
-1.00933111 0.53891879 1.47498417 55.0
-0.59079260 -1.64083087 -0.23869066 55.0
-0.99241972 0.55492729 -1.10741675 55.0
-1.36214304 1.28081501 -0.02292529 55.0
-1.35971558 1.28081501 -0.31832296 55.0
0.99258059 1.17285311 -1.22829878 55.0
0.45984891 0.43466175 1.84157276 55.0
-1.05067194 -0.73729634 0.58964723 55.0
-0.28863853 -1.64301968 -0.24424478 55.0
0.70106894 1.48193264 -0.26462287 55.0
0.72180283 -0.83463490 -1.14743054 55.0
-0.72690392 -1.63291502 -0.23488414 55.0
-0.80866838 0.36149430 -1.11990690 55.0
-0.25848439 -0.09939454 1.69073594 55.0
-1.14668357 -0.16289863 -1.08159435 55.0
0.56698865 -1.20249605 0.33746469 55.0
0.99231213 1.10510623 -1.35775828 55.0
1.35103893 -1.17293847 -0.01779297 55.0
-1.44090056 0.61103916 -0.48817265 55.0
0.06605688 -0.09262727 1.51650620 55.0
-1.02332044 -1.18219209 -1.31248510 55.0
-1.41357589 -1.31046224 -0.29923648 55.0
0.73776627 -1.40280497 -1.10589743 55.0
-0.11030212 -1.65289247 -0.31157738 55.0
1.33561015 -1.46493435 0.06339988 55.0
0.92312557 -1.04341781 -1.39550006 55.0
0.85643452 -1.05428565 0.37574333 55.0
1.34428501 1.08340847 -0.68484592 55.0
0.68578541 1.26049650 1.18021905 55.0
0.92674965 1.15327477 -1.25573039 55.0
0.07523943 1.49098670 -0.02346563 55.0
1.33122301 0.61730582 -0.95617288 55.0
0.89114118 0.90403461 -1.26347613 55.0
-1.00763297 1.47250104 -0.01298621 55.0
-0.72662187 1.49029291 -0.85011268 55.0
-1.40629816 0.34900680 -0.16468266 55.0
0.05898130 0.43590623 1.87968183 55.0
1.38694394 -0.90339702 0.11846077 55.0
-0.39863631 0.60569155 1.80964005 55.0
-1.43250299 -0.72299373 -0.51088715 55.0
1.20645595 -1.20023942 -1.20016873 55.0
-1.22127092 -0.78897357 0.46591079 55.0
-1.35971558 1.28081501 -0.31832296 55.0
0.61385202 0.53646451 1.52963066 55.0
1.36180890 1.08340847 -0.16438501 55.0
-0.65967256 0.00806843 -1.13076186 55.0
1.01591480 -1.04411471 0.37341759 55.0
1.33999515 1.16921818 -0.48112446 55.0
1.36417997 -1.01641870 -0.50608659 55.0
1.00841546 -0.01828875 1.37109268 55.0
-0.58090407 -1.55090475 0.16277823 55.0
1.09905350 1.12828588 1.27440548 55.0
0.62797457 0.36534142 -1.13076031 55.0
1.15377295 1.10329580 1.18697846 55.0
0.46825790 -0.32989532 1.28375697 55.0
0.69951606 0.96973664 1.42438555 55.0
0.68480521 0.48028186 1.40831232 55.0
-0.52785528 -0.08026639 -1.14041543 55.0
1.01658642 0.46177337 1.39682364 55.0
0.89333391 0.81068736 1.45497394 55.0
-0.51513886 -1.36510491 -1.12580025 55.0
0.07385020 1.49458158 -0.87812525 55.0
1.34973359 -0.31175777 0.27816114 55.0
1.37856591 0.43688846 -0.16467422 55.0
1.40409434 0.77425539 -0.16457109 55.0
-0.87430018 1.48140800 -0.01469989 55.0
0.69779104 1.10417747 1.40872657 55.0
-1.41927350 -0.86651975 -0.51472366 55.0
-1.16272891 0.41471672 -1.08152997 55.0
-1.38749957 1.04158735 -0.68550557 55.0
-1.12971246 1.45645642 0.08515648 55.0
-1.17009568 -1.62211120 -0.54019773 55.0
-1.22465038 -0.92564452 0.38667616 55.0
-1.31475830 0.08948088 0.58396679 55.0
-0.82328236 -0.97835201 -1.17852366 55.0
-1.44113135 0.77425629 -0.01029614 55.0
1.37017941 -0.08037129 -0.01093640 55.0
1.41180408 0.61052799 0.12830535 55.0
0.05898130 0.43590623 1.87968183 55.0
-1.31521165 1.40389132 0.11507024 55.0
0.97886980 -0.24519728 1.38974476 55.0
-1.14704430 0.00566217 -1.08171868 55.0
1.36080360 0.68346119 -0.94208133 55.0
0.44571906 0.16034572 1.90725768 55.0
-0.11289200 1.02297294 1.45719290 55.0
-1.24446988 0.54439092 0.98311490 55.0
1.38633835 -0.83279258 -0.51490122 55.0
-0.40850836 1.20288253 -1.14788604 55.0
-0.11093592 -1.48092782 0.23195720 55.0
0.11787974 0.74900991 -1.16652346 55.0
-1.39731300 0.68346119 -0.94208133 55.0
0.41902146 1.11270642 1.42331207 55.0
1.24332428 1.43515921 -0.04369057 55.0
1.05195844 0.38596860 1.33586442 55.0
0.96518159 1.35846782 -1.08335590 55.0
1.36835301 -1.05342746 -0.01540897 55.0
0.55763531 -1.47887385 0.23042156 55.0
1.36934042 -0.16207834 -0.16918604 55.0
1.38162029 0.95727521 -0.01414579 55.0
-1.39896548 0.38945049 -0.49123314 55.0
1.07707703 1.46260691 -0.83026886 55.0
0.89430910 0.46130481 1.43956590 55.0
0.88390976 0.72432506 -1.15150070 55.0
1.36284697 0.26957050 -0.49125186 55.0
0.11518794 -0.97966957 -1.18223608 55.0
-0.86568362 1.27582848 -1.11178792 55.0
1.27969360 0.35016826 -0.96804935 55.0
-1.22127092 -0.78897357 0.46591079 55.0
-0.58309299 1.28457510 -1.12788212 55.0
0.87593782 -1.39147329 -1.09522128 55.0
-1.40068948 -1.01641870 -0.50608659 55.0
0.67806238 0.42973924 1.40953636 55.0
-1.20223653 0.67977124 -1.11447334 55.0
-0.40946871 0.41047037 -1.14908826 55.0
-0.11174897 1.49098670 -0.02346563 55.0
1.15575862 1.06163013 1.22968471 55.0
-0.63586867 0.72952121 -1.14691484 55.0
1.37017941 -0.08037129 -0.01093640 55.0
0.93765855 0.54070258 1.52551174 55.0
-1.15625012 -0.45907018 -1.07993472 55.0
1.33665764 1.22246683 -0.16427355 55.0
-1.18561673 -0.73015475 -1.08175611 55.0
-0.28518462 0.57053399 -1.15691221 55.0
-0.59323967 0.59486979 1.72217357 55.0
-1.43536818 0.54289806 -0.49012223 55.0
0.33323631 -0.81101668 -1.15524447 55.0
0.57679272 -0.95159829 0.40408626 55.0
1.36702967 -0.38275164 -0.33426249 55.0
0.69159150 1.42310035 -1.09369171 55.0
-0.15091096 1.13412273 -1.16360164 55.0
-1.04686713 -0.09901889 1.36124098 55.0
0.91329134 0.24609087 1.53666389 55.0
-1.38668716 0.17540787 -0.73190904 55.0
1.28217173 -0.83768845 -1.25278211 55.0
1.07658267 0.71755606 1.34553003 55.0
0.96231747 -1.58815169 -0.05527266 55.0
0.37537208 -0.93999034 -1.17169750 55.0
1.13716447 0.87790358 -1.46576345 55.0
-0.40740147 1.09172809 -1.15521622 55.0
0.71647161 1.28276670 -1.11969721 55.0
1.28149343 -1.44466090 0.15917215 55.0
0.39617661 0.84627098 1.49730885 55.0
0.37878236 0.43153930 -1.14896512 55.0
-1.31600273 -1.57135582 -0.63913441 55.0
0.55304867 -1.66571748 -0.36254999 55.0
-1.28009546 1.43382061 -0.11285673 55.0
-0.44839048 -1.63587987 -0.15969475 55.0
-0.72198838 -1.66939414 -0.56035376 55.0
0.94352353 0.78244042 1.53558588 55.0
1.22301364 0.96085715 0.98399264 55.0
1.28908873 -1.54351556 -0.11120295 55.0
0.61603886 -0.32854301 1.27834070 55.0
0.60160571 -1.20838988 -1.14638650 55.0
0.93737042 -0.16125520 1.47168362 55.0
-1.34405792 1.33064830 -0.48567039 55.0
-1.09127831 0.42572102 1.33573651 55.0
1.39851654 -0.79218006 0.05479281 55.0
1.26631999 1.16623104 -1.09165621 55.0
-1.08051574 -0.12016808 1.29622269 55.0
-1.33226681 1.12497234 0.48961309 55.0
1.39851654 -0.79218006 0.05479281 55.0
1.35144687 0.00475620 0.28969741 55.0
-1.40663469 0.34834015 0.12606393 55.0
-0.84092432 0.52290136 1.40279245 55.0
-0.09869803 0.60584229 1.81896818 55.0
0.39133084 0.84571552 1.61817455 55.0
1.03377116 1.06262577 1.36931348 55.0
-1.44113135 0.77425629 -0.01029614 55.0
-1.39242911 -0.95821488 0.27100384 55.0
1.35016429 0.08948088 -0.73190749 55.0
1.37012506 0.34834015 0.12606393 55.0
0.60134071 1.09163368 -1.14588249 55.0
0.20337695 0.16237997 1.94810843 55.0
1.31822515 -0.97910184 -1.19594002 55.0
0.77268475 1.24330389 -1.12381232 55.0
0.83779061 1.48140800 -0.04346609 55.0
-1.36386943 0.67778784 0.59443748 55.0
1.30598629 1.32983470 0.15190144 55.0
0.07586697 1.06864738 1.45340633 55.0
-1.25737441 0.73274904 0.98524719 55.0
-1.00590229 0.15742086 1.46396220 55.0
-0.95776945 -0.31625459 -1.10838461 55.0
1.14125085 -1.58785272 -0.22238991 55.0
-1.42214882 0.48371762 -0.49095199 55.0
-1.05377865 0.53599566 1.40053260 55.0
0.99147242 0.91747624 1.46758235 55.0
-0.94656938 0.61071771 1.51011169 55.0
0.11736023 0.81475151 -1.17563713 55.0
-1.40630472 0.08948088 -0.16468275 55.0
-0.75039339 -0.90798116 0.41728166 55.0
-1.40420139 -1.05342746 -0.13982852 55.0
0.85772687 -1.38490999 0.27015033 55.0
-1.39998841 -1.26672363 -0.01632857 55.0
-0.29734373 0.97546887 1.44850135 55.0
-1.34839523 0.95729661 0.57474214 55.0
-1.20760453 -0.30826709 0.89866859 55.0
0.07267327 0.84992504 1.46157968 55.0
1.36245596 0.38945049 -0.49123314 55.0
-0.59513187 -0.04325312 1.47154844 55.0
-0.45082769 1.19839251 1.34848499 55.0
1.36245596 0.38945049 -0.49123314 55.0
-0.29226238 1.48437846 -0.41577199 55.0
-1.42886758 0.72918183 0.29457974 55.0
-0.96007121 -1.19170940 -1.26940072 55.0
0.11473623 1.20296788 -1.15554702 55.0
1.36311781 -1.09073830 -0.05651841 55.0
1.08131766 0.02271179 1.22273839 55.0
1.35354769 -1.12980771 -0.37223253 55.0
1.29368258 1.40191865 -0.34346601 55.0
-1.43859208 0.72928882 -0.48338768 55.0
-0.99019033 0.49480736 -1.10809040 55.0
-0.11093592 -1.48092782 0.23195720 55.0
1.39150429 -0.83279258 -0.35813645 55.0
0.77374107 -0.46598658 -1.11814952 55.0
0.56290734 1.48474038 -0.26862419 55.0
-0.83196664 1.38161039 0.64099133 55.0
-1.21725285 -1.00055552 0.37020618 55.0
1.12891376 -0.95020866 -1.45467281 55.0
1.24358582 1.43382061 -0.11285673 55.0
-0.25760034 0.09716369 -1.15852344 55.0
1.35324609 -1.12563145 0.15109290 55.0
-0.27778172 1.46523380 0.37703568 55.0
-0.60938787 -1.25169611 0.32555026 55.0
0.78427404 0.15941814 1.39380753 55.0
-0.64735878 0.86148781 -1.16350627 55.0
1.25147021 1.08611524 -1.28663266 55.0
1.35752153 -1.12980771 -0.03303368 55.0
1.30574429 1.27938604 -0.71325850 55.0
0.41726106 1.49034142 0.01837780 55.0
0.06312968 -0.32198352 -1.16563618 55.0
-1.05826175 -0.25574988 1.31333530 55.0
-0.94538373 0.79855460 1.51809335 55.0
-0.44858575 1.49434733 -0.86482275 55.0
-1.41447926 -0.97910184 0.13136014 55.0
1.34846580 -1.05342746 -0.72217983 55.0
-0.97464007 -0.89045626 -1.31612563 55.0
1.39292860 0.67882806 -0.70520943 55.0
-1.42662537 -0.86651975 -0.20209518 55.0
-1.02890325 -0.99670577 -1.47894871 55.0
1.22433555 1.36548889 0.31866220 55.0
1.36317134 -0.94132549 -0.71602333 55.0
-1.34531379 -1.26748919 0.25439391 55.0
-0.85803574 -1.60142267 -0.05597593 55.0
1.36132002 -1.33384359 0.15380557 55.0
0.07270984 0.57057726 -1.16462696 55.0
-0.40339941 -0.79995203 0.53587908 55.0
0.97256845 0.40692517 1.47184789 55.0
1.04852867 -0.19740835 1.27743721 55.0
-0.85337132 -0.83081502 -1.16290605 55.0
-0.99432027 1.39766800 -1.07232761 55.0
0.42679504 0.88265103 1.43216670 55.0
-1.39896548 0.38945049 -0.49123314 55.0
-0.72810107 1.42310035 -1.09369171 55.0
-0.44839048 -1.63587987 -0.15969475 55.0
0.85013151 -1.18684387 0.33773628 55.0
-0.39970082 -0.75754946 0.61730975 55.0
-1.37650478 1.16921818 -0.48112446 55.0
0.06330965 0.00866683 -1.16624773 55.0
-1.43318105 0.82124877 -0.31951278 55.0
0.49141234 0.28476784 -1.14045119 55.0
1.35042799 -1.21957910 -0.13204965 55.0
-1.20250928 0.74725950 -1.29448175 55.0
-0.89294416 -1.05428565 0.37574333 55.0
0.49134570 -0.08026639 -1.14041543 55.0
0.96614283 -0.83270621 -1.26438999 55.0
-0.51861441 -0.10036324 1.39708662 55.0
-1.35381436 0.99966615 -1.18178558 55.0
-0.39010075 -0.10136911 1.41192973 55.0
1.16479301 0.00834730 0.96414125 55.0
1.36100399 -0.45521680 -0.73060650 55.0
-1.40853024 -0.86651975 -0.71005446 55.0
-1.38624310 -0.31175777 0.27816114 55.0
-1.15190291 -1.61093056 -0.88228029 55.0
-0.46328613 1.39362049 -1.12280715 55.0
1.24732018 -1.05603826 -1.36722791 55.0
0.54138577 -0.81095821 -1.14591062 55.0
-0.37642801 -0.25334209 1.33544123 55.0
1.32970023 1.22218108 -0.48346299 55.0
1.17680931 -1.03816402 0.35960230 55.0
-1.39731300 0.68346119 -0.94208133 55.0
-1.40678048 0.08948088 -0.01079606 55.0
-0.86420518 -1.62923002 -0.29333887 55.0
0.88311720 -1.23001683 -1.17352819 55.0
-0.88225132 -0.73850191 -1.12075102 55.0
1.39538217 -0.79218006 -0.35671431 55.0
-0.58682114 -1.67749655 -0.56629169 55.0
1.11054623 0.17807961 -1.08172154 55.0
-0.92067701 0.07354051 1.42304063 55.0
-0.10426708 -0.55447537 -1.16342807 55.0
-0.44795033 1.46302390 -1.07267189 55.0
-0.98269659 -0.81591624 0.47698298 55.0
0.62439942 -0.58150756 0.94897097 55.0
-1.42345345 -0.90339702 0.11846077 55.0
-0.86321187 1.41068828 -1.08307338 55.0
1.30426860 -0.93551034 0.34202081 55.0
-1.40944409 0.91352940 0.28350407 55.0
0.24823026 1.31064820 1.04096544 55.0
-0.15147342 0.95800406 -1.18436110 55.0
-0.81848425 -1.20690119 -1.15154386 55.0
-1.30202854 -1.56575072 -0.87280965 55.0
-0.74272799 -0.80999517 -1.13985217 55.0
-1.41667318 0.91350597 -0.48130116 55.0
0.92195457 -1.11988676 -1.34964859 55.0
1.32498002 0.61005163 0.59323913 55.0
-0.25677308 -0.10150829 1.41939080 55.0
-0.25761431 0.28528413 -1.15853953 55.0
-0.10918279 0.84992504 1.46157968 55.0
1.12313640 1.01086652 -1.45029521 55.0
-1.11358666 1.46260691 -0.83026886 55.0
0.69358116 1.48801386 -0.69160807 55.0
-0.09342416 0.07279792 1.95594716 55.0
-1.40542543 -1.41339934 -0.36658671 55.0
-0.40010637 -0.68482119 0.76452404 55.0
1.38976383 -0.83279258 0.20314224 55.0
0.61084926 0.86148781 -1.16350627 55.0
0.42677659 1.39362049 -1.12280715 55.0
-1.43524826 -0.53430980 -0.18736777 55.0
0.91192484 0.77091038 -1.19887841 55.0
-0.64906538 0.50939244 1.52894521 55.0
-0.73473579 1.01647484 1.42517853 55.0
1.09539270 -0.67854851 0.68330348 55.0
-0.96497589 1.18372667 -1.20530200 55.0
-1.28626752 -1.01892996 -1.38565731 55.0
0.11496387 0.95800406 -1.18436110 55.0
-1.39316475 -1.26672363 -0.49452162 55.0
0.77268475 1.24330389 -1.12381232 55.0
1.13945770 -1.58119965 -0.14136609 55.0
1.10835385 -0.31412676 -1.08106053 55.0
1.06456959 0.58066523 1.34217346 55.0
0.54096717 1.35702360 0.82615453 55.0
1.35175586 -1.49441302 -0.39913413 55.0
0.63277042 -0.09874869 1.37255931 55.0
-0.46780318 -1.34518027 0.29646179 55.0
-1.38529265 -0.78800529 0.34858826 55.0
-1.00800765 1.46740103 -0.25618076 55.0
-1.02882159 1.10510623 -1.35775828 55.0
-1.39657259 -0.83242774 -0.93435121 55.0
-0.95231730 0.92354155 1.52416801 55.0
-0.72690392 -1.63291502 -0.23488414 55.0
-1.38667393 0.08948088 -0.73190749 55.0
1.40602601 0.54264307 -0.16465221 55.0
-1.31421089 0.00475620 0.58274019 55.0
0.97145420 1.47046971 -0.13884835 55.0
0.75690031 1.33239830 -1.10708070 55.0
-0.59905070 1.11094880 1.41533649 55.0
0.37089196 1.09172809 -1.15521622 55.0
0.90209568 1.40327406 0.49793795 55.0
0.33650076 1.28468502 -1.13708472 55.0
-1.41143274 0.99966615 -0.16444287 55.0
0.71341032 -1.24575722 0.32568556 55.0
1.36769187 -1.05342746 -0.13982852 55.0
0.40935132 -1.61328530 -1.08866251 55.0
1.28117597 0.39072075 -0.96798944 55.0
-1.40462732 -1.05342746 0.15201832 55.0
-1.36532748 -1.49012423 -0.85546768 55.0
1.35042799 -1.21957910 -0.13204965 55.0
1.32577538 1.22203147 0.18996198 55.0
-0.72131473 0.48028186 1.40831232 55.0
0.07700273 0.88279080 1.44939148 55.0
-0.59426713 0.14784263 1.67482233 55.0
1.36517584 -1.05342746 -0.30742610 55.0
1.30598629 1.32983470 0.15190144 55.0
-0.97464007 -0.89045626 -1.31612563 55.0
-0.46261743 0.97538400 1.43901348 55.0
-1.42033863 -0.90339702 -0.35467333 55.0
0.25720429 -1.54343367 -1.12010169 55.0
-0.39936066 0.28525460 -1.14918184 55.0
-0.84666979 -1.63239789 -1.00520253 55.0
-1.42733467 0.72972220 -0.69508362 55.0
1.11083174 1.45769274 0.03246999 55.0
-1.40618157 -0.16207834 0.12704711 55.0
1.34629023 -0.79518783 -0.94217420 55.0
-1.17907119 -0.87571639 -1.36671686 55.0
-1.11889982 0.81390065 1.35061884 55.0
-1.40634155 -0.16207834 -0.01306433 55.0
-0.85241276 -1.53110027 0.16520749 55.0
-1.10107923 0.58066523 1.34217346 55.0
-0.27065238 -0.55444407 -1.15572059 55.0
1.13581491 1.23621356 -1.06451535 55.0
0.59335423 1.24506009 -1.13038707 55.0
-0.73334861 1.14834523 1.38031256 55.0
-1.44287109 0.54225183 0.12729658 55.0
1.36179948 1.04158735 -0.48050204 55.0
-1.35126519 1.33070552 -0.16417594 55.0
-0.67341757 -1.36340904 -1.11722219 55.0
0.43189871 -0.65123725 -1.14493012 55.0
0.96231747 -1.58815169 -0.05527266 55.0
-0.25707218 -0.32196766 -1.15791535 55.0
0.25185227 -1.65278840 -0.30892268 55.0
1.37492323 0.99966615 -0.16444287 55.0
1.28284550 0.34679291 0.58714819 55.0
0.97692728 -1.50968337 -1.07910836 55.0
-0.15077063 -1.17395544 -1.16957355 55.0
-0.74899083 -1.39658546 0.26945269 55.0
-1.31935501 0.34679291 0.58714819 55.0
-0.28676298 -1.67973661 -0.57639945 55.0
1.39161861 -0.53440613 -0.49723846 55.0
0.25536186 0.85644072 1.43706548 55.0
1.35733008 -1.12980771 -0.11624435 55.0
1.36888111 -0.72251201 0.29040667 55.0
-1.37372112 -0.86654735 -1.15208387 55.0
-1.35381854 0.82126844 0.59302247 55.0
0.85772687 -1.38490999 0.27015033 55.0
0.97118944 -1.59900784 -0.14774387 55.0
0.36198795 -0.32194847 -1.14856219 55.0
-1.36536789 1.16898954 -0.69123530 55.0
-1.35473466 -0.97910184 -1.19594002 55.0
-0.60910589 0.92536998 1.42797697 55.0
-0.66034031 -0.17466857 1.34836698 55.0
-0.59020662 -1.65058601 -0.30248183 55.0
0.24127220 1.46523380 0.37703568 55.0
-0.38729903 -0.85111314 -1.16173792 55.0
0.24406998 1.40445781 0.65176576 55.0
-1.01343679 -1.50968337 -1.07910836 55.0
0.56195652 1.48346448 -0.40786633 55.0
0.38361019 -0.55440617 -1.14638317 55.0
-0.44274122 -1.67009318 -0.80452722 55.0
-0.25808269 -0.68486959 0.76910073 55.0
1.36818457 0.99966615 -0.48078001 55.0
-0.72987896 0.84465069 1.41326201 55.0
-1.42050672 -0.79218006 0.23229235 55.0
1.37012506 0.34834015 0.12606393 55.0
-0.58971965 1.46138132 -1.06444085 55.0
-1.07260525 -0.48672304 1.02763748 55.0
0.07180825 1.48521471 0.14888115 55.0
-1.13512611 0.40313613 1.24161673 55.0
-0.28788379 1.48558235 -1.00108528 55.0
0.39514530 1.47833872 0.25164539 55.0
0.57679272 -0.95159829 0.40408626 55.0
-1.36475909 -1.21872258 -0.77034342 55.0
1.37012875 0.17533846 0.12633163 55.0
-1.34077823 -0.93551034 0.34202081 55.0
0.40403163 -1.66739845 -0.91600347 55.0
0.59335423 1.24506009 -1.13038707 55.0
-1.42304277 -0.90339702 0.17288643 55.0
0.99231213 1.10510623 -1.35775828 55.0
1.36100399 -0.45521680 -0.73060650 55.0
1.38178849 -1.35469151 -0.08047233 55.0
1.37488270 0.73020130 -0.93125939 55.0
-1.41507554 0.43688846 -0.16467422 55.0
1.12612474 0.62746823 1.24887073 55.0
-1.23486578 0.48469499 0.98121136 55.0
1.33999515 1.16921818 -0.48112446 55.0
0.87945449 -1.09014452 -1.25567973 55.0
1.29486990 1.33041978 -0.71783918 55.0
-0.81940627 1.17021120 -1.14872980 55.0
0.05706677 0.16243647 1.95528650 55.0
-1.33718705 1.16971338 -0.92325008 55.0
1.29449439 0.43466488 0.58774853 55.0
1.37876964 -0.53479147 -0.73006427 55.0
-0.28235003 1.35904610 0.83540130 55.0
-1.22606242 0.43734097 0.97942525 55.0
-1.13820231 -0.43405947 1.02275622 55.0
-0.87322325 1.47500312 -0.39729166 55.0
0.60756558 -0.90269870 -1.15687382 55.0
-1.33728290 -1.21701264 -0.96002632 55.0
-1.13214850 -0.81324983 -1.20177984 55.0
-1.43023229 -0.83279258 0.12673114 55.0
0.88477886 1.19455576 -1.16397691 55.0
-1.26327598 -1.51455891 0.08929147 55.0
1.31730485 0.99966615 -1.18178558 55.0
-1.01640344 -0.30775601 1.35510099 55.0
-1.40542543 -1.41339934 -0.36658671 55.0
0.78627354 0.24803820 1.40236664 55.0
-1.40574753 -0.38275164 0.11256577 55.0
-1.32357228 -1.57482135 -0.41776326 55.0
0.62375963 -0.75323331 0.61276489 55.0
-1.02751493 -1.44755292 0.23021783 55.0
-0.98965466 0.80121773 -1.31424868 55.0
-0.68967366 -0.83035851 0.48124832 55.0
-0.41620824 0.81469190 -1.16785717 55.0
-0.60863721 -1.40329456 0.26894909 55.0
-1.15451324 1.29475439 -1.05830908 55.0
-1.05826175 -0.25574988 1.31333530 55.0
1.05865586 0.47360596 1.33780289 55.0
-1.38763487 -0.16207834 0.28880960 55.0
1.29156053 -1.04733932 0.31519198 55.0
-0.60923404 -0.91219509 0.41774610 55.0
-0.52745938 -0.39568791 -1.13934171 55.0
0.80389738 0.74778795 -1.14935112 55.0
-0.15114646 -1.01913321 -1.18151021 55.0
-1.14182663 -1.22040689 -1.18272197 55.0
0.11160696 -1.28415823 -1.14779949 55.0
1.39934564 -0.53430980 -0.03701244 55.0
-0.14910047 -0.87277037 -1.17057538 55.0
-0.40823069 -1.23749530 -1.15049338 55.0
1.02361405 0.79321879 -1.36931241 55.0
-0.15220091 -0.90281904 -1.17405820 55.0
1.08098757 -0.06241262 1.21320927 55.0
-0.40615693 0.72958648 -1.15625608 55.0
0.07523943 1.49098670 -0.05320977 55.0
1.37026870 0.00475620 -0.01061142 55.0
-0.09357630 0.16243647 1.95528650 55.0
-0.95356053 0.87926388 1.54281342 55.0
1.34928310 -0.38275164 -0.73093802 55.0
0.83338243 1.47732687 -0.53267813 55.0
1.01690042 0.48909768 1.39818883 55.0
-0.84042311 -0.80630040 -1.14080417 55.0
-1.38831091 -0.38275164 0.26869747 55.0
0.07524390 1.49068940 -0.08606338 55.0
0.96580958 -1.64158964 -0.54735398 55.0
1.27613974 -1.53140819 -0.00649853 55.0
-1.28275096 -1.09344935 -1.33584869 55.0
-1.03596210 -1.43775392 -1.08211744 55.0
1.13725948 1.43626320 0.19655792 55.0
1.38685775 -0.90339702 -0.05159079 55.0
0.41051456 -1.67940068 -0.45184720 55.0
1.36809897 0.26957050 -0.32001474 55.0
0.88571912 -1.25216365 -1.14641595 55.0
-1.36748803 -1.19870758 0.19929986 55.0
1.40409434 0.77425539 -0.16457109 55.0
-0.97760254 0.73235214 1.53279841 55.0
0.96231747 -1.58815169 -0.05527266 55.0
-0.79530358 -0.67562062 0.75509369 55.0
1.39277875 0.48368120 -0.16466551 55.0
-0.11146947 1.49057508 0.01681464 55.0
-1.10107923 0.58066523 1.34217346 55.0
-0.65962672 -0.08027928 -1.13074219 55.0
-0.55568105 0.15438040 1.81209135 55.0
0.74099630 -0.85003543 -1.15383780 55.0
-0.53259957 -0.47127831 -1.13865221 55.0
0.97989386 -0.30775601 1.35510099 55.0
-0.87165153 1.48101401 0.02421445 55.0
-1.31074595 -1.56819999 -0.74632007 55.0
0.63983852 0.40731508 -1.13068533 55.0
0.58589107 0.33936948 1.53671873 55.0
0.90373099 1.36627889 0.63596767 55.0
1.39885879 0.54289806 -0.49012223 55.0
1.37969232 -1.35469151 -0.33118966 55.0
1.33908033 -1.21940768 -0.59525192 55.0
-1.40438592 0.95729083 0.26842338 55.0
1.10531700 -1.22040689 -1.18272197 55.0
-1.01343679 -1.50968337 -1.07910836 55.0
-0.98825794 1.43298554 -1.03391123 55.0
-1.15350914 1.45604539 -0.13432451 55.0
1.37329352 -1.01641870 0.08120555 55.0
-1.43343031 -0.53430980 -0.33609462 55.0
-0.23840098 0.07258686 1.95086217 55.0
0.20390567 -0.00790185 1.90378785 55.0
1.29156053 -1.04733932 0.31519198 55.0
0.11441091 1.04801250 -1.16776109 55.0
-1.06706882 0.75577891 -1.30300939 55.0
0.74185050 0.63523000 -1.12937152 55.0
-0.15114646 -1.01913321 -1.18151021 55.0
-0.94024056 1.36627889 0.63596767 55.0
-0.25732186 0.68765956 1.78804779 55.0
1.22534752 1.00337327 0.97085911 55.0
0.06330965 0.09717561 -1.16624773 55.0
-0.95893669 -0.38864285 -1.10790133 55.0
-0.95846409 -1.11988676 -1.34964859 55.0
-1.00722373 -0.46963406 1.08058238 55.0
-1.38749957 1.04158735 -0.68550557 55.0
0.06319601 -0.58521128 0.96831530 55.0
0.87235266 -1.27629852 -1.12268937 55.0
0.36282885 0.09714923 -1.14916575 55.0
-0.81774819 -1.05668390 -1.17823136 55.0
1.31819487 0.54134381 0.59141546 55.0
-1.02762234 1.14265704 -1.29443145 55.0
0.99258059 1.17285311 -1.22829878 55.0
1.02255476 -0.96846545 0.39234784 55.0
0.54602748 1.30869353 1.02890038 55.0
0.07589770 -1.15540135 0.35328570 55.0
-0.66016674 -0.48370364 1.11112392 55.0
-0.46261743 0.97538400 1.43901348 55.0
0.82772994 -1.61271918 -0.15031840 55.0
-0.81935489 -0.17679042 1.35104704 55.0
-0.82658702 -0.90161431 -1.16527414 55.0
0.41856688 1.49075282 -0.05072808 55.0
0.81989288 -1.65066421 -0.67439789 55.0
-1.38420892 -0.31175777 -0.73120326 55.0
1.01485753 -0.17667925 1.34498632 55.0
1.28908873 -1.54351556 -0.11120295 55.0
-0.96256518 1.11580908 -1.30260634 55.0
0.93459255 -0.08440914 1.48710465 55.0
1.07707703 1.46260691 -0.83026886 55.0
-1.41974187 -0.53430980 0.23124288 55.0
-0.72405130 -1.66918778 -0.44250223 55.0
1.01039994 0.14960375 1.38893294 55.0
-1.41472042 -1.31046224 -0.21140185 55.0
1.18955278 0.43734097 0.97942525 55.0
0.81653047 0.96209085 1.42537224 55.0
0.43111232 -1.29895365 0.31358328 55.0
-1.20454073 0.17867379 0.97263879 55.0
-1.39520311 -1.08656144 0.17483263 55.0
-1.34531379 -1.26748919 0.25439391 55.0
1.03586376 0.82610178 1.41300440 55.0
-0.40808249 1.00365353 -1.17002738 55.0
1.39667153 0.82124877 -0.31951278 55.0
1.28031027 0.82368052 -1.34641159 55.0
0.79545707 1.38161039 0.64099133 55.0
-1.01979029 0.78137803 1.48523891 55.0
-0.52785528 -0.08026639 -1.14041543 55.0
-1.00147450 -0.33180773 1.34906769 55.0
0.89308649 0.55798471 1.44399869 55.0
0.62383074 -0.17466857 1.34836698 55.0
0.49138272 0.00853249 -1.14043534 55.0
-1.01537943 -0.24519728 1.38974476 55.0
-0.28909528 1.43251216 -1.12069190 55.0
0.25575283 1.48437846 -0.41577199 55.0
0.07255827 1.31074083 1.04636538 55.0
0.37170738 -1.01907098 -1.17369533 55.0
-1.23486578 0.48469499 0.98121136 55.0
-1.39585185 -1.05342746 -0.50428718 55.0
-1.43859208 0.72928882 -0.48338768 55.0
1.30077338 -1.21701264 -0.96002632 55.0
0.89031893 0.34070799 1.44326019 55.0
-0.11237650 1.06864738 1.45340633 55.0
-0.45831066 -1.20397890 0.33844477 55.0
0.41638547 1.48659325 -0.54983604 55.0
0.07380842 -1.63610768 -0.16362485 55.0
-0.61330223 -0.95159829 0.40408626 55.0
1.21761966 0.77782953 0.98570508 55.0
-1.28455067 1.28316975 -0.94255650 55.0
-1.31438613 -0.23932554 -0.96731681 55.0
-0.57991266 -1.59835339 0.05345867 55.0
0.92627263 1.03097010 -1.37397540 55.0
-0.24398124 -0.33026668 1.29919159 55.0
-0.45289502 1.48659325 -0.54983604 55.0
1.13280869 0.83907861 1.25529325 55.0
1.35016429 0.08948088 -0.73190749 55.0
-0.40755367 1.04793739 -1.16002762 55.0
-0.14915921 1.24525487 -1.14721942 55.0
-0.74333376 1.38417614 -1.10474563 55.0
-0.66927993 -0.09874869 1.37255931 55.0
-0.93081862 0.46130481 1.43956590 55.0
0.96530956 -1.51881671 0.16384399 55.0
-0.53177971 0.36762998 -1.14043367 55.0
0.90887415 0.79855460 1.51809335 55.0
0.58501780 0.15366201 1.45935607 55.0
0.06330965 0.00866683 -1.16624773 55.0
1.11800361 1.29475439 -1.05830908 55.0
0.07722441 -0.99186027 0.40023690 55.0
-0.09982394 0.28530860 -1.16626406 55.0
0.88390976 0.72432506 -1.15150070 55.0
-0.86504364 1.48237205 -0.68437552 55.0
-0.63961256 1.20277929 -1.13860536 55.0
0.41661873 1.15644860 1.39487278 55.0
0.07433005 1.19858027 1.36460149 55.0
0.95786333 1.47378206 -0.67904383 55.0
-1.31935501 0.34679291 0.58714819 55.0
0.79584938 -0.82367265 0.48037294 55.0
-1.32648647 -1.26597655 -0.96997797 55.0
-1.02701211 1.25204229 -1.09454334 55.0
-0.40821689 -1.01907098 -1.17369533 55.0
1.01658642 0.46177337 1.39682364 55.0
-1.40453494 0.34900680 -0.32001358 55.0
-0.84409428 0.56073028 -1.11834085 55.0
-0.09549084 0.43590623 1.87968183 55.0
-0.74020571 -1.53397381 -1.09984696 55.0
0.20189145 0.07258686 1.95086217 55.0
-0.57944888 0.83936507 1.43091905 55.0
0.95781070 1.39766800 -1.07232761 55.0
-0.10349361 0.46009934 -1.16579866 55.0
-0.71457195 0.42973924 1.40953636 55.0
-0.92041939 0.72432506 -1.15150070 55.0
-1.33226681 1.12497234 0.48961309 55.0
0.79051238 -0.54736686 -1.11718154 55.0
0.25202137 1.49447572 -0.87210995 55.0
-1.36835539 -1.05342746 -0.95236284 55.0
1.39538217 -0.79218006 -0.35671431 55.0
1.18933690 -0.45098531 0.79674852 55.0
1.35996568 1.08340847 -0.31891981 55.0
1.09475684 1.42036498 -1.00800705 55.0
0.97951585 0.73114038 1.48221779 55.0
1.07707703 1.46260691 -0.83026886 55.0
-1.14620399 -0.38585523 -1.08058703 55.0
-0.53177971 0.36762998 -1.14043367 55.0
-1.31681991 0.82368052 -1.34641159 55.0
-0.28985444 1.49177706 -0.71034962 55.0
-0.90826654 -0.86760199 -1.20433211 55.0
-0.11035000 1.23515058 1.30134058 55.0
-0.10724097 1.44076884 0.51134306 55.0
-1.37505877 -1.49154973 -0.71476072 55.0
1.37298131 -1.01641870 0.16584368 55.0
-0.15148948 -1.25986445 -1.15276170 55.0
0.60153866 1.13394439 -1.14655423 55.0
-1.20102954 -0.07677957 0.95727932 55.0
-0.81831867 1.09008038 -1.15767825 55.0
-0.70275223 0.34546462 1.41225302 55.0
-1.00057137 0.97208959 1.45549917 55.0
-1.08846796 0.38596860 1.33586442 55.0
-1.09137344 -0.27253616 1.24490392 55.0
0.05805992 0.34873381 1.90566432 55.0
-1.25412917 0.77782953 0.98570508 55.0
-0.94840121 0.16218297 1.52830803 55.0
0.30644059 -0.74847960 -1.15335429 55.0
1.13686156 -0.79157388 -1.12857509 55.0
0.26409119 -1.34528160 0.29763049 55.0
-0.41319820 0.83640987 1.68433213 55.0
-0.15148948 -1.25986445 -1.15276170 55.0
0.96937883 -0.08805860 1.43685734 55.0
0.60043591 -1.09662962 -1.16217887 55.0
0.62442726 -0.68097031 0.75806671 55.0
0.07561643 -1.54353034 -1.12506509 55.0
1.16479301 0.00834730 0.96414125 55.0
-0.10426708 -0.55447537 -1.16342807 55.0
-1.05110312 -1.33457434 -1.08626449 55.0
-0.73564452 -0.64760119 -1.12658119 55.0
1.16803110 0.17867379 0.97263879 55.0
-0.38750577 0.49277952 1.85112429 55.0
1.10413361 -1.55097961 0.05385838 55.0
1.28904295 1.16883993 0.45700559 55.0
0.97286105 0.44579557 1.47066855 55.0
0.26447123 -0.65128291 -1.15425694 55.0
0.41638547 1.48659325 -0.54983604 55.0
0.29382113 -1.36520803 -1.13498759 55.0
1.37301552 -0.97492450 0.20955946 55.0
-0.32700440 0.63991064 -1.15599787 55.0
-1.39195704 -1.35448444 -0.82231349 55.0
-0.44254962 1.31053627 1.03442335 55.0
0.90883392 0.67952681 1.51224041 55.0
-0.46295470 -1.03038597 0.38831162 55.0
-0.87255293 -1.45987952 0.23197308 55.0
0.07628138 -1.11033118 0.36665145 55.0
1.11987984 0.39433697 -1.08164573 55.0
-0.58870739 0.54799300 1.73298895 55.0
1.36983192 -0.16207834 -0.01306433 55.0
-0.94806761 -1.30289590 -1.10208786 55.0
-1.42403626 0.91350907 -0.01188905 55.0
-1.40794086 0.40888250 0.12536007 55.0
-0.09504949 -0.25345075 1.35133374 55.0
0.56677765 -1.15382564 0.34937683 55.0
0.47826016 0.77420086 1.72907948 55.0
0.88311720 -1.23001683 -1.17352819 55.0
1.04711008 -0.40730068 1.13606906 55.0
-1.40912151 -1.01641870 -0.13278159 55.0
-0.66026920 -0.75323331 0.61276489 55.0
1.02566218 -0.93048489 0.40081555 55.0
0.29049486 0.63991064 -1.15599787 55.0
1.35369134 -1.49104869 -0.32262650 55.0
1.35155165 -0.99553180 0.26316845 55.0
