-1.14706695 0.80830079 1.35745430 45.0
0.06600823 -1.32184100 -1.06498992 45.0
0.31589180 1.19739640 -1.17842364 45.0
0.95354003 -0.70787358 -1.19793713 45.0
-0.79988450 1.19739640 -1.18342876 45.0
1.16620088 1.06832564 1.29380167 45.0
-0.23094311 1.22732365 1.47170913 45.0
-1.11634815 0.38075706 0.99725008 45.0
0.91350907 1.27351820 1.35610139 45.0
-0.99289012 1.42351949 -0.85948390 45.0
-1.16986835 -1.29396105 0.21197605 45.0
1.38072419 -1.02757549 -0.99315184 45.0
-0.40321067 1.47522640 0.40002376 45.0
-1.42521286 1.01107669 -0.02550382 45.0
-0.62816966 -0.00260630 -1.18661094 45.0
-0.37286055 -1.23213673 0.94594991 45.0
-0.07550748 -1.23213673 0.94594991 45.0
0.78806174 -0.84367943 -1.24033856 45.0
0.84343159 -0.42792207 1.65599906 45.0
0.92958891 -1.19523168 0.89914042 45.0
-0.78754389 -1.23215079 0.90906805 45.0
0.39607587 1.36436856 -1.06563497 45.0
1.41503179 0.83248496 -0.96168417 45.0
-1.43850279 0.16332369 0.72969258 45.0
-1.42029512 0.42532176 -0.65619308 45.0
-1.05746961 1.13309669 -1.46276438 45.0
0.58760518 -0.58758694 1.80921495 45.0
-1.10008335 1.37537861 1.10078299 45.0
-1.41792560 -0.91756576 -0.65794986 45.0
-0.23973118 0.48280728 -0.02361020 45.0
-0.07996663 1.44561839 -0.90751600 45.0
0.39271849 -0.96586657 1.20278454 45.0
-0.92942905 0.79884553 0.52804208 45.0
0.07204617 -1.21442854 -1.15264750 45.0
1.24135673 0.61204827 -1.11687744 45.0
-1.39679658 1.25787914 -0.02440553 45.0
-0.39934015 1.18198168 1.50089109 45.0
1.29167867 -1.14695573 0.69564140 45.0
0.21762581 1.51813030 -0.55062544 45.0
-0.08362337 0.73237485 0.11640747 45.0
0.38893637 1.49722242 0.15425403 45.0
-1.32632732 -1.16733742 -0.29286841 45.0
-0.70189536 -1.46812809 0.03064517 45.0
1.41312683 -0.69609106 -0.64382452 45.0
1.04740429 0.92133456 1.45400262 45.0
1.41952169 0.16332369 -0.65619415 45.0
1.40005171 -0.31933218 -0.65469611 45.0
-1.32720506 -1.16733742 0.40295479 45.0
-1.43417346 -0.73485494 -0.32618910 45.0
-1.42594326 0.42467052 0.72882414 45.0
-0.63809419 -1.48241651 0.13917132 45.0
0.97115952 -0.91703856 -1.50347817 45.0
-0.94838023 -1.39112782 0.17546730 45.0
-1.42466927 -0.51854324 -0.05630724 45.0
1.15448558 -1.08559883 -1.35063779 45.0
-0.99409789 0.96832049 -1.51327896 45.0
-0.23922896 0.93901199 1.80969214 45.0
-1.42400396 0.61214918 -0.28667617 45.0
-0.51924175 1.26727188 -1.14711261 45.0
-1.17889750 1.40384746 -0.76648432 45.0
0.38828829 1.50886691 -0.07211274 45.0
0.70962030 1.27380109 1.40764475 45.0
-0.08166984 1.06583250 1.59814644 45.0
-0.79286337 -1.41351652 0.40313885 45.0
-1.24468839 -0.46266714 -1.11578476 45.0
-0.55983514 1.37174177 1.30818033 45.0
-0.11450170 -0.74371350 -1.19993436 45.0
-0.24117257 0.79884553 0.52805525 45.0
0.69965214 -1.44393146 0.40724054 45.0
-1.25270271 -0.15946773 -1.11931908 45.0
-1.20598209 1.23128414 -1.15273845 45.0
1.31240332 1.13386929 -1.48083675 45.0
1.34096694 0.34170270 1.16246879 45.0
-1.36476958 -0.51484126 1.02193189 45.0
1.39530396 -0.56403989 0.84419155 45.0
-1.37145495 0.67187351 1.11633837 45.0
0.72099394 1.13867795 1.49870789 45.0
0.21553497 -1.35137618 -1.00452483 45.0
-1.26142108 -0.45524898 1.24063611 45.0
-1.26571178 0.08055543 -1.11980569 45.0
-1.42349684 -0.51854324 0.74480700 45.0
0.92274231 -0.43407789 1.55708241 45.0
0.70962030 1.27380109 1.40764475 45.0
-1.40895271 -0.69887632 -0.98266023 45.0
0.09756538 -0.95319271 -1.21261382 45.0
-1.33043504 -1.16733742 0.03108690 45.0
-0.07996663 1.44561839 -0.90751600 45.0
-1.07910240 1.08657765 1.38573611 45.0
-1.41668606 1.17490375 0.72366273 45.0
0.91755801 -0.95319271 -1.33128190 45.0
1.22745478 0.01091084 1.11140704 45.0
1.39737475 1.17490375 -0.58319211 45.0
0.89436448 -1.21442854 -1.08129430 45.0
1.38876736 -0.15946773 1.07499468 45.0
-1.07737088 1.12552607 1.37113762 45.0
1.24129176 0.42532176 -1.11980355 45.0
1.03354716 -1.00813448 1.07580531 45.0
-0.97556549 0.88983208 1.49967444 45.0
-1.06506968 0.47964811 0.67094588 45.0
-1.11136627 -1.30032742 0.50031960 45.0
0.22015592 -1.00801361 1.17566848 45.0
0.99359685 -1.35050023 -0.90080643 45.0
1.41602182 0.73838192 -0.27964130 45.0
-0.22959997 1.27380109 1.43024433 45.0
-1.07128930 -0.80662674 -1.55243063 45.0
0.31473750 -1.02536428 -1.19850028 45.0
1.25959074 1.22011948 1.05843377 45.0
1.11034465 1.40959787 0.43216923 45.0
1.19925284 -1.25300217 0.46452194 45.0
-1.15457654 0.85233009 1.39086962 45.0
0.56143737 1.50481296 -0.55470365 45.0
0.73195750 -1.00801361 1.15870607 45.0
0.58450967 -0.78938991 1.28875732 45.0
1.41964316 -0.77349192 -0.32460305 45.0
1.40322959 1.09344590 0.74200004 45.0
-0.88568693 1.47716594 -0.30809128 45.0
0.53984946 1.44504893 1.09589887 45.0
0.65251428 -1.40794230 0.61956519 45.0
1.40317762 -0.95319271 0.51798368 45.0
1.37687159 0.51864493 1.10378599 45.0
-1.07910240 1.08657765 1.38573611 45.0
0.53588611 1.47112823 0.93033475 45.0
-0.57406086 0.72675610 -1.18930662 45.0
-1.22346485 1.38912106 0.48125708 45.0
-0.70207572 -1.15239239 1.02633584 45.0
0.09952803 -0.77181321 -1.20491946 45.0
0.10009632 -0.74371350 -1.19993436 45.0
1.08992577 -0.60429633 -1.10415256 45.0
0.90367264 -0.85671568 1.20267260 45.0
-1.33042574 0.52169633 1.17999434 45.0
-1.16553736 -0.71516335 1.36054265 45.0
-0.73699093 1.48580825 -0.67290604 45.0
0.22202893 0.14184806 -0.02276645 45.0
0.84491175 1.13867795 1.46725202 45.0
-1.42567623 -0.46266714 0.17630771 45.0
-0.86168033 -0.43136561 1.96132362 45.0
-1.03267539 0.72680813 -1.13981485 45.0
0.62179428 -1.48400080 0.04156459 45.0
-0.11226246 1.16848826 -1.18718672 45.0
-1.11739361 -0.43213129 1.29834604 45.0
-0.40855575 0.30816242 -0.02255514 45.0
0.21519460 1.27380109 1.43024433 45.0
1.23982882 0.52104282 -1.11953020 45.0
0.39232859 0.03843896 -0.01995469 45.0
-0.98879689 -0.88058347 -1.50488496 45.0
-1.34138441 1.21184897 -1.18980229 45.0
-0.25176597 -0.31933218 -1.19211066 45.0
1.40228069 1.17490375 0.72366273 45.0
0.79478616 0.63038027 -0.02705589 45.0
0.55545813 1.01107669 -1.21030438 45.0
-0.59534150 -0.12237110 -0.00780971 45.0
0.88245785 -1.35094666 -0.93201262 45.0
0.83024937 1.32246006 1.33067441 45.0
-0.39183587 1.32274294 1.37927270 45.0
1.40305877 -0.98964196 -0.21600030 45.0
0.39461383 -0.92769098 1.22379851 45.0
-1.20486283 -0.97047639 1.02507889 45.0
-0.83479804 0.61190003 -1.15596700 45.0
0.97969246 0.96832049 -1.51327896 45.0
1.24129176 0.42532176 -1.11980355 45.0
1.19082248 1.39683521 0.80840915 45.0
-0.98879689 -0.88058347 -1.50488496 45.0
1.04285419 -1.34895515 0.26168504 45.0
1.09799314 0.08055543 -1.11163878 45.0
1.24003041 1.36396468 -0.57796299 45.0
0.93620533 0.87819368 -1.32000291 45.0
0.39415038 0.30816242 -0.02255514 45.0
-1.07910240 1.08657765 1.38573611 45.0
-0.98145247 1.43590319 0.76858437 45.0
1.41430295 1.09344423 0.21109948 45.0
-0.11521497 0.79861885 -1.19990408 45.0
1.40224528 1.09344423 -0.58527857 45.0
0.92553753 -1.38755190 0.28726456 45.0
0.51527280 -1.40092170 -0.92770487 45.0
1.37950981 0.48349652 1.10432565 45.0
-1.42916393 -0.56406903 0.39486775 45.0
0.31589180 1.19739640 -1.17842364 45.0
-0.62146956 -1.45588851 0.50768298 45.0
1.20232809 -0.77161562 -1.53638983 45.0
0.56601381 1.10054719 1.54801488 45.0
0.98780590 1.13622510 1.41528761 45.0
1.40405202 0.57083917 0.95541483 45.0
-0.96836859 1.44196594 0.80764180 45.0
0.42005911 0.54415286 -1.19309711 45.0
-1.04632699 0.67097175 0.29241481 45.0
-1.42573404 -0.31933218 0.43508971 45.0
-0.84115100 0.93901199 1.67226195 45.0
-0.16139758 -1.49214303 0.36342964 45.0
-1.13746774 1.35026252 -0.99349290 45.0
1.05884993 1.43243277 -0.73608088 45.0
-1.01086485 -0.58758694 1.67786574 45.0
-0.33088925 -1.10570133 -1.17443705 45.0
-0.08394466 -0.46080756 2.10987353 45.0
-1.35328436 -0.08505750 1.12777388 45.0
-1.31461847 -0.67436177 1.13946366 45.0
-1.37124527 -1.11695111 0.43158150 45.0
0.06955311 -0.58758694 1.81544030 45.0
1.11040378 -0.44607329 1.47918010 45.0
-0.77605838 -1.44377148 -0.77204859 45.0
-1.21883845 1.38596559 0.87879246 45.0
1.38770926 1.21553695 -0.59288448 45.0
-1.00906444 -0.43920255 1.43155992 45.0
-0.32522798 1.23561549 -1.16335249 45.0
-0.59688413 0.30816242 -0.02367773 45.0
0.22676720 0.79884553 0.52805525 45.0
-1.42712724 1.01107669 0.21101543 45.0
-1.33335340 1.01107669 -1.63315940 45.0
1.23118317 0.35755849 1.14276087 45.0
-0.59023803 -0.92769098 1.22019303 45.0
-0.70452207 -0.56406903 -1.17986965 45.0
-1.42973971 0.33916986 0.46417391 45.0
-1.24801779 -0.23858924 -1.11883903 45.0
1.03609800 -0.12020498 0.68040437 45.0
-0.73873329 1.10054719 1.52775884 45.0
0.40131992 -0.42327043 1.76237154 45.0
0.06352500 1.41285658 1.22345734 45.0
-0.59023803 -0.92769098 1.22019303 45.0
0.06937752 0.57807875 -0.02413430 45.0
1.24135673 0.61204827 -1.11687744 45.0
-0.74870193 1.45733249 0.48034784 45.0
-0.95733422 -0.74371350 -1.25995827 45.0
-0.74870193 1.45733249 0.48034784 45.0
-1.35703135 -1.11328065 -0.99892777 45.0
-0.62805969 0.48599443 -1.18652785 45.0
1.40352035 -0.91756576 -0.65794986 45.0
0.06903031 0.54287499 -0.02396047 45.0
0.55421370 -0.91703856 -1.21411169 45.0
1.28486419 -0.62845916 1.17254305 45.0
1.39423323 -0.91727817 -0.99713784 45.0
-1.36713016 -0.55993783 0.99864990 45.0
-1.43074203 -0.77260470 -0.62442362 45.0
0.58093613 -0.12237110 -0.00780971 45.0
1.37887561 0.67754298 -0.98434359 45.0
-1.32803547 1.09344423 -1.54906511 45.0
-1.10331619 0.56047702 1.00517201 45.0
1.04175615 1.30229068 1.24571466 45.0
0.55469483 1.05249107 -1.19590604 45.0
0.76473182 -0.41873714 0.51171690 45.0
1.21154606 -1.17038107 0.76578170 45.0
-0.74431825 -1.44494784 -0.81612837 45.0
0.48039243 -1.50337052 -0.73008060 45.0
0.31644490 0.96832049 -1.21966660 45.0
0.79345381 0.52104282 -1.15795112 45.0
0.30567122 -1.12986302 -1.16725099 45.0
0.70628828 1.32274294 1.35780180 45.0
-1.42016399 -0.39591911 -0.29558203 45.0
0.99966401 -0.74366236 -1.33743739 45.0
0.51948673 -1.23213673 0.94357502 45.0
-0.22584684 1.37143075 1.31408751 45.0
-1.11247385 1.38490975 -0.92977172 45.0
1.24678242 -0.72996950 1.25135660 45.0
-1.20052874 0.96832049 -1.70650709 45.0
0.58217961 -0.82245785 1.25898230 45.0
-1.42918229 -0.64973772 -0.32357925 45.0
-0.46353146 -0.51854324 -1.18815589 45.0
0.93120247 -0.80662674 -1.31528282 45.0
0.37483999 -1.50536633 0.02341800 45.0
1.35321867 -0.39591911 -0.99522698 45.0
-1.11239851 0.08055543 -1.11163878 45.0
-0.80675739 -0.80662674 -1.23322225 45.0
-0.63619965 -1.48400080 0.04156459 45.0
-0.58196896 1.46647608 0.48162869 45.0
1.41516995 0.33891532 0.72910577 45.0
0.31482545 -0.91703856 -1.21411169 45.0
0.97382838 -0.56406903 -1.11402047 45.0
-1.43139005 0.78835726 -0.27638382 45.0
-0.06528316 -1.46657979 -0.87057996 45.0
-0.54983485 1.47874355 0.82115930 45.0
0.98539811 0.92392868 -1.49604547 45.0
1.10142148 -1.31629539 0.38384777 45.0
1.38301337 -1.06994390 0.45501676 45.0
1.32589769 -0.75370896 1.06586909 45.0
-1.03626823 0.73237485 0.38885608 45.0
0.81184697 0.77288133 -1.19895792 45.0
0.32198086 -0.68643391 -1.18764377 45.0
0.90610987 -0.67287862 1.53457940 45.0
1.26939750 1.20292342 -1.30353355 45.0
1.36667931 -0.70790684 -1.22523701 45.0
1.18424404 1.39308536 0.72016215 45.0
-0.57047808 1.19739640 -1.17842364 45.0
-0.24024190 -0.43391857 1.18074691 45.0
-0.82158333 0.79861885 -1.21040928 45.0
1.41499841 -0.81189829 -0.62439644 45.0
1.40042830 -0.39591911 -0.65412354 45.0
1.36348748 0.42532176 -0.99862999 45.0
-1.42598999 -0.91780537 0.15381138 45.0
-1.42524767 0.54415286 0.21070282 45.0
-0.23203118 1.51813030 -0.55062544 45.0
0.65251428 -1.40794230 0.61956519 45.0
-1.43867683 0.16332369 0.46432066 45.0
-0.06243024 -1.45669866 0.52254361 45.0
-1.12709546 -0.63675314 1.51223886 45.0
-1.11289287 -0.37508336 1.04579437 45.0
1.41874206 0.87819368 0.21089780 45.0
0.07803941 -0.51854324 -1.18815589 45.0
-1.32124579 1.30264068 0.82078302 45.0
-1.17299485 1.19816446 -1.31485975 45.0
1.33887899 -0.08505750 1.12777388 45.0
0.74426210 -0.92769098 1.20577013 45.0
-0.25246316 0.52104282 -1.19344914 45.0
-1.43963110 -0.69536984 0.53117055 45.0
1.41633677 -0.77260470 -0.62442362 45.0
-0.05909216 -1.47966361 0.44310701 45.0
0.90610987 -0.67287862 1.53457940 45.0
0.06522372 1.27380109 1.43024433 45.0
-0.61018312 0.60169870 -0.02548341 45.0
-0.08117335 1.46242535 0.57515675 45.0
0.57088506 -1.25775647 -1.12335646 45.0
-1.42989242 0.24712773 0.95197177 45.0
1.34852493 -0.46118352 1.05044305 45.0
0.58611178 -0.75234228 1.36409497 45.0
-1.39679658 1.25787914 -0.02440553 45.0
-0.77681446 -1.12986302 -1.16299808 45.0
-1.00200009 1.45292687 -0.05016861 45.0
-1.26437008 -0.00260630 -1.11976898 45.0
-1.34514093 0.42630914 1.17581344 45.0
0.24947709 1.31396413 -1.11616921 45.0
-0.23270407 -1.29521155 -1.10027182 45.0
-0.88927180 -1.25775647 -1.05984843 45.0
1.41533434 0.33916986 0.46417391 45.0
-1.43586469 -0.81429452 0.38079408 45.0
0.06776994 0.30816242 -0.02255514 45.0
1.38072419 -1.02757549 -0.99315184 45.0
1.04556370 0.57561094 0.67027634 45.0
1.40517116 1.01107669 -0.58713335 45.0
0.23820819 0.42532176 -1.19373775 45.0
-0.62782425 0.52104282 -1.18635011 45.0
0.94458503 0.72675610 -1.16437101 45.0
0.72100478 0.93901199 1.75060058 45.0
1.17781043 1.13329744 -1.51494026 45.0
-0.41781044 0.62996727 -0.02077432 45.0
1.34852493 -0.46118352 1.05044305 45.0
0.78547901 1.19739640 -1.18342876 45.0
0.06949802 -0.63345027 1.70042217 45.0
1.42543542 0.08055543 0.46460283 45.0
1.41191912 -0.46266714 0.62350196 45.0
1.26437318 -1.21425831 0.25297186 45.0
0.61326581 -0.15946773 -1.18623447 45.0
-0.25255620 0.48599443 -1.19362772 45.0
0.08382331 -0.56406903 -1.18693984 45.0
1.16343129 -1.21321404 0.71323866 45.0
-1.43396580 0.16332369 -0.28839764 45.0
-0.91154277 0.89313102 1.54180503 45.0
0.20805040 1.46649933 0.96746165 45.0
-0.93574053 -1.08485460 -1.21677303 45.0
0.90365565 -1.12986302 -1.14598489 45.0
0.09756538 -0.95319271 -1.21261382 45.0
-1.41646767 1.05249929 0.76561636 45.0
-0.22782809 1.32274294 1.37927270 45.0
-0.64016879 -1.45616186 -0.81194746 45.0
0.95082736 0.54415286 -1.11989653 45.0
-0.10285146 1.26727188 -1.14711261 45.0
-1.05181932 0.83142745 1.36110520 45.0
-1.07238853 -0.54575890 1.65750110 45.0
-1.41497040 -0.98964196 -0.41260749 45.0
0.51527280 -1.40092170 -0.92770487 45.0
-1.43114567 -0.60429633 0.16344067 45.0
1.18424404 1.39308536 0.72016215 45.0
-1.28309655 0.67561865 1.20071220 45.0
-1.18237865 1.35803974 1.01657426 45.0
0.99330288 0.87819368 -1.45300424 45.0
1.02390695 0.75481075 -1.18772113 45.0
1.17781043 1.13329744 -1.51494026 45.0
1.40835583 -0.15946773 0.94898909 45.0
0.38593119 -1.29521155 -1.10027182 45.0
-0.23999776 0.89313102 1.73602116 45.0
-0.05721366 -1.51043952 -0.75588948 45.0
1.39160883 0.33812767 1.09651840 45.0
-1.16553736 -0.71516335 1.36054265 45.0
1.02668357 -1.16913736 -1.08820570 45.0
0.64652985 -1.25847769 0.90119320 45.0
1.42093158 -0.00260630 -0.02797107 45.0
1.18195355 -0.60527849 1.41369987 45.0
1.09806836 1.38490975 -0.92977172 45.0
-0.65612060 -1.39979064 -0.90390825 45.0
0.56593841 -1.48714578 0.35953593 45.0
1.21320307 -1.21362817 -1.00095201 45.0
1.31240332 1.13386929 -1.48083675 45.0
-1.42441750 -0.65076327 -0.65546727 45.0
-0.76525313 -0.54242927 1.89380312 45.0
-1.42870820 1.09344423 0.21109948 45.0
1.10690343 -1.32028723 0.28689611 45.0
1.34571326 0.08459243 1.13359392 45.0
0.23815084 0.48599443 -1.19362772 45.0
0.08942227 -0.60429633 -1.18584991 45.0
-1.42612112 -0.39591911 0.66709912 45.0
-0.15992099 -1.49988389 0.27427119 45.0
1.42284155 -0.00260630 0.20931345 45.0
-0.84920186 1.43989801 0.97528750 45.0
-1.37050164 -0.86833006 0.92304283 45.0
1.30840111 -1.16630733 -0.73694569 45.0
-1.14715576 1.41571677 -0.06278593 45.0
0.22688338 0.54287499 -0.02396047 45.0
-0.57750022 0.87819368 -1.21453893 45.0
-1.05274713 -1.02543819 -1.47743261 45.0
-1.31938791 1.33603084 0.42461258 45.0
0.31507838 1.13301659 -1.18995249 45.0
-0.66063893 0.61190003 -1.18433011 45.0
-0.40319178 1.46876168 0.48194891 45.0
-1.06046605 -1.34898412 0.18490402 45.0
0.78414142 -1.42502797 0.31598607 45.0
0.21994729 1.47543609 0.40002376 45.0
1.42421544 -0.69536984 0.14903939 45.0
0.72891742 -0.60429633 -1.17878461 45.0
-1.04795265 -1.00813448 1.07580531 45.0
-0.39183587 1.32274294 1.37927270 45.0
0.68413460 -1.47107899 -0.10864563 45.0
0.57287073 -0.70787358 -1.19372916 45.0
-0.80044472 -1.44139862 -0.29591534 45.0
-0.81601572 0.83435899 -1.22329223 45.0
-0.11204649 -1.02536428 -1.19850028 45.0
1.41422987 0.61151785 0.73070812 45.0
0.53874779 -1.15239239 1.03750813 45.0
0.79174501 1.31493604 -1.08096135 45.0
-0.73168027 1.18198168 1.47672713 45.0
-1.38212979 -0.69066137 0.92844445 45.0
-1.40723336 -0.46266714 0.92138427 45.0
1.03800714 -0.98964196 -1.54738927 45.0
-0.57740670 1.13867795 1.51843750 45.0
-0.08339787 0.79884553 0.52805525 45.0
1.41202295 -0.88417768 -0.36682087 45.0
0.06877884 -0.78938991 1.29266775 45.0
-0.23213254 1.18198168 1.50089109 45.0
-0.08390430 0.60155314 -0.02428810 45.0
0.06566884 1.50467682 -0.68440068 45.0
1.18596411 -0.86820394 1.10193026 45.0
-0.39094585 -1.50265527 0.19811390 45.0
0.32198086 -0.68643391 -1.18764377 45.0
-0.38576216 1.41406262 1.21867049 45.0
0.75913393 -0.67287862 1.56995463 45.0
-0.24272767 0.60155314 -0.02428810 45.0
-0.40334177 1.49722242 0.15425403 45.0
-0.82625240 0.77288133 -1.19895792 45.0
-0.74951643 -0.43008161 2.02983379 45.0
-1.37681127 -1.06655836 -1.25799084 45.0
-0.92810273 -0.71176898 1.42887163 45.0
-1.36202431 -1.11287320 0.59036022 45.0
1.24701560 -0.45524898 1.24063611 45.0
1.38430834 1.25787914 0.21131523 45.0
-1.02891767 -0.63345027 1.58422673 45.0
-0.94576555 0.84912795 1.19278157 45.0
-1.26595199 1.36372912 -0.27228490 45.0
-1.42562497 0.54349875 0.72811639 45.0
-1.40973890 -0.98964196 -0.67405266 45.0
-0.21043101 -1.28822494 0.86951435 45.0
1.41481555 0.33925471 0.21068947 45.0
0.38249061 1.43567061 -0.93663907 45.0
-0.41258743 0.48280728 -0.02361020 45.0
0.55406034 -1.02536428 -1.19850028 45.0
-1.33075070 -1.16733742 0.27638149 45.0
-0.85035676 1.22732365 1.41868913 45.0
1.36832738 1.17553759 -1.23578453 45.0
0.57693982 0.75476801 -1.19047534 45.0
-1.02796078 -0.68648571 -1.14542460 45.0
-0.77353936 -0.67287862 1.56995463 45.0
0.10061919 -0.72326612 -1.19815969 45.0
1.36172211 -0.64475161 0.95473474 45.0
-0.26799464 -1.51549625 -0.41035348 45.0
1.39379585 -0.51854324 0.87097865 45.0
1.24507201 -0.08242658 -1.11962235 45.0
1.41555703 0.73906171 -0.61539179 45.0
1.15574765 -1.29396105 0.10836141 45.0
-1.30115497 -0.84883386 1.05597007 45.0
-0.33088925 -1.10570133 -1.17443705 45.0
0.73336369 1.48867309 -0.06144507 45.0
1.10690343 -1.32028723 0.28689611 45.0
1.41371512 1.17490375 0.21119241 45.0
0.92006469 1.09344423 -1.29500806 45.0
-0.83479804 0.61190003 -1.15596700 45.0
-1.05616164 1.30229068 1.24571466 45.0
1.11686027 -1.21432483 -1.08558118 45.0
0.38370553 -1.05503845 1.13897288 45.0
-0.56910020 1.05249107 -1.19590604 45.0
-1.20557261 -0.93432683 1.04805088 45.0
0.55700153 1.22732365 1.46700585 45.0
-0.25261354 0.42532176 -1.19373775 45.0
-1.42473686 -0.73519480 -0.97400022 45.0
-1.28426337 1.01470757 1.15228665 45.0
-1.01476645 1.43549359 0.30945218 45.0
0.95276552 0.16332369 -1.12050998 45.0
1.41312683 -0.69609106 -0.64382452 45.0
-0.23679912 0.22461604 -0.02242509 45.0
-1.33505094 -1.10342717 -1.21335363 45.0
1.21076953 1.38422441 -0.56753606 45.0
-0.41810161 -0.58758694 1.81544030 45.0
1.09249949 0.57193542 -1.11039126 45.0
0.25266540 0.61190003 -1.19142020 45.0
1.42618299 -0.73481381 0.34061182 45.0
-0.63154465 0.57193542 -1.18533087 45.0
0.22002247 1.50127053 0.15425403 45.0
-0.94298202 -1.39248478 -0.18585157 45.0
0.72100478 0.93901199 1.75060058 45.0
1.23055041 -0.30235305 1.10937369 45.0
0.89713740 0.89313102 1.54180503 45.0
-0.81643742 -0.68643391 -1.18330050 45.0
-1.43059826 0.83230662 -0.27468118 45.0
1.30615950 -1.06219912 -1.41926467 45.0
-1.23727083 0.44189495 1.15592659 45.0
-0.25416768 0.57193542 -1.19242549 45.0
1.40709317 1.17490375 -0.27104980 45.0
-1.15551603 -1.27367985 0.54084027 45.0
-1.39991832 -0.98964196 -0.99511200 45.0
0.93397480 -1.39112782 0.17546730 45.0
1.16239274 1.15000236 1.26368117 45.0
-1.03241909 -1.05503845 1.04078102 45.0
1.27890551 1.33887100 0.77624565 45.0
0.09756538 -0.95319271 -1.21261382 45.0
-0.93196344 -0.95319271 -1.33128190 45.0
1.42136526 0.08055543 -0.65619415 45.0
-1.32680881 1.13386929 -1.48083675 45.0
1.38430941 -1.06982243 -0.44376811 45.0
1.40788472 -0.80902290 -0.97843993 45.0
0.54208493 1.41465282 1.20938993 45.0
1.42136526 0.08055543 -0.65619415 45.0
0.84665525 -1.32184100 -0.99764019 45.0
-0.84808779 1.40628922 1.16926599 45.0
-1.11183894 -0.00260630 -1.11161113 45.0
-0.07092153 -1.34072173 0.77906686 45.0
-1.42020333 0.52104282 -0.28833622 45.0
-1.43264496 -0.08242658 0.20380755 45.0
-1.39793777 1.01107669 -1.36088240 45.0
-1.39453304 -0.77003753 0.86372995 45.0
-0.55315316 -1.15239239 1.03750813 45.0
-1.18024397 1.40313995 0.77478170 45.0
-0.59466469 0.84912795 1.22682822 45.0
-0.79439658 0.30816242 -0.02816865 45.0
0.22148514 -1.25775647 -1.13017535 45.0
1.36667931 -0.70790684 -1.22523701 45.0
-1.43001831 0.83239132 -0.59228873 45.0
0.91428822 1.23561549 -1.14254403 45.0
1.41171587 -0.39591911 0.66709912 45.0
-1.03898692 0.03843896 0.27238795 45.0
-0.99253142 -0.54242927 1.76902390 45.0
-0.66063893 0.61190003 -1.18433011 45.0
-1.43317187 -0.00260630 -0.28887710 45.0
-0.63324958 -1.48693347 -0.09446260 45.0
-1.43762350 -0.73481381 -0.08866135 45.0
1.23660100 1.37643003 0.52873147 45.0
-1.05538845 -1.29517603 -1.03785050 45.0
-1.23690844 1.38394034 0.50519490 45.0
1.42184031 0.78825164 0.46417186 45.0
1.36666715 0.33925471 -0.99865091 45.0
1.39454746 -0.69887632 -0.98266023 45.0
-0.59023803 -0.92769098 1.22019303 45.0
1.10690343 -1.32028723 0.28689611 45.0
-1.27351260 0.88221961 1.22202933 45.0
1.08982623 -0.23858924 -1.11080801 45.0
-1.42631459 0.57193542 0.21071619 45.0
0.70423269 -1.10544789 1.07574797 45.0
-0.92519009 -0.82323056 1.21689343 45.0
0.21702208 -1.05503845 1.13897288 45.0
1.38430834 1.25787914 0.21131523 45.0
0.38111299 -1.35137618 -1.00452483 45.0
1.21582818 1.38739204 0.37405241 45.0
-0.56986344 1.01107669 -1.21030438 45.0
-0.23890688 -0.41787255 0.52977747 45.0
-1.24719632 1.33955908 -0.89144182 45.0
0.72258544 1.48580825 -0.67290604 45.0
-1.12480688 -1.32028723 0.09751564 45.0
0.25820148 -1.50476897 0.12457431 45.0
0.94621062 -0.39591911 -1.11786962 45.0
1.00036108 1.43549359 0.30945218 45.0
1.06340861 1.04991925 1.40088320 45.0
-1.15025914 0.75799847 1.27102888 45.0
-0.31812641 -1.46657979 -0.87057996 45.0
1.09311616 0.52104282 -1.11136270 45.0
1.42525411 0.08055543 0.73082125 45.0
0.27057856 -1.47966361 0.44310701 45.0
1.40753043 0.57197100 -0.28794423 45.0
1.36989629 -0.65310395 -0.98841280 45.0
-1.43533683 -0.00260630 -0.02797107 45.0
-0.17678802 -1.45669866 0.52254361 45.0
1.17227972 -1.02563751 -1.52998555 45.0
1.04327440 1.09344423 -1.53886187 45.0
0.21965073 1.51526523 -0.07211274 45.0
0.64623350 0.61190003 -1.18433011 45.0
1.40950346 0.33925471 -0.65620595 45.0
1.14547515 -1.10880411 0.91572994 45.0
1.36172211 -0.64475161 0.95473474 45.0
-0.59335774 -1.47766423 0.43332428 45.0
1.35995042 -0.93623084 0.85399342 45.0
-1.07737088 1.12552607 1.37113762 45.0
-0.79620570 -0.98964196 -1.22793233 45.0
0.07271838 0.42532176 -1.19373775 45.0
-1.37257218 -1.11695111 -0.27430728 45.0
-0.74873728 1.46351814 0.40023673 45.0
-0.08166984 1.06583250 1.59814644 45.0
-1.39871359 1.25787914 0.21131523 45.0
-0.86981386 -0.56406903 -1.15158594 45.0
1.15586972 -1.25749838 -0.99111694 45.0
0.56775570 1.48098934 0.30176899 45.0
0.72150201 1.45257163 -0.84877133 45.0
1.22909355 -0.69088382 1.31288290 45.0
0.94342273 -1.35081017 -0.94804943 45.0
1.03796291 -0.95319271 -1.60146558 45.0
-1.06020105 0.48311305 0.27060938 45.0
0.78236395 -1.02536428 -1.21507800 45.0
0.38471931 -1.32184100 -1.06498992 45.0
0.36974353 1.44435167 1.10805738 45.0
-0.56807739 -0.98964196 -1.20739579 45.0
1.07287109 1.43247855 -0.05936603 45.0
1.28386045 1.33583772 -0.59774333 45.0
1.38798046 -0.23858924 1.06728947 45.0
-1.11289287 -0.37508336 1.04579437 45.0
0.79486322 -1.19523168 0.95170313 45.0
1.05659318 1.43023813 0.81462133 45.0
-0.21635295 -1.40120435 -0.93365353 45.0
-0.74898273 1.48035657 0.15990928 45.0
1.01539230 -1.30811942 0.57996213 45.0
-0.99409789 0.96832049 -1.51327896 45.0
0.25904283 -1.49988389 0.27427119 45.0
0.08345779 -1.16918194 -1.16235507 45.0
-1.31686318 1.33603084 -0.02383709 45.0
0.56756359 1.46647608 0.48162869 45.0
-1.41299069 -1.02780914 -0.06598321 45.0
1.35926545 -1.11695111 -0.10688809 45.0
-0.60130948 -0.71176898 1.47853601 45.0
-0.98530209 1.44697988 -0.71916258 45.0
-1.33042574 0.52169633 1.17999434 45.0
-1.17178667 0.94397002 1.32235551 45.0
0.55742413 1.46868908 -0.82493353 45.0
-1.42480969 0.33925471 -0.28840256 45.0
-0.08274383 -0.85584623 1.25030529 45.0
-0.89732826 0.67090285 -1.15617537 45.0
0.76240903 -1.12986302 -1.16299808 45.0
-1.01406944 -0.74366236 -1.33743739 45.0
1.40950346 0.33925471 -0.65620595 45.0
0.42066410 0.33925471 -1.19376338 45.0
-1.06506968 0.47964811 0.67094588 45.0
1.03354716 -1.00813448 1.07580531 45.0
-0.55417293 1.44620347 1.09046185 45.0
1.41933954 0.87819564 0.45194712 45.0
0.88710105 -1.39512324 -0.83959770 45.0
-1.25464475 0.48599443 -1.11969924 45.0
-1.00221121 1.13622510 1.41528761 45.0
-1.26605916 0.67555922 -1.12340009 45.0
-1.36240840 0.16736069 1.13784826 45.0
-1.42562497 0.54349875 0.72811639 45.0
0.57319677 0.98471832 1.72585130 45.0
-1.38016522 -1.02713203 -1.29556954 45.0
0.59432191 0.67078000 0.00002876 45.0
0.69042224 -1.46621716 0.19600730 45.0
1.41698468 0.78835726 -0.27638382 45.0
0.39148635 -1.25775647 -1.13017535 45.0
1.01451230 -0.63345027 1.58422673 45.0
-0.08250744 -0.89123642 1.23884964 45.0
-1.33620644 0.48650825 1.18012941 45.0
0.22583653 -0.43391857 1.18074691 45.0
1.31562912 1.05249107 -1.60074341 45.0
-0.43504840 0.16332369 -1.19374013 45.0
1.41223180 -0.51854324 0.17264459 45.0
0.71961111 1.45246255 0.74085486 45.0
1.40373850 0.74303222 -0.97201967 45.0
-0.70558727 1.46767020 0.87251586 45.0
-0.75077051 -1.25775647 -1.09607828 45.0
-1.33138299 -1.16733742 0.16370839 45.0
0.22790904 -0.67287862 1.59622967 45.0
-1.36898720 -0.23858924 -0.99684680 45.0
0.95707309 0.77288133 -1.21825349 45.0
-0.32914287 -1.02536428 -1.19850028 45.0
1.38498724 1.25787914 0.58554465 45.0
0.92846209 1.13867795 1.44008446 45.0
-0.43506944 0.33925471 -1.19376338 45.0
1.34234715 1.29935503 -0.27548292 45.0
1.40753043 0.57197100 -0.28794423 45.0
1.41477692 -0.64973772 -0.32357925 45.0
0.79646397 -1.43574822 0.18158634 45.0
-0.72402573 1.27380109 1.40764475 45.0
-1.42376709 -0.46266714 -0.05083816 45.0
0.97969246 0.96832049 -1.51327896 45.0
0.71961111 1.45246255 0.74085486 45.0
-0.60954022 0.57823670 -0.02528546 45.0
1.02390695 0.75481075 -1.18772113 45.0
1.15214932 1.30628538 -1.04393363 45.0
1.18424404 1.39308536 0.72016215 45.0
-1.17889750 1.40384746 -0.76648432 45.0
-1.36761880 -0.31933218 -0.99615830 45.0
1.26487100 -1.21425831 0.14239624 45.0
-1.23023367 1.38739204 0.37405241 45.0
-1.21673357 -0.77161562 -1.53638983 45.0
-0.49253789 -1.16918194 -1.16235507 45.0
-1.38040495 1.25691366 -0.60802555 45.0
1.42118537 -0.69530648 0.65022278 45.0
1.26985788 1.01470757 1.15228665 45.0
0.09952803 -0.77181321 -1.20491946 45.0
1.08453989 1.42408478 0.16184594 45.0
0.97738177 -1.10564911 -1.19036758 45.0
0.09837438 -0.84367943 -1.21662462 45.0
-1.06754136 -0.82632166 1.18456113 45.0
-0.74652821 -0.42482671 1.72155201 45.0
-0.58196896 1.46013975 0.57442391 45.0
1.15593398 -0.56028283 1.46352732 45.0
-0.58309227 -1.40788972 0.63679975 45.0
-0.79212147 -0.30844268 0.10601233 45.0
1.37352216 -1.06877542 -0.99308258 45.0
0.06400236 1.37138247 1.31427896 45.0
-1.33505094 -1.10342717 -1.21335363 45.0
1.42184448 0.16332369 -0.02670099 45.0
0.88801026 -0.60429633 -1.15052021 45.0
1.41479814 0.96833271 0.64906734 45.0
-0.16076966 -1.51043952 -0.75588948 45.0
-1.43152809 0.92393988 0.65919870 45.0
-0.92869359 1.23561549 -1.14254403 45.0
0.55471539 -1.05771983 -1.18970895 45.0
0.40089753 0.54287499 -0.02396047 45.0
0.73511094 -0.43008161 2.02983379 45.0
-1.32124579 1.30264068 0.82078302 45.0
-1.06023657 1.21747756 -1.19462299 45.0
-0.84661019 1.44676578 0.91681898 45.0
1.38075590 -1.06933641 -0.69765985 45.0
0.06949892 0.60155314 -0.02428810 45.0
-0.32891035 -0.95319271 -1.21261382 45.0
-1.22309780 -1.25707555 0.23099387 45.0
-0.83017236 0.75476801 -1.18972325 45.0
-0.07996663 1.44561839 -0.90751600 45.0
1.14168477 -1.29405785 -0.51929206 45.0
-0.08006772 1.46110296 0.74565911 45.0
0.31991971 0.87819368 -1.21453893 45.0
-0.57366550 -1.05503845 1.13574314 45.0
-0.24114966 -0.75234228 1.36834049 45.0
0.82179183 -0.51854324 -1.15277517 45.0
1.30809021 -0.95319271 -1.60231698 45.0
-1.36984694 1.05250192 0.93850493 45.0
-0.56986344 1.01107669 -1.21030438 45.0
-1.11020136 -1.32040751 -0.52555859 45.0
1.07863951 -1.25772297 -1.06542706 45.0
0.37743053 1.32274294 1.37927270 45.0
-1.37367094 -1.11695111 -0.10688809 45.0
-0.39155766 -1.10544789 1.09083200 45.0
1.09482896 0.12402600 0.98238927 45.0
1.04920876 -0.84367943 -1.60527122 45.0
-0.15679283 -1.51549625 -0.41035348 45.0
0.99086732 0.67091030 -1.12040186 45.0
0.39415038 0.30816242 -0.02255514 45.0
-0.24117257 0.79884553 0.52805525 45.0
-1.37647963 0.48599443 -0.99853975 45.0
1.20907378 -1.25707555 0.12378436 45.0
-1.09179795 0.61229801 1.00697851 45.0
0.72991282 -1.44494784 -0.81612837 45.0
-1.10690498 0.57193542 -1.11039126 45.0
-1.24027133 1.37991619 0.67990845 45.0
-0.11215749 1.13301659 -1.18995249 45.0
-1.43301845 0.83228546 -0.02607281 45.0
1.04606068 -1.34898412 0.18490402 45.0
0.76240903 -1.12986302 -1.16299808 45.0
-1.05409729 -1.08515704 -1.31205118 45.0
0.73048604 1.49352360 -0.32466781 45.0
-1.37172663 -1.11679018 -0.45946613 45.0
-0.55417293 1.44620347 1.09046185 45.0
0.41821766 -1.45669866 0.52204359 45.0
-1.19864953 1.39308536 0.72016215 45.0
-0.07338650 -1.28822494 0.86951435 45.0
-1.42610002 0.42515895 0.46410340 45.0
0.71920210 -1.32184100 -1.03233647 45.0
0.65896827 -1.45264840 0.46824184 45.0
-1.35328436 -0.08505750 1.12777388 45.0
-0.58309227 -1.40788972 0.63679975 45.0
-1.42836237 0.96832049 0.21097572 45.0
1.10181642 -1.32028723 -0.35448658 45.0
-0.62821400 0.24726647 -1.18664443 45.0
1.09488499 0.33925471 -1.11166072 45.0
1.42284155 -0.00260630 0.20931345 45.0
1.24973202 0.16332369 -1.11980569 45.0
1.38751876 -0.81055099 0.82267016 45.0
-1.37495065 -1.11695111 0.05261611 45.0
1.41496885 1.09344506 0.60237086 45.0
0.97856045 0.98142362 1.50129700 45.0
1.36832738 1.17553759 -1.23578453 45.0
0.04468678 -1.47966361 0.44310701 45.0
-0.80218410 -1.39648020 -0.86377466 45.0
0.55798584 -0.84367943 -1.21662462 45.0
0.22239377 0.22461604 -0.02242509 45.0
-1.42005980 0.48599443 -0.28837398 45.0
-0.93574053 -1.08485460 -1.21677303 45.0
1.40909147 -0.51854324 0.74480700 45.0
1.39737475 1.17490375 -0.58319211 45.0
-1.42943692 0.83248496 -0.96168417 45.0
0.95745033 0.39856631 0.02708743 45.0
1.40765440 -0.39591911 0.86757767 45.0
0.78599286 0.73237485 0.10732044 45.0
1.41917944 -0.00260630 -0.65613723 45.0
-1.01832902 -1.32179701 -1.00495017 45.0
0.30372104 -1.46657979 -0.87057996 45.0
-1.26571178 0.08055543 -1.11980569 45.0
0.31991971 0.87819368 -1.21453893 45.0
1.16196918 0.98796016 1.30975521 45.0
-0.11502457 -0.72326612 -1.19815969 45.0
-1.12932706 -1.25026643 0.66441220 45.0
-0.57398188 0.92392868 -1.21974242 45.0
-1.43374491 0.87819564 0.45194712 45.0
0.23736061 -0.31933218 -1.19211066 45.0
1.41821182 -0.81381530 -0.32781306 45.0
-0.41814724 -0.54242927 1.92741179 45.0
-0.23637360 0.03843896 -0.01995469 45.0
-0.58760208 0.98471832 1.72585130 45.0
1.10690343 -1.32028723 0.28689611 45.0
0.14396282 -1.50968695 -0.12166839 45.0
1.08281386 0.79829115 -1.38407898 45.0
0.31510144 1.05249107 -1.19590604 45.0
1.09696090 -1.30032742 0.50031960 45.0
1.31602967 -1.16733742 0.03108690 45.0
1.25032818 -1.21349370 -0.75235820 45.0
0.22475886 -0.85584623 1.25030529 45.0
-0.41802752 -0.46080756 2.10987353 45.0
0.56536478 1.45593703 0.67637354 45.0
-0.11212397 1.09344423 -1.18897808 45.0
-0.74185967 -1.29521155 -1.06683719 45.0
1.42421544 -0.69536984 0.14903939 45.0
-0.79699194 -0.91703856 -1.23980772 45.0
-1.25947750 -0.08242658 -1.11962235 45.0
1.34096694 0.34170270 1.16246879 45.0
0.77822399 0.22461604 -0.02817774 45.0
-1.40152919 -1.06994390 0.07116751 45.0
1.39011252 -0.31933218 1.04823720 45.0
-1.42500961 -0.91780537 0.40315443 45.0
-0.73699093 1.48580825 -0.67290604 45.0
-1.40317249 -0.15946773 1.07499468 45.0
0.21965073 1.51526523 -0.07211274 45.0
-1.41411650 0.08055543 1.08403015 45.0
-0.38576216 1.41406262 1.21867049 45.0
0.06856398 -0.82245785 1.26276004 45.0
0.04301278 -1.49214303 0.36342964 45.0
-1.37257218 -1.11695111 -0.27430728 45.0
-1.42637026 0.61190003 -0.02652938 45.0
0.76312739 -0.75234228 1.34711158 45.0
0.98539811 0.92392868 -1.49604547 45.0
-1.11582685 -1.31629539 0.38384777 45.0
-1.43963110 -0.69536984 0.53117055 45.0
-0.99404013 -0.84367943 -1.48408973 45.0
-0.26799464 -1.51549625 -0.41035348 45.0
-0.60190541 -0.67287862 1.59097493 45.0
1.36172211 -0.64475161 0.95473474 45.0
-0.11632036 0.75476801 -1.19047534 45.0
1.04210591 -0.71176898 1.40140045 45.0
1.41546988 0.24726647 -0.28839865 45.0
0.97793847 1.45807183 -0.52086723 45.0
0.30789128 -0.64820480 -1.18523455 45.0
1.30497193 -1.16326106 0.55270958 45.0
-0.96640640 1.41651607 1.05400062 45.0
0.10061919 -0.72326612 -1.19815969 45.0
0.94342273 -1.35081017 -0.94804943 45.0
-0.15901987 -1.50635338 0.02170007 45.0
-0.64936829 -1.47213459 0.40012190 45.0
-0.75282341 -1.28844988 0.83602011 45.0
0.21965073 1.51526523 -0.07211274 45.0
-0.43494627 0.48599443 -1.19362772 45.0
-0.23679912 0.22461604 -0.02242509 45.0
-1.43381727 0.78825140 -0.02619173 45.0
1.41815174 -0.69551402 -0.32688358 45.0
-1.00369167 1.06286466 1.45866156 45.0
-1.41337335 -0.88178152 -0.99310547 45.0
-1.40071392 -1.06994390 -0.08642934 45.0
-0.32891035 -0.95319271 -1.21261382 45.0
-0.69573629 -1.45047927 -0.80421644 45.0
0.58005786 0.14184806 -0.02393486 45.0
-1.26605916 0.67555922 -1.12340009 45.0
1.06736243 1.43894792 -0.54400426 45.0
1.40939724 0.96832049 -0.27319497 45.0
-0.98556501 -0.91703856 -1.50347817 45.0
1.41477692 -0.64973772 -0.32357925 45.0
-1.05167902 -1.34918153 -0.35928372 45.0
-1.11622190 -1.32028723 -0.35448658 45.0
1.04355407 -1.12955034 -1.13092113 45.0
1.00235844 0.83434588 -1.39048576 45.0
0.40340132 -0.63345027 1.70042217 45.0
0.69355088 1.46169972 0.92828602 45.0
-0.11449844 0.83435899 -1.20717955 45.0
-1.19227791 -0.79662764 1.19069982 45.0
1.13724208 -0.52018160 1.50779712 45.0
-1.42594326 0.42467052 0.72882414 45.0
-0.79676938 -1.02536428 -1.21507800 45.0
0.57789183 -0.89123642 1.23517764 45.0
1.05833900 1.16811717 1.35505450 45.0
-0.38924536 -1.50536633 0.02341800 45.0
0.06955311 -0.58758694 1.81544030 45.0
1.30030048 -0.94912952 0.95172334 45.0
-1.42557847 0.42532176 0.21068984 45.0
1.40005171 -0.31933218 -0.65469611 45.0
1.19287658 -1.23670900 0.59300262 45.0
-1.37489426 -0.15946773 -0.99751520 45.0
0.56718653 0.83435899 -1.20717955 45.0
-1.11177158 0.16332369 -1.11163878 45.0
-1.10448885 -0.68669325 -1.15029764 45.0
0.56759101 1.47274888 0.40006641 45.0
-1.38410604 -0.08242658 -0.99815714 45.0
0.31482545 -0.91703856 -1.21411169 45.0
0.79600132 -1.43610454 0.10997117 45.0
-0.79907984 -0.88058347 -1.24127531 45.0
-1.43158245 0.67253935 0.21076572 45.0
-0.57242292 -1.49393630 -0.70304215 45.0
0.97439373 1.23553956 -1.12251878 45.0
-1.09949350 -0.46266714 -1.10767746 45.0
-1.43074203 -0.77260470 -0.62442362 45.0
-0.77605838 -1.44377148 -0.77204859 45.0
-0.11581586 0.77288133 -1.19413459 45.0
0.53784430 1.46186519 1.00295818 45.0
-1.13149571 1.40490854 0.53126127 45.0
0.09837438 -0.84367943 -1.21662462 45.0
-0.55649030 1.41465282 1.20938993 45.0
0.86927098 -0.43898365 1.11294353 45.0
0.79478616 0.63038027 -0.02705589 45.0
-0.43262303 -1.45669866 0.52204359 45.0
0.14636427 -1.51043952 -0.75588948 45.0
-0.99079007 1.22448111 1.37355590 45.0
1.03077745 0.66756016 0.69301111 45.0
-0.25054941 -1.21442854 -1.15264750 45.0
-0.38837281 1.37162364 1.31332171 45.0
-1.43404865 -0.77349192 -0.32460305 45.0
1.40853834 1.09344423 -0.27197361 45.0
0.33390507 -1.34072173 0.77906686 45.0
0.90610987 -0.67287862 1.53457940 45.0
0.06955311 -0.58758694 1.81544030 45.0
-0.08309478 -0.43391857 1.18074691 45.0
-1.42731762 -0.51854324 0.40084821 45.0
1.38809741 -0.98591536 0.66863430 45.0
-0.76145124 -0.50222683 1.99105382 45.0
-1.33075070 -1.16733742 0.27638149 45.0
0.14396282 -1.50968695 -0.12166839 45.0
-1.35125482 -0.16945735 1.12017167 45.0
-0.80246723 -0.84367943 -1.24033856 45.0
1.42301071 0.08055543 -0.02670099 45.0
-0.81086946 -1.43574822 0.18158634 45.0
1.41561294 0.83239132 -0.59228873 45.0
-0.80870652 -1.43504429 0.22446184 45.0
-1.12130892 -1.32028723 0.28689611 45.0
-0.75625187 -0.46089977 2.07163310 45.0
1.41633677 -0.77260470 -0.62442362 45.0
-1.41910255 0.92394978 0.83900905 45.0
-0.93447012 1.09344423 -1.29500806 45.0
1.09482896 0.12402600 0.98238927 45.0
1.41011167 0.48599443 0.21069206 45.0
-1.10975099 -0.08242658 -1.11150110 45.0
1.08519375 -0.70810038 -1.23536015 45.0
1.39160883 0.33812767 1.09651840 45.0
-0.08006772 1.46110296 0.74565911 45.0
0.09766974 -0.91703856 -1.21411169 45.0
0.09932875 0.87819368 -1.21453893 45.0
-0.08190786 -0.96586657 1.20278454 45.0
-0.24128874 0.54287499 -0.02396047 45.0
-1.42996228 0.73906171 -0.61539179 45.0
1.41160250 -0.91780537 0.28562716 45.0
1.08567786 1.37537861 1.10078299 45.0
0.23787445 0.54415286 -1.19309711 45.0
0.99086732 0.67091030 -1.12040186 45.0
-1.43286312 -0.64948130 -0.07754639 45.0
0.91196293 1.32132876 1.30805790 45.0
1.19925284 -1.25300217 0.46452194 45.0
1.41031742 -0.91780537 -0.18298545 45.0
-0.07996663 1.44561839 -0.90751600 45.0
-1.27700722 1.36201608 0.55211347 45.0
1.37490880 0.54198068 1.10431170 45.0
-1.38309205 -0.98964196 -1.32668531 45.0
0.09837438 -0.84367943 -1.21662462 45.0
1.05066431 0.47964811 0.67094588 45.0
-1.13149571 1.40490854 0.53126127 45.0
-0.11216884 -1.05771983 -1.18970895 45.0
-1.42836237 0.96832049 0.21097572 45.0
-1.43914568 -0.77371377 0.43941700 45.0
0.30789128 -0.64820480 -1.18523455 45.0
0.31790158 0.92392868 -1.21974242 45.0
-1.38931417 0.54198068 1.10431170 45.0
1.13724208 -0.52018160 1.50779712 45.0
-1.40451777 -0.31933218 1.04823720 45.0
1.41657305 -0.85135216 0.45202041 45.0
-1.39169657 1.25768602 -0.27534816 45.0
0.37864712 -1.50902581 -0.75072813 45.0
-0.08343570 0.54287499 -0.02396047 45.0
0.78331470 -1.05771983 -1.20175815 45.0
-1.02891767 -0.63345027 1.58422673 45.0
-0.88879234 -1.25883150 0.82445657 45.0
0.37396747 1.37162364 1.31332171 45.0
0.76473182 -0.41873714 0.51171690 45.0
-0.49449459 -0.56406903 -1.18693984 45.0
0.06566884 1.50467682 -0.68440068 45.0
1.41120446 0.92392868 -0.58887106 45.0
1.40769041 1.05249107 -0.27239853 45.0
-0.23405609 1.51526523 -0.07211274 45.0
1.41136694 0.54398936 0.46392828 45.0
-0.41781044 0.62996727 -0.02077432 45.0
1.40791655 0.96832049 -0.58800930 45.0
-0.49355513 -1.49983323 0.13088687 45.0
-1.03267539 0.72680813 -1.13981485 45.0
-0.05664383 -1.50635338 0.02170007 45.0
0.42524025 -0.46266714 -1.18956518 45.0
0.38916901 -1.00801361 1.17566848 45.0
0.92129785 -0.88058347 -1.34404361 45.0
-1.01789033 -0.64821219 -1.11678326 45.0
-0.10285146 1.26727188 -1.14711261 45.0
1.26105917 1.36186194 0.64005065 45.0
-0.93570322 -0.88058347 -1.34404361 45.0
-0.23457821 1.10054719 1.55307853 45.0
-0.23843837 -0.89123642 1.23884964 45.0
1.09696090 -1.30032742 0.50031960 45.0
0.62368882 -1.48241651 0.13917132 45.0
-1.38712382 -1.06589186 0.62186140 45.0
-0.94298202 -1.39248478 -0.18585157 45.0
-1.05755436 -0.88058347 -1.63437116 45.0
-0.79782611 1.13301659 -1.20614135 45.0
0.35742506 -1.40120435 -0.93365353 45.0
-0.85633659 -1.39543855 -0.87941152 45.0
-1.25953960 0.79226279 1.28059518 45.0
-0.99404013 -0.84367943 -1.48408973 45.0
0.95273352 -0.00260630 -1.12048233 45.0
1.38712382 -1.06994390 0.07116751 45.0
-0.68597728 -1.19523168 0.97770876 45.0
-0.49449459 -0.56406903 -1.18693984 45.0
0.07639022 1.31389487 -1.11627305 45.0
-1.23139727 1.38328218 -0.28230947 45.0
-0.11216884 -1.05771983 -1.18970895 45.0
0.92433351 -1.39329851 -0.34280300 45.0
-0.57180339 1.47586083 -0.78853387 45.0
-1.42631459 0.57193542 0.21071619 45.0
0.69355088 1.46169972 0.92828602 45.0
-1.28426337 1.01470757 1.15228665 45.0
1.00392365 -1.32179701 -1.00495017 45.0
-0.80839366 0.33925471 -1.15825832 45.0
0.06955311 -0.58758694 1.81544030 45.0
-1.43850279 0.16332369 0.72969258 45.0
-1.41891670 0.52104282 -0.65604734 45.0
-0.70558727 1.46767020 0.87251586 45.0
0.21993646 1.46876168 0.48194891 45.0
0.38186812 1.47024632 -0.82768005 45.0
-0.73873329 1.10054719 1.52775884 45.0
1.04384494 1.05249107 -1.59801471 45.0
-1.31946695 1.33603084 0.57043487 45.0
0.94865876 -0.68643391 -1.16592598 45.0
1.40097582 -0.46266714 -0.65500915 45.0
0.20996459 1.41309774 1.22250009 45.0
-1.15025914 0.75799847 1.27102888 45.0
-0.97843343 0.63079792 0.02755531 45.0
-0.81105125 0.60228091 -0.03026523 45.0
1.04590511 0.57970333 0.26912910 45.0
-1.43190873 -0.60429633 0.38990003 45.0
-1.25569725 0.42532176 -1.11980355 45.0
1.02728534 0.22461604 0.27058619 45.0
1.31279957 -1.16733742 0.40295479 45.0
1.07287109 1.43247855 -0.05936603 45.0
-1.37229931 -1.00808537 0.80454659 45.0
-1.42562807 -0.60452551 -0.31773135 45.0
-1.37561584 -1.11695111 0.18505727 45.0
-1.42228997 -0.80902290 -0.97843993 45.0
1.41750336 -0.60429633 0.38990003 45.0
0.69597089 1.45415568 0.98953927 45.0
1.42474031 -0.77371377 0.43941700 45.0
0.67116731 -1.47294593 -0.71950829 45.0
1.00553560 1.42812574 0.41337219 45.0
-1.20052874 0.96832049 -1.70650709 45.0
0.78470331 -1.08485460 -1.18909621 45.0
0.89906830 -0.63345027 1.63144946 45.0
0.22219190 -0.96586657 1.20278454 45.0
-1.42683709 0.57180142 0.46421102 45.0
-0.08274383 -0.85584623 1.25030529 45.0
-1.33042574 0.52169633 1.17999434 45.0
-0.95959538 -0.30878663 0.15270975 45.0
-1.21048868 1.39403653 -0.04416486 45.0
-0.74005497 0.98471832 1.68587804 45.0
-1.42016399 -0.39591911 -0.29558203 45.0
1.22583270 -0.09558122 1.11096442 45.0
0.77313840 -1.23215079 0.90906805 45.0
1.42052591 0.83228546 0.21086052 45.0
1.09742880 1.41173625 0.74900109 45.0
1.40659952 -0.91780537 0.54618847 45.0
-1.02796078 -0.68648571 -1.14542460 45.0
-0.98211771 0.93571520 1.52768314 45.0
0.39674503 -0.41787255 0.52977747 45.0
0.74748045 -0.89123642 1.22048807 45.0
-0.55649030 1.41465282 1.20938993 45.0
-1.37681437 0.54415286 -0.99810499 45.0
-1.00068080 -0.80662674 -1.44477880 45.0
1.01451230 -0.63345027 1.58422673 45.0
-0.62146956 -1.45588851 0.50768298 45.0
0.06566114 1.22732365 1.47170913 45.0
-0.08321187 0.84912795 1.23528171 45.0
-0.58191323 -1.00801361 1.17227638 45.0
0.06756821 0.22461604 -0.02242509 45.0
1.04448128 -1.34903276 -0.04150690 45.0
1.41481555 0.33925471 0.21068947 45.0
0.84346330 -1.10544789 1.04749668 45.0
0.96262020 -1.15239239 0.94660348 45.0
1.41295981 1.05249107 0.21105643 45.0
1.17892992 1.39623630 0.45586088 45.0
0.57789183 -0.89123642 1.23517764 45.0
-1.19708848 -0.83381498 1.13915253 45.0
1.42160273 -0.64948130 0.55398560 45.0
0.97969246 0.96832049 -1.51327896 45.0
1.08508813 -0.46266714 -1.10767746 45.0
-1.25997937 -1.19388437 0.64729136 45.0
1.34765112 1.29954815 -0.02411222 45.0
-1.42880094 0.61180449 0.46458074 45.0
-1.20959496 1.37659121 0.93581098 45.0
-1.06050622 1.25659740 1.29461014 45.0
0.98445386 1.40115917 -0.91996783 45.0
-0.08395850 -0.58758694 1.81544030 45.0
1.35908473 -0.90225840 0.88520849 45.0
1.39561367 -1.02778482 -0.42807606 45.0
0.56016469 -1.32184100 -1.05845976 45.0
-0.07900010 -1.10544789 1.09083200 45.0
0.06533457 -1.35137618 -1.00452483 45.0
1.40005171 -0.31933218 -0.65469611 45.0
-0.32994461 1.01107669 -1.21030438 45.0
1.22888815 1.37686646 0.78848189 45.0
-0.56861901 -0.91703856 -1.21411169 45.0
-1.42044890 0.73810953 0.96632630 45.0
0.69965214 -1.44393146 0.40724054 45.0
0.79430103 -1.43504429 0.22446184 45.0
-1.02304161 1.38953841 1.14232635 45.0
-0.08358692 -0.71176898 1.48329055 45.0
-1.33505094 -1.10342717 -1.21335363 45.0
-1.43577063 0.08055543 -0.65619415 45.0
-0.49253789 -1.16918194 -1.16235507 45.0
-0.11207512 -0.91703856 -1.21411169 45.0
-1.24771011 1.37825418 0.39696264 45.0
1.18612325 0.96832049 -1.70650709 45.0
-0.41802752 -0.46080756 2.10987353 45.0
-0.84417433 1.45620191 0.80859447 45.0
1.39282823 -0.46266714 0.92138427 45.0
1.41422987 0.61151785 0.73070812 45.0
-1.11603785 0.72701639 -1.14134216 45.0
-0.96806967 1.43855453 0.86152762 45.0
-0.38924536 -1.50536633 0.02341800 45.0
1.40675950 0.57211339 -0.65465063 45.0
0.21638459 1.44281876 -0.91257346 45.0
-0.66063893 0.61190003 -1.18433011 45.0
-1.39564490 0.75495964 -1.21245539 45.0
-1.06227052 -0.89431643 1.14167225 45.0
1.41841269 0.73821199 -0.02630082 45.0
-0.58034378 -1.48714578 0.35953593 45.0
0.57981551 0.03843896 -0.02113275 45.0
0.98539811 0.92392868 -1.49604547 45.0
-0.55653018 -0.64820480 -1.18523455 45.0
0.62179428 -1.48400080 0.04156459 45.0
0.70628828 1.32274294 1.35780180 45.0
1.03937209 0.87544197 1.45710754 45.0
-0.11449844 0.83435899 -1.20717955 45.0
0.69118190 1.46767020 0.87251586 45.0
-1.43569636 -0.81429452 0.25205982 45.0
-1.11020136 -1.32040751 -0.52555859 45.0
-1.41205812 0.24704106 1.08906579 45.0
-1.41819978 0.54281574 0.95347929 45.0
-1.41705167 -0.51854324 -0.65908331 45.0
0.89602768 -0.92800760 1.17476332 45.0
-0.78754389 -1.23215079 0.90906805 45.0
-1.42967033 0.67253935 -0.02642178 45.0
-1.38851261 1.25819468 0.70588815 45.0
0.51006234 -0.60429633 -1.18584991 45.0
0.86565936 -1.05503845 1.09349346 45.0
1.40675950 0.57211339 -0.65465063 45.0
0.23787445 0.54415286 -1.19309711 45.0
-1.39793777 1.01107669 -1.36088240 45.0
0.22396670 0.39856631 -0.02304714 45.0
0.56668824 -0.68643391 -1.18764377 45.0
0.31497541 1.09344423 -1.18897808 45.0
1.19116724 -0.93432683 1.04805088 45.0
-0.76862252 -0.58758694 1.78431094 45.0
-1.42937410 1.09344506 0.60237086 45.0
-1.43109941 0.78924865 -0.96086174 45.0
-1.21054053 -1.25710440 -0.50657427 45.0
0.93126196 1.10054719 1.46427107 45.0
-0.76510543 -0.85584623 1.23169005 45.0
-1.31182241 -0.91591591 0.97874451 45.0
1.40352035 -0.91756576 -0.65794986 45.0
-1.03328431 -0.46497047 1.76611900 45.0
0.25633577 -1.50968695 -0.12166839 45.0
1.08629215 -0.39591911 -1.10901356 45.0
0.06639858 1.52688742 -0.33878404 45.0
0.20757960 1.47918904 0.84211135 45.0
0.58505148 -0.46082601 2.10222602 45.0
-0.98861027 1.13303256 -1.37404251 45.0
-1.18024397 1.40313995 0.77478170 45.0
-0.58109361 -0.68643391 -1.18764377 45.0
1.40405202 0.57083917 0.95541483 45.0
-1.42957532 0.33891532 0.72910577 45.0
-0.94560790 -0.80662674 -1.31528282 45.0
-1.04518294 0.66756016 0.69301111 45.0
-0.99409789 0.96832049 -1.51327896 45.0
-0.81105125 0.60228091 -0.03026523 45.0
-0.96279639 -0.12237110 0.04240519 45.0
0.97812593 -0.54242927 1.76902390 45.0
1.04582679 1.01107669 -1.63557410 45.0
-0.08321187 0.84912795 1.23528171 45.0
1.22583270 -0.09558122 1.11096442 45.0
1.40522659 0.67212951 0.96158695 45.0
0.61379945 0.42532176 -1.18663740 45.0
-0.07973997 -1.35137618 -1.00452483 45.0
0.56601381 1.10054719 1.54801488 45.0
0.95200098 1.41651607 1.05400062 45.0
1.39199376 1.09344423 -0.95740718 45.0
0.39562249 0.98471832 1.73584342 45.0
1.41171587 -0.39591911 0.66709912 45.0
-1.01676393 0.83434588 -1.39048576 45.0
-0.89380890 1.44730282 0.40303421 45.0
1.22745478 0.01091084 1.11140704 45.0
0.92363995 1.18198168 1.42113113 45.0
1.31562912 1.05249107 -1.60074341 45.0
0.38471931 -1.32184100 -1.06498992 45.0
-0.33993250 -0.70787358 -1.19372916 45.0
0.58450967 -0.78938991 1.28875732 45.0
0.27230769 -0.56406903 -1.18693984 45.0
0.09793844 -0.88058347 -1.21558583 45.0
1.41757333 -0.85134709 0.05701371 45.0
-0.98879689 -0.88058347 -1.50488496 45.0
-0.41002783 0.98471832 1.73584342 45.0
1.32235456 -0.84367943 -1.60645592 45.0
0.88245785 -1.35094666 -0.93201262 45.0
-1.43422949 0.24726647 0.21068984 45.0
0.28844845 -1.45669866 0.52254361 45.0
0.56094164 -0.80662674 -1.21270919 45.0
0.53825438 -1.12986302 -1.16725099 45.0
0.78468817 0.39856631 -0.02845621 45.0
0.55957651 0.92392868 -1.21974242 45.0
-0.76188582 -0.89123642 1.22048807 45.0
0.37203702 1.47442317 0.78512079 45.0
-1.19252217 0.62989980 1.17136955 45.0
1.30506146 1.33603084 0.57043487 45.0
0.59577781 0.60169870 -0.02548341 45.0
-1.26863635 -1.21410537 -0.49131486 45.0
1.29984009 1.33659887 0.67024392 45.0
0.94857264 0.22461604 0.02697241 45.0
1.33684945 -0.16945735 1.12017167 45.0
1.39309168 -0.91469598 0.72114670 45.0
-0.28559071 -1.16918194 -1.16235507 45.0
0.96990442 -0.95319271 -1.48026204 45.0
0.80203199 -0.68643391 -1.18330050 45.0
0.83368236 1.40628922 1.16926599 45.0
-0.39912465 -1.32184100 -1.06498992 45.0
-1.42473686 -0.73519480 -0.97400022 45.0
1.35560429 -0.51854324 -0.99529618 45.0
0.21703406 1.40562737 -1.00225914 45.0
-1.16149282 1.40835047 0.16367278 45.0
-0.88879234 -1.25883150 0.82445657 45.0
-1.43396580 0.16332369 -0.28839764 45.0
1.39858544 -1.02780914 -0.06598321 45.0
0.79478616 0.63038027 -0.02705589 45.0
1.04139543 -1.34910738 -0.19794692 45.0
-1.43636703 -0.69536984 -0.08427311 45.0
1.02913451 -1.23563576 0.77293187 45.0
-1.37076366 1.13429964 0.89989477 45.0
-1.42617202 -0.39591911 0.42236164 45.0
0.86060303 1.45322895 -0.77590483 45.0
1.03354716 -1.00813448 1.07580531 45.0
1.41011167 0.48599443 0.21069206 45.0
-0.96650910 0.42532176 -1.12050772 45.0
1.04327440 1.09344423 -1.53886187 45.0
-0.33638620 -0.68643391 -1.18764377 45.0
-0.24128874 0.54287499 -0.02396047 45.0
-0.33667201 0.83435899 -1.20717955 45.0
-0.22607885 1.47199571 0.78095305 45.0
0.52866691 -1.19523168 0.98800004 45.0
1.12625027 1.41754842 0.80741328 45.0
0.06581885 -1.05503845 1.13897288 45.0
-1.13384151 1.40200555 0.61767399 45.0
-0.60340106 0.48283699 -0.02467565 45.0
0.95082736 0.54415286 -1.11989653 45.0
-0.49761206 -1.34072173 0.77743095 45.0
1.12251627 -0.47859174 1.53790092 45.0
0.89602768 -0.92800760 1.17476332 45.0
-0.96717101 0.16332369 -1.12050998 45.0
1.03762162 0.63081676 0.27112827 45.0
-1.09841800 0.58394402 1.00471973 45.0
-0.41033360 -0.89123642 1.23884964 45.0
-0.08120136 1.50405610 0.15425403 45.0
0.79646397 -1.43574822 0.18158634 45.0
1.41117322 0.42532176 0.21068984 45.0
0.31566197 -1.08485460 -1.18217766 45.0
1.41367781 1.05249548 0.61602098 45.0
1.00869167 1.42257643 0.50044149 45.0
1.41602182 0.73838192 -0.27964130 45.0
-1.33003449 1.05249107 -1.60074341 45.0
-0.49761206 -1.34072173 0.77743095 45.0
1.41601825 1.13429964 0.59675813 45.0
1.04139543 -1.34910738 -0.19794692 45.0
-1.13386035 1.42297852 -0.70943290 45.0
0.98951340 1.42307520 0.73506212 45.0
-0.07996663 1.44561839 -0.90751600 45.0
-1.43757570 -0.00260630 0.73173457 45.0
0.57284588 -0.96586657 1.19927216 45.0
0.87492210 1.47240067 -0.05065478 45.0
-1.20213342 -1.12467480 -1.16607440 45.0
-1.33138299 -1.16733742 0.16370839 45.0
1.40565455 0.48599443 -0.28837398 45.0
1.30498242 1.33603084 0.42461258 45.0
-1.43314743 0.87819368 0.21089780 45.0
1.30696905 -0.98964196 -1.55506146 45.0
0.39307040 0.22461604 -0.02242509 45.0
-0.24235487 0.57807875 -0.02413430 45.0
0.06556124 1.44561839 -0.90751600 45.0
0.56212902 -1.49082649 0.27773303 45.0
-0.61967880 -1.49044883 -0.53012156 45.0
1.40456915 0.48599443 -0.65613747 45.0
-1.37612760 -0.64475161 0.95473474 45.0
0.97068036 -1.02537906 -1.38692510 45.0
0.10009632 -0.74371350 -1.19993436 45.0
0.32053164 -0.77181321 -1.20491946 45.0
-0.24175307 -0.71176898 1.48329055 45.0
0.78603923 -1.44139862 -0.29591534 45.0
-0.73454404 -1.05503845 1.12282288 45.0
-1.40343916 0.96832049 -1.36561012 45.0
-1.42093611 -0.95319271 -0.19961347 45.0
-1.38410604 -0.08242658 -0.99815714 45.0
-0.87505299 -0.46108320 2.00923300 45.0
-1.40510714 -0.94980037 0.69286990 45.0
0.40292385 0.67075932 0.00136785 45.0
0.91196293 1.32132876 1.30805790 45.0
-1.03494275 -1.34988606 -0.72808045 45.0
1.40097582 -0.46266714 -0.65500915 45.0
-1.40973890 -0.98964196 -0.67405266 45.0
-1.39939260 1.25787914 0.58554465 45.0
-0.77023441 -1.40772271 0.49543390 45.0
-1.43474650 0.24724950 0.46420583 45.0
1.42409754 0.16332369 0.72969258 45.0
1.40676785 0.42532176 -0.28839716 45.0
-0.22994035 -1.35137618 -1.00452483 45.0
-1.20598793 1.39734733 -0.29833174 45.0
-1.38967001 1.09344423 -1.31690907 45.0
-0.10981692 -0.64820480 -1.18523455 45.0
-1.28309655 0.67561865 1.20071220 45.0
1.01355529 -0.68648571 -1.14542460 45.0
1.42317045 -0.00260630 0.73173457 45.0
-1.36476958 -0.51484126 1.02193189 45.0
-1.39516127 -1.06933641 -0.69765985 45.0
1.24557400 -1.19388437 0.64729136 45.0
1.41698468 0.78835726 -0.27638382 45.0
0.75722468 -1.25854838 0.87694019 45.0
-1.42822576 -0.88441730 0.42732099 45.0
-0.95782816 -1.35081017 -0.94804943 45.0
-1.28933120 1.30044198 -0.92611545 45.0
-1.39483690 -0.88082308 -1.36463428 45.0
-1.04564059 -1.34935367 -0.52424276 45.0
0.61713934 0.57193542 -1.18533087 45.0
-0.62820786 0.08055543 -1.18663979 45.0
-0.74187887 -1.39799738 -0.87208307 45.0
-1.26579297 0.83630204 1.27697492 45.0
1.04584312 1.23523593 -1.12565935 45.0
-1.03267539 0.72680813 -1.13981485 45.0
-1.05236840 -0.95319271 -1.60146558 45.0
0.70093894 1.41218901 1.19141448 45.0
-1.42937410 1.09344506 0.60237086 45.0
-0.11556026 -0.70787358 -1.19372916 45.0
0.55981147 1.40990472 -0.99018008 45.0
1.37887561 0.67754298 -0.98434359 45.0
-0.11197394 -0.98964196 -1.20739579 45.0
-1.09949350 -0.46266714 -1.10767746 45.0
0.06804495 0.98471832 1.73584342 45.0
-0.45467231 1.31424189 -1.11575317 45.0
1.41227758 0.57139915 0.72923970 45.0
-0.58216107 1.48098934 0.30176899 45.0
0.37130159 -1.51182711 -0.26671055 45.0
-0.32522798 1.23561549 -1.16335249 45.0
0.62490237 -1.48174453 0.26759818 45.0
-1.01672113 -0.43846226 1.69226778 45.0
-0.79909360 0.39856631 -0.02845621 45.0
-0.57977015 1.45593703 0.67637354 45.0
0.87787521 1.36680448 -0.99279869 45.0
-0.22584684 1.37143075 1.31408751 45.0
0.37483999 -1.50536633 0.02341800 45.0
1.16797316 1.35803974 1.01657426 45.0
1.20116627 -1.25707555 -0.32862034 45.0
-0.40179768 1.45799959 0.67734474 45.0
-1.20807934 -0.80662674 -1.60933447 45.0
0.72740495 1.02788460 1.62382638 45.0
-0.23890688 -0.41787255 0.52977747 45.0
0.79430103 -1.43504429 0.22446184 45.0
-1.31946695 1.33603084 0.57043487 45.0
-1.42261350 -0.15946773 -0.29365262 45.0
-0.57097507 1.46086228 0.74613827 45.0
0.95082736 0.54415286 -1.11989653 45.0
-0.75433379 1.36783969 -1.02789545 45.0
-1.41897452 0.48599443 -0.65613747 45.0
0.92363995 1.18198168 1.42113113 45.0
-1.41838634 -0.95319271 -0.39962348 45.0
-0.52662969 -1.25847769 0.91009843 45.0
-0.94536912 1.06583250 1.49598181 45.0
1.09743357 -0.00260630 -1.11161113 45.0
-0.74652821 -0.42482671 1.72155201 45.0
0.79398817 0.33925471 -1.15825832 45.0
0.22385763 0.98471832 1.73584342 45.0
0.91860420 -0.91703856 -1.34260213 45.0
-0.08022425 -1.05503845 1.13897288 45.0
-0.90438455 -0.96598744 1.15446281 45.0
-1.09894538 1.42408478 0.16184594 45.0
-1.40343916 0.96832049 -1.36561012 45.0
0.95276552 0.16332369 -1.12050998 45.0
0.58025932 0.84912795 1.22682822 45.0
1.42525411 0.08055543 0.73082125 45.0
0.06556124 1.44561839 -0.90751600 45.0
-1.37348998 -0.90225840 0.88520849 45.0
-1.06227052 -0.89431643 1.14167225 45.0
-0.39030433 -1.50378191 0.12583679 45.0
0.99359685 -1.35050023 -0.90080643 45.0
-1.40723336 -0.46266714 0.92138427 45.0
0.22196825 0.03843896 -0.01995469 45.0
0.07204617 -1.21442854 -1.15264750 45.0
-1.18237865 1.35803974 1.01657426 45.0
-0.88019341 1.40975153 -0.92777407 45.0
0.68956232 -1.46566331 0.24394381 45.0
1.04786503 -0.89431643 1.14167225 45.0
1.39403439 1.21579325 0.71476161 45.0
-0.80820829 -1.43718684 -0.00017216 45.0
0.72631818 1.49279046 -0.54082429 45.0
-1.10848033 0.42532176 -1.11163652 45.0
0.73511094 -0.43008161 2.02983379 45.0
-1.19261432 1.09344423 -1.59634507 45.0
0.21772717 1.18198168 1.50089109 45.0
0.07272270 0.33925471 -1.19376338 45.0
-1.37229931 -1.00808537 0.80454659 45.0
1.16419351 -1.16565824 -1.10401106 45.0
-1.06024861 1.23523593 -1.12565935 45.0
-1.40192425 -0.81055099 0.82267016 45.0
-1.17027509 -1.25749838 -0.99111694 45.0
1.40870941 -0.56411487 -0.31127334 45.0
1.33887899 -0.08505750 1.12777388 45.0
1.03762162 0.63081676 0.27112827 45.0
-1.43001831 0.83239132 -0.59228873 45.0
0.47778356 -1.50141752 0.03029046 45.0
-0.10382766 -0.60429633 -1.18584991 45.0
0.74184638 -0.46089977 2.07163310 45.0
0.48039243 -1.50337052 -0.73008060 45.0
1.07863951 -1.25772297 -1.06542706 45.0
0.06459472 -1.10544789 1.09083200 45.0
0.77999109 0.30816242 -0.02816865 45.0
-0.23332883 1.13867795 1.52336979 45.0
-0.08125032 1.10054719 1.55307853 45.0
0.39463988 -0.30826977 0.11432091 45.0
1.33960652 -0.77112752 -1.50057590 45.0
1.26616693 1.17835641 1.08323205 45.0
0.73636502 -1.25775647 -1.09607828 45.0
0.37135679 1.41406262 1.21867049 45.0
-1.42703092 0.67403340 -0.63476771 45.0
0.78777868 -1.39648020 -0.86377466 45.0
0.53984946 1.44504893 1.09589887 45.0
-0.38784161 1.47256303 0.78076029 45.0
0.91986120 -1.37611222 0.37184453 45.0
-1.36092114 -0.39942044 1.07993901 45.0
1.02390695 0.75481075 -1.18772113 45.0
-0.75282341 -1.28844988 0.83602011 45.0
-1.43523943 0.73819947 0.46527907 45.0
0.22794951 0.57807875 -0.02413430 45.0
-1.42644143 -0.84895092 -0.63267368 45.0
-0.94838023 -1.39112782 0.17546730 45.0
0.40131992 -0.42327043 1.76237154 45.0
-1.20110428 1.39220250 0.56057030 45.0
0.39306384 -0.12237110 -0.00663128 45.0
1.41533434 0.33916986 0.46417391 45.0
0.38193110 1.48581433 -0.76527047 45.0
-0.62801671 -0.08242658 -1.18649542 45.0
0.92553753 -1.38755190 0.28726456 45.0
0.58217961 -0.82245785 1.25898230 45.0
1.17634630 1.16989291 -1.41651595 45.0
-1.34514093 0.42630914 1.17581344 45.0
1.39766908 -0.60415059 0.82381296 45.0
-0.98424697 0.54392159 0.02598451 45.0
0.65251428 -1.40794230 0.61956519 45.0
-0.39030433 -1.50378191 0.12583679 45.0
0.57646066 1.36645114 -1.05600846 45.0
0.38286120 1.22732365 1.47170913 45.0
0.23821183 0.24726647 -1.19374478 45.0
1.04583108 1.21747756 -1.19462299 45.0
1.05082250 1.40529501 1.05127120 45.0
-0.98981065 1.35941124 1.22546601 45.0
0.91809332 1.22732365 1.39476097 45.0
1.26368880 -1.21425831 0.01032223 45.0
1.30696905 -0.98964196 -1.55506146 45.0
-1.42560983 0.92392868 -0.58887106 45.0
-0.96490806 0.30816242 0.02714271 45.0
-0.88879234 -1.25883150 0.82445657 45.0
0.69011664 -0.56406903 -1.17986965 45.0
-1.43504274 0.73816186 0.73346776 45.0
-1.16653073 -1.29396105 0.30960578 45.0
-0.66093522 -1.25847769 0.90119320 45.0
-0.08712494 0.24726647 -1.19374478 45.0
0.58899570 0.48283699 -0.02467565 45.0
1.36989629 -0.65310395 -0.98841280 45.0
-1.39679658 1.25787914 -0.02440553 45.0
0.58247870 0.30816242 -0.02367773 45.0
-1.41356695 -0.95319271 -0.66596937 45.0
1.06736243 1.43894792 -0.54400426 45.0
-1.17783678 -1.21321404 0.71323866 45.0
-0.58159184 0.83435899 -1.20717955 45.0
-0.66093522 -1.25847769 0.90119320 45.0
1.35321331 -0.31933218 -0.99615830 45.0
-1.05157316 -0.50557536 1.72113562 45.0
1.19819713 1.39379239 0.34994039 45.0
0.48008919 -0.56406903 -1.18693984 45.0
-0.60062146 -0.50222683 2.01970315 45.0
0.92857653 -1.39248478 -0.18585157 45.0
0.17114300 -1.46657979 -0.87057996 45.0
1.41555703 0.73906171 -0.61539179 45.0
1.39985120 -0.98964196 0.49378794 45.0
-0.41732925 0.67075932 0.00136785 45.0
-1.03494275 -1.34988606 -0.72808045 45.0
-0.49355513 -1.49983323 0.13088687 45.0
-0.41021803 0.39856631 -0.02304714 45.0
-0.93714774 -0.43407789 1.55708241 45.0
-0.08045387 1.18198168 1.50089109 45.0
1.42636156 -0.73481381 0.49347535 45.0
-1.42901468 -0.88441730 0.02244012 45.0
0.97891992 1.21752310 -1.17472398 45.0
-1.36167002 0.78825319 1.14341760 45.0
1.08508813 -0.46266714 -1.10767746 45.0
1.19557452 -0.72270089 -1.36616480 45.0
1.38770926 1.21553695 -0.59288448 45.0
1.35025156 1.29954815 0.58097768 45.0
1.07661128 -0.72306609 -1.32731879 45.0
-0.70452207 -0.56406903 -1.17986965 45.0
0.06280180 1.47891629 0.84570485 45.0
0.84900141 1.06583250 1.53260696 45.0
-1.37561584 -1.11695111 0.18505727 45.0
1.20381880 0.87819368 -1.62066114 45.0
-1.05825031 1.05249107 -1.59801471 45.0
-0.25246316 0.52104282 -1.19344914 45.0
-0.49479780 -1.50337052 -0.73008060 45.0
1.23471034 0.26707512 1.12791467 45.0
1.41306269 -0.15946773 0.19484983 45.0
-0.98424697 0.54392159 0.02598451 45.0
-1.24186015 0.01091084 1.11140704 45.0
0.21653776 1.22732365 1.47170913 45.0
-1.43286312 -0.64948130 -0.07754639 45.0
0.68767035 -1.15239239 1.02633584 45.0
1.34734821 0.25098565 1.14735341 45.0
0.97848469 1.42351949 -0.85948390 45.0
-0.43491668 -0.08242658 -1.19359505 45.0
-1.28555083 1.09642589 1.11960220 45.0
1.29310536 -0.88326824 1.01285315 45.0
1.34571326 0.08459243 1.13359392 45.0
-1.00961137 -0.42387670 0.65181959 45.0
-1.43374491 0.87819564 0.45194712 45.0
-1.37145495 0.67187351 1.11633837 45.0
0.06280180 1.47891629 0.84570485 45.0
-0.23589049 -1.25775647 -1.13017535 45.0
0.73841798 -1.28844988 0.83602011 45.0
1.26497602 0.92796177 1.17764759 45.0
-1.10069764 -0.39591911 -1.10901356 45.0
0.76473182 -0.41873714 0.51171690 45.0
0.21638459 1.44281876 -0.91257346 45.0
-0.58196896 1.46647608 0.48162869 45.0
1.21320307 -1.21362817 -1.00095201 45.0
-0.33029717 1.19739640 -1.17842364 45.0
1.30809021 -0.95319271 -1.60231698 45.0
0.82179183 -0.51854324 -1.15277517 45.0
1.02869844 -0.67287862 1.49819052 45.0
-0.97205991 1.43248188 0.91569453 45.0
1.40796220 -0.95319271 0.25853971 45.0
-1.15164757 -0.52018160 1.50779712 45.0
1.41243184 0.57180142 0.46421102 45.0
-1.12130892 -1.32028723 0.28689611 45.0
-0.23589049 -1.25775647 -1.13017535 45.0
0.96802688 0.60301709 0.02468660 45.0
0.22805893 -0.42943603 2.07075500 45.0
-1.05202711 0.63081676 0.27112827 45.0
-1.15988052 -1.10880411 0.91572994 45.0
0.40131992 -0.42327043 1.76237154 45.0
1.14730573 1.32493138 1.09815192 45.0
-1.38040495 1.25691366 -0.60802555 45.0
1.26869106 0.67561865 1.20071220 45.0
0.07244236 -0.31933218 -1.19211066 45.0
0.39969927 0.84912795 1.23528171 45.0
0.31794688 0.72675610 -1.18930662 45.0
-1.21365821 -1.25300217 0.46452194 45.0
-0.74576485 1.44694233 0.67176813 45.0
-0.25416768 0.57193542 -1.19242549 45.0
0.09541154 -0.64820480 -1.18523455 45.0
1.00509989 0.79554194 0.97755778 45.0
0.97439140 -0.88058347 -1.50488496 45.0
-1.20360315 -0.90097135 1.07240725 45.0
-0.97843343 0.63079792 0.02755531 45.0
1.39858544 -1.02780914 -0.06598321 45.0
1.04740429 0.92133456 1.45400262 45.0
-1.42612112 -0.39591911 0.66709912 45.0
-0.93931764 1.21753454 -1.17026985 45.0
0.88997912 -0.96598744 1.15446281 45.0
0.07260970 0.54415286 -1.19309711 45.0
-0.58199644 1.47274888 0.40006641 45.0
-1.20557261 -0.93432683 1.04805088 45.0
-1.01672113 -0.43846226 1.69226778 45.0
1.03741384 0.83142745 1.36110520 45.0
-0.15943837 -1.50476897 0.12457431 45.0
1.35457909 0.92395645 1.00752628 45.0
-0.32951862 -1.05771983 -1.18970895 45.0
-1.18570209 1.41006601 -0.57303363 45.0
0.23822147 0.33925471 -1.19376338 45.0
0.21519460 1.27380109 1.43024433 45.0
0.86025286 1.46171677 -0.72476548 45.0
1.33841002 -0.25134200 1.11205411 45.0
-0.93031132 -0.42045680 0.52528781 45.0
0.37589899 -1.50378191 0.12583679 45.0
0.22805893 -0.42943603 2.07075500 45.0
0.06021393 -1.25847769 0.91232431 45.0
1.15131772 1.41320336 -0.74185961 45.0
0.14238745 -1.51549625 -0.41035348 45.0
1.24059331 0.57195663 -1.11845696 45.0
1.37352216 -1.06877542 -0.99308258 45.0
-0.08396631 -0.50222683 2.02686453 45.0
0.57989866 -0.85584623 1.24658263 45.0
1.40765440 -0.39591911 0.86757767 45.0
0.31698918 -0.84367943 -1.21662462 45.0
-1.41319406 -0.77066755 -1.29894400 45.0
-0.93129021 1.36632240 1.24549484 45.0
-0.41802752 -0.46080756 2.10987353 45.0
-0.75866759 -0.92769098 1.20577013 45.0
0.36635804 1.48009682 0.84180278 45.0
0.88245785 -1.35094666 -0.93201262 45.0
0.79345381 0.52104282 -1.15795112 45.0
-0.57264394 1.43824887 -0.92613995 45.0
1.41535997 1.13429964 0.21114473 45.0
1.09799314 0.08055543 -1.11163878 45.0
0.68413460 -1.47107899 -0.10864563 45.0
0.89713740 0.89313102 1.54180503 45.0
1.30809021 -0.95319271 -1.60231698 45.0
-0.49931157 -1.49060071 0.36445299 45.0
-1.20213342 -1.12467480 -1.16607440 45.0
-0.40360388 1.10054719 1.55307853 45.0
1.41362524 -0.15946773 0.45436612 45.0
-0.43505263 0.24726647 -1.19374478 45.0
-0.97185570 0.39856631 0.02708743 45.0
-1.16553736 -0.71516335 1.36054265 45.0
-0.88927180 -1.25775647 -1.05984843 45.0
0.95200098 1.41651607 1.05400062 45.0
1.40575862 -0.39591911 -0.29558203 45.0
-1.07781410 1.04991925 1.40088320 45.0
1.04408097 0.78113192 1.19965732 45.0
-1.12603498 -1.15574718 0.86643577 45.0
1.41929448 -0.81431997 0.49480072 45.0
1.18890893 -1.25722027 -0.75831938 45.0
-1.30751085 -0.88326824 1.01285315 45.0
0.99520588 -0.42387670 0.65181959 45.0
-0.08390430 0.60155314 -0.02428810 45.0
-0.11242240 1.19739640 -1.17842364 45.0
0.95273352 -0.00260630 -1.12048233 45.0
-1.38792753 -1.06877542 -0.99308258 45.0
-0.32681119 -1.40788972 0.64194369 45.0
1.05066431 0.47964811 0.67094588 45.0
1.42145932 -0.81429452 0.38079408 45.0
-0.57750022 0.87819368 -1.21453893 45.0
-1.42100191 0.78825271 0.96254796 45.0
-0.11393341 -0.77181321 -1.20491946 45.0
-0.77147925 -0.63345027 1.67184007 45.0
-0.81643742 -0.68643391 -1.18330050 45.0
1.32697904 1.21184897 -1.18980229 45.0
1.18772805 -1.12467480 -1.16607440 45.0
-0.43506944 0.33925471 -1.19376338 45.0
1.39985120 -0.98964196 0.49378794 45.0
-0.22218187 1.46761155 0.97193497 45.0
-0.07962911 1.27380109 1.43024433 45.0
-1.25106251 1.37440026 0.69710463 45.0
-0.96650910 0.42532176 -1.12050772 45.0
-0.75282341 -1.28844988 0.83602011 45.0
-1.42827260 -0.88441730 -0.15679716 45.0
0.98359251 -1.25775647 -1.05132866 45.0
-1.06371057 0.54011679 0.67082494 45.0
1.36989629 -0.65310395 -0.98841280 45.0
-0.57064658 -1.49696100 -0.09740228 45.0
-1.37223625 -0.56427968 -0.99511588 45.0
0.79380286 -1.43718684 -0.00017216 45.0
0.24084635 -0.46266714 -1.18956518 45.0
-0.22436994 1.41309774 1.22250009 45.0
1.30030048 -0.94912952 0.95172334 45.0
-1.43123400 0.87819368 -0.02593534 45.0
-0.07092153 -1.34072173 0.77906686 45.0
-0.59891504 -0.78938991 1.28875732 45.0
-1.42925358 -0.56406903 0.57941854 45.0
0.54902142 -1.10544789 1.08781540 45.0
-1.19943750 -0.84367943 -1.66509092 45.0
-0.39492494 1.27380109 1.43024433 45.0
-0.23434182 1.46242535 0.57515675 45.0
-0.08119807 1.48709774 0.30128905 45.0
0.97848469 1.42351949 -0.85948390 45.0
-0.96297801 0.22461604 0.02697241 45.0
-0.32938081 1.09344423 -1.18897808 45.0
-0.88932759 1.47240067 -0.05065478 45.0
0.39322463 -1.47960186 0.44295880 45.0
-0.11307690 0.92392868 -1.21974242 45.0
-1.40723336 -0.46266714 0.92138427 45.0
0.84200430 1.45012128 0.76905227 45.0
1.40376091 0.51956683 0.95286667 45.0
0.37319097 -1.50866520 -0.11931561 45.0
1.31562912 1.05249107 -1.60074341 45.0
-0.38784161 1.47256303 0.78076029 45.0
1.40753043 0.57197100 -0.28794423 45.0
-0.25262684 0.33925471 -1.19376338 45.0
-0.08064000 -1.29521155 -1.10027182 45.0
-1.10929048 0.33925471 -1.11166072 45.0
1.33073556 0.42630914 1.17581344 45.0
-0.79910874 -1.08485460 -1.18909621 45.0
1.34235156 0.00009713 1.13190567 45.0
-0.93488145 1.05249107 -1.31900668 45.0
-0.90491796 -0.58758694 1.73811603 45.0
0.79375756 0.48599443 -1.15812576 45.0
1.20538080 1.39057517 0.18723288 45.0
-0.55974317 -1.50085461 -0.53384966 45.0
-1.32597780 1.17275178 -1.39599383 45.0
0.39461383 -0.92769098 1.22379851 45.0
1.03969193 -1.08515704 -1.31205118 45.0
1.41179931 1.17490375 -0.02485505 45.0
1.41995645 0.08055543 0.95315593 45.0
-1.10975099 -0.08242658 -1.11150110 45.0
1.24019659 1.30957294 0.97013819 45.0
0.81914485 -1.15239239 0.99921626 45.0
-0.55265975 -1.12986302 -1.16725099 45.0
1.37174034 1.13442636 -1.28125834 45.0
-0.43504629 0.42532176 -1.19373775 45.0
1.40769041 1.05249107 -0.27239853 45.0
0.22545144 -0.82245785 1.26276004 45.0
1.40588474 1.21573007 0.42921758 45.0
-0.38091549 1.47735238 0.88216931 45.0
1.41194391 0.92392868 -0.27358031 45.0
0.22146103 1.06583250 1.59814644 45.0
-0.96306413 -0.68643391 -1.16592598 45.0
0.28950027 -0.60429633 -1.18584991 45.0
1.25154650 1.36372912 -0.27228490 45.0
0.95181930 0.48599443 -1.12040281 45.0
1.39765275 0.24704106 1.08906579 45.0
-0.08022639 1.40674949 -0.99986738 45.0
1.31697750 -1.16733742 0.16370839 45.0
0.85823184 0.84912795 1.15914559 45.0
-0.57902694 1.50603664 -0.33730283 45.0
1.04774737 0.54394531 0.26987192 45.0
-1.22595143 -1.17038107 0.76578170 45.0
1.34649372 -0.74028534 -1.43067622 45.0
1.04580021 0.39524490 0.66998917 45.0
-1.05538845 -1.29517603 -1.03785050 45.0
-1.10255694 -0.31933218 -1.11009276 45.0
0.06910922 -0.42327043 1.76237154 45.0
0.90637630 -1.35844541 0.49045730 45.0
0.77648503 0.03843896 -0.02584518 45.0
-1.27139902 1.36330354 -0.02623960 45.0
-1.40910423 -1.02780914 0.47438687 45.0
-1.42400396 0.61214918 -0.28667617 45.0
-1.40707517 -0.08242658 1.08175421 45.0
-0.94007325 -0.84367943 -1.33520401 45.0
-0.49761206 -1.34072173 0.77743095 45.0
-0.32007658 -1.12986302 -1.16725099 45.0
0.06786139 -0.30826977 0.11432091 45.0
-0.93574053 -1.08485460 -1.21677303 45.0
1.42522585 -0.69536984 0.53117055 45.0
1.11018896 -1.32028723 0.19841444 45.0
1.42166281 0.78825212 0.72902304 45.0
1.01254356 -0.70791900 -1.20878851 45.0
0.41916326 -0.31933218 -1.19211066 45.0
1.41196501 0.61190003 -0.02652938 45.0
0.06756821 0.22461604 -0.02242509 45.0
0.93620533 0.87819368 -1.32000291 45.0
-0.43504840 0.08055543 -1.19374013 45.0
0.83024937 1.32246006 1.33067441 45.0
0.06880648 0.84912795 1.23528171 45.0
-1.38619339 -0.95319271 -1.35034418 45.0
1.41116667 -0.15946773 -0.04080544 45.0
0.21760356 -1.32184100 -1.06498992 45.0
-1.43300438 -0.08242658 0.73032665 45.0
0.06219721 -1.19523168 0.99057263 45.0
0.34710085 -1.28822494 0.86951435 45.0
1.23665714 1.37440026 0.69710463 45.0
-0.57151031 -1.10570133 -1.17443705 45.0
-1.37489426 -0.15946773 -0.99751520 45.0
1.11492157 -1.25026643 0.66441220 45.0
-0.80558336 -0.31933218 -1.15664232 45.0
0.22482361 0.93901199 1.80969214 45.0
1.42456150 -0.77371377 0.29900566 45.0
1.37178814 -0.95319271 -1.35034418 45.0
-1.42822576 -0.88441730 0.42732099 45.0
0.78258651 -0.91703856 -1.23980772 45.0
-0.62244189 -1.34072173 0.77088648 45.0
1.32887554 -1.09656179 0.74005061 45.0
-0.08358692 -0.71176898 1.48329055 45.0
-1.43862081 -0.69536984 0.14903939 45.0
1.41084230 0.54415286 0.21070282 45.0
-0.59466469 0.84912795 1.22682822 45.0
0.39307040 0.22461604 -0.02242509 45.0
1.09534550 -0.08242658 -1.11150110 45.0
1.04590511 0.57970333 0.26912910 45.0
0.78470331 -1.08485460 -1.18909621 45.0
0.83563519 1.42835712 1.05968833 45.0
0.72740495 1.02788460 1.62382638 45.0
-1.43436158 0.08055543 0.95315593 45.0
-1.11177158 0.16332369 -1.11163878 45.0
-0.05693728 -1.49988389 0.27427119 45.0
-1.05996919 0.57561094 0.67027634 45.0
-0.07720718 1.47891629 0.84570485 45.0
-0.98434806 -0.98964196 -1.43970811 45.0
-1.27809429 -1.21425831 0.01032223 45.0
-0.49253789 -1.16918194 -1.16235507 45.0
-0.92869359 1.23561549 -1.14254403 45.0
0.83220476 1.44676578 0.91681898 45.0
0.60439461 -1.21442854 -1.14572918 45.0
-1.43396580 0.16332369 -0.28839764 45.0
0.76816815 0.79884553 0.50743026 45.0
-0.59422088 0.03843896 -0.02113275 45.0
-1.42920089 0.24726647 -0.65619659 45.0
1.23054576 -0.51854324 -1.11468208 45.0
-1.43896687 -0.77371377 0.29900566 45.0
0.84346330 -1.10544789 1.04749668 45.0
0.30789128 -0.64820480 -1.18523455 45.0
-0.57398188 0.92392868 -1.21974242 45.0
-0.93574053 -1.08485460 -1.21677303 45.0
-0.33088925 -1.10570133 -1.17443705 45.0
1.38770926 1.21553695 -0.59288448 45.0
0.06684495 1.10054719 1.55307853 45.0
-1.42883456 0.87819368 -0.27396536 45.0
1.22769535 1.37986100 0.19931273 45.0
0.86064750 -0.46108320 2.00923300 45.0
1.08508813 -0.46266714 -1.10767746 45.0
1.41132879 -0.31933218 0.43508971 45.0
-1.39349532 1.05249107 -1.34373844 45.0
1.09463298 0.52520680 1.00540197 45.0
-1.39083230 0.16332369 -0.99863189 45.0
0.31644490 0.96832049 -1.21966660 45.0
-0.16653788 -1.47966361 0.44310701 45.0
1.41804135 -0.85134709 0.33703253 45.0
-0.94560790 -0.80662674 -1.31528282 45.0
1.08281386 0.79829115 -1.38407898 45.0
0.31497541 1.09344423 -1.18897808 45.0
1.39931643 -1.02780914 0.21749774 45.0
-1.42631590 -0.46266714 0.40989795 45.0
0.38880533 1.47522640 0.40002376 45.0
1.41295981 1.05249107 0.21105643 45.0
-0.94827461 -1.39127243 0.08868797 45.0
-0.62586582 -1.48878813 -0.36880040 45.0
0.22482361 0.93901199 1.80969214 45.0
0.06280180 1.47891629 0.84570485 45.0
0.95745033 0.39856631 0.02708743 45.0
-0.98243237 0.60301709 0.02468660 45.0
0.24084635 -0.46266714 -1.18956518 45.0
0.39271849 -0.96586657 1.20278454 45.0
-1.43301845 0.83228546 -0.02607281 45.0
1.33841002 -0.25134200 1.11205411 45.0
-0.79909360 0.39856631 -0.02845621 45.0
0.79056466 0.92392868 -1.24425507 45.0
0.87438685 -1.25883150 0.82445657 45.0
-1.42663705 -0.51854324 0.17264459 45.0
1.40618038 -0.23858924 0.94239104 45.0
-1.42141330 -0.95319271 0.37488151 45.0
1.40410066 -0.98964196 -0.04557844 45.0
-1.23344123 0.75658774 -1.24732602 45.0
-0.70189536 -1.46812809 0.03064517 45.0
1.03636599 0.62709808 0.67233622 45.0
1.07559586 0.83429343 -1.47912455 45.0
-1.11669230 -1.29493773 -0.97217411 45.0
-1.42349994 1.13429964 -0.27152446 45.0
0.54723525 1.23561549 -1.16335249 45.0
1.17024958 1.40406644 -0.05506694 45.0
-1.42930746 1.09344447 0.43254566 45.0
0.97443038 1.05249107 -1.47329783 45.0
1.41083086 0.52086228 0.46383533 45.0
1.34571326 0.08459243 1.13359392 45.0
-1.05181932 0.83142745 1.36110520 45.0
0.96831787 -1.12980056 -1.12595773 45.0
1.16196918 0.98796016 1.30975521 45.0
-1.03794074 0.72906804 0.77169257 45.0
1.06429410 1.42629611 0.86564934 45.0
-0.39811090 -1.05503845 1.13897288 45.0
-0.58864450 0.77288133 -1.19413459 45.0
-0.33088925 -1.10570133 -1.17443705 45.0
0.55798584 -0.84367943 -1.21662462 45.0
-0.85035676 1.22732365 1.41868913 45.0
0.22532581 0.48280728 -0.02361020 45.0
-0.23094311 1.22732365 1.47170913 45.0
-1.19343328 1.05249107 -1.65870011 45.0
0.21638459 1.44281876 -0.91257346 45.0
1.16449201 1.40384746 -0.76648432 45.0
1.40659654 0.78825271 0.96254796 45.0
0.88997912 -0.96598744 1.15446281 45.0
-1.41645467 -0.73683530 -1.26440632 45.0
0.93723214 -0.77181321 -1.28767240 45.0
-0.09786317 -1.16918194 -1.16235507 45.0
1.37178814 -0.95319271 -1.35034418 45.0
-1.27530086 -1.21425831 0.37237623 45.0
1.14591253 1.41208279 0.85168773 45.0
-1.42363298 -0.77391672 0.68852627 45.0
0.75069994 -0.85584623 1.23169005 45.0
0.89844060 -1.23220742 0.85655046 45.0
-1.21365821 -1.25300217 0.46452194 45.0
-1.42918229 -0.64973772 -0.32357925 45.0
-0.87609786 1.44530702 -0.81818813 45.0
-1.44058836 -0.73481381 0.34061182 45.0
-1.42880940 0.92392868 -0.02579249 45.0
-1.43504274 0.73816186 0.73346776 45.0
-1.02421820 1.41777325 0.58746719 45.0
-0.77147925 -0.63345027 1.67184007 45.0
1.19367397 -0.80662674 -1.60933447 45.0
-1.41646767 1.05249929 0.76561636 45.0
-0.59446323 0.14184806 -0.02393486 45.0
-1.09101677 -0.72306609 -1.32731879 45.0
1.14562368 1.28073084 1.16213012 45.0
1.01826990 0.72680813 -1.13981485 45.0
-1.42502844 -0.77125961 -0.97395045 45.0
0.22329399 -0.30826977 0.11432091 45.0
1.00374591 -1.21442854 -1.07265031 45.0
1.33887899 -0.08505750 1.12777388 45.0
-1.43281806 0.73821199 -0.02630082 45.0
-1.42668283 0.57139915 0.72923970 45.0
-0.23203118 1.51813030 -0.55062544 45.0
1.08810484 -0.56406903 -1.10518670 45.0
-1.39931726 1.25787914 0.42836863 45.0
-1.20486283 -0.97047639 1.02507889 45.0
-0.89296997 1.45499480 0.30676082 45.0
0.06785652 -0.92769098 1.22379851 45.0
-1.06506968 0.47964811 0.67094588 45.0
-1.42504096 0.48580641 0.46393940 45.0
0.06835953 0.93901199 1.80969214 45.0
0.10061919 -0.72326612 -1.19815969 45.0
-0.41002783 0.98471832 1.73584342 45.0
-0.23637360 0.03843896 -0.01995469 45.0
1.23190153 -0.31933218 -1.11811650 45.0
0.82915449 1.45278776 0.86278808 45.0
1.41001225 -0.65076327 -0.65546727 45.0
-1.43762350 -0.73481381 -0.08866135 45.0
1.41068530 0.52032077 0.72774869 45.0
0.57000303 -0.72326612 -1.19815969 45.0
1.00392365 -1.32179701 -1.00495017 45.0
-1.43417346 -0.73485494 -0.32618910 45.0
0.10061919 -0.72326612 -1.19815969 45.0
0.07224943 -0.39591911 -1.19097340 45.0
-1.26865423 -1.21018350 0.51153642 45.0
1.26171768 1.36247218 0.41573092 45.0
-0.46353146 -0.51854324 -1.18815589 45.0
0.55002028 -1.49920344 -0.37298948 45.0
0.38916901 -1.00801361 1.17566848 45.0
-1.42116475 0.57211339 -0.65465063 45.0
1.41657305 -0.85135216 0.45202041 45.0
-0.40033653 -1.29521155 -1.10027182 45.0
-1.39939260 1.25787914 0.58554465 45.0
-0.80636829 0.67086256 -0.00532780 45.0
-1.43135607 0.92393142 0.44673043 45.0
1.08138490 1.41804194 -0.82254994 45.0
0.06280180 1.47891629 0.84570485 45.0
-0.98834223 1.09344423 -1.42861068 45.0
-1.39083230 0.16332369 -0.99863189 45.0
1.10586357 -1.32028723 -0.19135256 45.0
-0.24235487 0.57807875 -0.02413430 45.0
0.06941316 -0.42943603 2.07075500 45.0
-1.01881051 -0.44666812 1.11509800 45.0
-1.41816604 0.51956683 0.95286667 45.0
-1.36089921 -0.74028534 -1.43067622 45.0
-0.23434182 1.46242535 0.57515675 45.0
1.39985120 -0.98964196 0.49378794 45.0
-0.93715537 -0.64820480 -1.15186870 45.0
0.91502362 0.79884553 0.52804208 45.0
0.92012697 -0.75241715 1.32040191 45.0
-0.94007325 -0.84367943 -1.33520401 45.0
1.20381880 0.87819368 -1.62066114 45.0
0.96993965 0.57966733 0.02530698 45.0
1.37352216 -1.06877542 -0.99308258 45.0
-1.41850603 -0.98964196 -0.04557844 45.0
-1.41957641 1.01107669 -0.58713335 45.0
-1.11289287 -0.37508336 1.04579437 45.0
-1.43202591 -0.60429633 0.56822920 45.0
0.21519460 1.27380109 1.43024433 45.0
0.22532581 0.48280728 -0.02361020 45.0
1.19158256 1.39734733 -0.29833174 45.0
1.32589769 -0.75370896 1.06586909 45.0
-0.56846571 -1.02536428 -1.19850028 45.0
1.40909147 -0.51854324 0.74480700 45.0
0.22017282 1.10054719 1.55307853 45.0
-0.11197394 -0.98964196 -1.20739579 45.0
0.39306384 -0.12237110 -0.00663128 45.0
1.41995645 0.08055543 0.95315593 45.0
1.40056515 -0.98964196 -0.41260749 45.0
1.20500267 -1.25707555 -0.16589949 45.0
-0.79620570 -0.98964196 -1.22793233 45.0
-1.04108894 -1.16913736 -1.08820570 45.0
-0.81643742 -0.68643391 -1.18330050 45.0
-1.07238853 -0.54575890 1.65750110 45.0
-0.08645155 -1.21442854 -1.15264750 45.0
1.40676785 0.42532176 -0.28839716 45.0
-0.28559071 -1.16918194 -1.16235507 45.0
0.06940884 0.67075932 0.00136785 45.0
0.55957651 0.92392868 -1.21974242 45.0
-0.88019341 1.40975153 -0.92777407 45.0
-0.11373413 0.87819368 -1.21453893 45.0
-1.41178000 1.17490375 -0.58319211 45.0
-0.72402573 1.27380109 1.40764475 45.0
1.04181767 1.16888893 -1.37193751 45.0
-0.98823386 -0.56406903 -1.11402047 45.0
1.04327440 1.09344423 -1.53886187 45.0
-1.09960389 -0.59088641 1.58585942 45.0
0.32053164 -0.77181321 -1.20491946 45.0
-1.35703135 -1.11328065 -0.99892777 45.0
-0.08197237 -0.12237110 -0.00663128 45.0
1.03735483 0.39856631 0.27089989 45.0
-1.03494275 -1.34988606 -0.72808045 45.0
-1.20598209 1.23128414 -1.15273845 45.0
1.41191053 -0.46266714 0.40989795 45.0
1.15426660 -1.29396105 -0.02266274 45.0
1.04210591 -0.71176898 1.40140045 45.0
-1.43036282 1.13429964 0.43114868 45.0
-1.10433125 -0.60429633 -1.10415256 45.0
-1.16559029 1.23515224 1.20869577 45.0
0.72891742 -0.60429633 -1.17878461 45.0
-0.11277977 -0.84367943 -1.21662462 45.0
-1.18237865 1.35803974 1.01657426 45.0
1.41357160 1.05249214 0.43595240 45.0
-1.00777924 -0.77180296 -1.39305496 45.0
1.37352216 -1.06877542 -0.99308258 45.0
1.23096085 -0.39591911 -1.11704028 45.0
0.32631204 0.77288133 -1.19413459 45.0
1.05884993 1.43243277 -0.73608088 45.0
-1.40845752 -0.88119984 0.75151122 45.0
1.26089537 -1.21425831 0.37237623 45.0
0.50483644 1.26727188 -1.14711261 45.0
-1.00463223 1.09794188 1.43455291 45.0
1.37687159 0.51864493 1.10378599 45.0
0.14528650 -1.50358081 0.19717292 45.0
-1.43213105 -0.00260630 0.95485121 45.0
-1.01950526 0.79554194 0.97755778 45.0
-1.40820122 -0.51854324 0.87097865 45.0
-0.39912465 -1.32184100 -1.06498992 45.0
-0.25261477 0.08055543 -1.19374013 45.0
0.99966401 -0.74366236 -1.33743739 45.0
0.94839096 -0.12237110 0.04240519 45.0
0.78180027 -0.98964196 -1.22793233 45.0
-0.24272767 0.60155314 -0.02428810 45.0
-1.11049294 0.24726647 -1.11164308 45.0
-0.24153104 -0.42327043 1.76237154 45.0
-0.40803304 1.02788460 1.66089654 45.0
-1.30115497 -0.84883386 1.05597007 45.0
-0.07760672 1.44458365 1.10478544 45.0
1.30245769 1.33603084 -0.02383709 45.0
-0.26600030 -1.51853275 -0.57854760 45.0
-0.99980354 0.92392868 -1.49604547 45.0
0.06786139 -0.30826977 0.11432091 45.0
-0.24114966 -0.75234228 1.36834049 45.0
-0.80766177 -0.15946773 -1.15783751 45.0
-1.14843750 1.42223370 -0.56772834 45.0
-1.27426577 1.36287379 0.20846488 45.0
-0.64016879 -1.45616186 -0.81194746 45.0
-0.85786867 -1.10544789 1.04749668 45.0
-0.40319178 1.46242535 0.57515675 45.0
0.53825438 -1.12986302 -1.16725099 45.0
0.22271343 1.02788460 1.66089654 45.0
0.31794688 0.72675610 -1.18930662 45.0
0.95354003 -0.70787358 -1.19793713 45.0
-1.00200009 1.45292687 -0.05016861 45.0
1.37556767 -0.91708654 -1.36421609 45.0
-1.16181803 -1.29396105 -0.34461221 45.0
-0.09183193 0.61190003 -1.19142020 45.0
-1.11281133 0.67094004 -1.11303258 45.0
-0.80039835 0.73237485 0.10732044 45.0
0.79375756 0.48599443 -1.15812576 45.0
-0.80615044 1.31493604 -1.08096135 45.0
-1.43190873 -0.60429633 0.38990003 45.0
0.06815819 1.36263323 -1.06823409 45.0
0.97443038 1.05249107 -1.47329783 45.0
-1.42644143 -0.84895092 -0.63267368 45.0
0.14699221 -1.49214303 0.36342964 45.0
-1.43867683 0.16332369 0.46432066 45.0
-0.10250510 0.67090285 -1.19010353 45.0
-1.36761880 -0.31933218 -0.99615830 45.0
-0.98042268 0.48310629 0.02670897 45.0
1.32887554 -1.09656179 0.74005061 45.0
