1.33201098 -0.24616653 -0.94577634 15.0
0.39268696 1.40689111 -0.80244416 15.0
1.38167298 -0.89764148 0.60336155 15.0
0.99763006 -0.66497493 1.26446354 15.0
0.93355513 0.72974318 -1.17718399 15.0
0.56920689 1.09405160 -1.09201217 15.0
-1.01264501 -0.96688884 0.90075076 15.0
1.16897583 -1.04008377 0.84534681 15.0
0.78882021 -0.86547750 -1.13471401 15.0
-0.25278607 0.84408581 1.22082686 15.0
-1.41586185 -0.31494802 -0.16475010 15.0
-0.74405420 -0.98618114 0.90075076 15.0
-0.91613764 1.07991815 -1.19375515 15.0
-0.48819315 1.49294889 -0.21780555 15.0
0.34977436 -1.57552779 -0.12961495 15.0
-1.43592215 0.44122502 0.04578259 15.0
1.43527174 0.48229179 0.23673981 15.0
0.57317555 -1.33037138 -1.06540871 15.0
-1.24430299 0.48976427 -1.07481730 15.0
0.99884772 -0.59500450 1.36753523 15.0
1.00483143 0.44253394 1.55202055 15.0
0.93247080 0.21477398 1.74372327 15.0
-0.08740906 0.41176954 1.61782873 15.0
-0.58991212 0.88316661 1.19962358 15.0
1.32407928 -0.46532306 -0.94264442 15.0
-0.07626587 -1.58879948 -0.12961495 15.0
-0.48586321 1.55999994 0.63731629 15.0
0.52918142 -1.49943185 0.07076287 15.0
-0.96569771 -1.14183557 -1.21994269 15.0
-0.97959584 -0.59860951 1.37641418 15.0
-0.66676825 1.44367504 1.15253019 15.0
-0.90118819 -0.67222106 -1.09223998 15.0
-1.18694651 1.15818810 1.05518210 15.0
1.38454437 -0.96724784 0.67346555 15.0
-1.03593743 -1.15241313 -1.18588948 15.0
1.41699374 -0.78867418 0.32576367 15.0
1.21027684 -0.09965143 -1.07579386 15.0
-1.45890439 0.63617682 0.23760757 15.0
1.38167298 -0.89764148 0.60336155 15.0
-1.40262496 0.14748210 -0.65842092 15.0
0.10843483 0.83133459 -1.11198473 15.0
-0.80381709 0.47915733 -1.09485269 15.0
-0.78056735 -1.57821345 -0.95177895 15.0
1.41616559 0.44122502 -0.35962695 15.0
0.98471087 1.36442685 1.11808765 15.0
0.86730289 -1.15653551 0.75377053 15.0
-0.73504633 -1.11823499 0.81004047 15.0
0.26021039 0.51552248 -1.09402108 15.0
-0.99727696 -0.33042237 1.67719638 15.0
1.32750154 1.36059725 0.21578790 15.0
0.38026556 1.39876270 1.15139830 15.0
-0.96637821 0.98679072 -1.40202630 15.0
0.94580746 0.47473675 -1.09485269 15.0
1.15265524 1.04738140 -1.40721357 15.0
-1.33981335 -0.38715738 -0.94455791 15.0
0.93245357 -0.03725987 1.80842543 15.0
-0.48442969 1.57002914 0.88484681 15.0
-1.17990339 1.21929991 1.05776763 15.0
1.43264723 0.68667471 0.56301099 15.0
1.40546179 -0.86151153 0.34137699 15.0
1.19574547 0.66545278 -1.18749821 15.0
-1.08144712 0.33328757 -1.09510791 15.0
-0.82283849 1.54460824 1.08072388 15.0
-1.17381144 -0.24144942 1.35343635 15.0
1.29312003 1.38419271 0.82974577 15.0
-0.40455502 -1.39849436 -1.06248903 15.0
0.56243831 1.10993588 1.14247501 15.0
-0.89915818 -0.67688751 1.27375817 15.0
-1.38488007 -1.13440478 -0.32107553 15.0
0.96082175 -0.04072319 1.80572724 15.0
-1.41606677 0.99227214 0.47003579 15.0
1.40393138 0.99227130 0.36395755 15.0
-0.91097921 -1.60190976 -0.47797063 15.0
0.07784339 0.56265235 1.49020171 15.0
-1.03358674 -0.92108011 -1.54419303 15.0
0.40915263 -0.88121122 0.95775485 15.0
-0.88809454 -0.33405504 1.68316984 15.0
-1.07477725 -0.36554921 1.54300034 15.0
-0.91621149 0.99559343 -1.23555779 15.0
0.05542586 -1.69157565 -0.49233341 15.0
-0.75100756 -0.87076682 0.95775485 15.0
1.43988180 0.73049116 0.40985176 15.0
1.03118849 -0.78314757 1.05210865 15.0
0.94116533 -1.51409090 -1.02609754 15.0
0.18022256 -1.67436099 -0.43820560 15.0
0.95569712 -0.74545842 1.14291990 15.0
-0.94240463 -0.25272119 -1.09437788 15.0
-1.38412726 1.15592790 0.69265610 15.0
1.03118849 -0.78314757 1.05210865 15.0
-1.35929573 1.17183805 0.83528745 15.0
0.19554065 1.56098235 0.63731629 15.0
1.33449924 0.32516015 -0.94724792 15.0
0.40368560 -0.03710615 1.80842543 15.0
-1.42050171 -0.01884437 -0.14809212 15.0
1.13211250 1.33392334 -0.84339756 15.0
1.35543382 1.08823621 -0.88343608 15.0
1.16669261 -0.38183698 1.24880981 15.0
1.34861672 1.32057679 0.04573691 15.0
-0.71786320 -1.31680989 0.50046331 15.0
-1.09120739 -0.76866525 1.02039111 15.0
-1.39064443 -1.13440478 0.18789035 15.0
1.36677849 -1.18057072 -0.21745874 15.0
0.72960997 0.97107321 1.16987038 15.0
1.34996939 -1.16013229 0.59001106 15.0
1.16982710 0.40261054 1.25756311 15.0
-0.87029153 -0.03720652 1.80842543 15.0
-0.67560315 1.45599151 -0.50891960 15.0
-0.25662869 -0.52060264 1.50288701 15.0
0.39535883 1.16182923 1.14210844 15.0
-1.18385708 -0.71163160 0.90756750 15.0
-1.34708118 0.23261759 -0.94723541 15.0
-0.91338408 -1.05142295 -1.22727001 15.0
0.80556601 -0.76262200 -1.10351098 15.0
-1.29081762 -1.08480442 -1.29135370 15.0
1.41022408 0.23160845 0.23673567 15.0
-0.08371033 1.33444965 1.14994609 15.0
-1.33570755 1.36337543 0.54221708 15.0
1.14701200 -1.02172673 -1.48188972 15.0
-0.45212525 0.49660069 -1.09456682 15.0
-1.45001352 0.68645453 -0.34988698 15.0
-0.24939953 0.22475043 1.74372327 15.0
-1.37064981 0.48449218 -0.94569147 15.0
-1.37069273 -0.71898723 -0.91814822 15.0
-1.00672877 0.50062537 1.51662302 15.0
0.71504372 -1.21141160 0.69208515 15.0
0.99236262 -0.70647877 1.19519591 15.0
-1.05898499 -0.15421580 1.68539178 15.0
-1.15974522 -0.98468047 -1.52979863 15.0
0.57164717 0.91941190 -1.11615014 15.0
0.41255137 0.73970491 1.28113663 15.0
-0.77837914 -1.56758285 -0.60403270 15.0
-0.33228686 1.53340209 1.15403306 15.0
0.25262988 -0.33219102 -1.09379208 15.0
-1.39508986 1.08804631 -0.34511775 15.0
0.73056948 0.30761340 1.68999398 15.0
-1.40254462 -0.01884437 -0.65837455 15.0
-1.36492991 -1.26671267 -0.16093521 15.0
-0.26614419 0.15943290 -1.09508908 15.0
0.70886081 1.40068531 -0.80244416 15.0
0.74494117 -0.76013285 1.14291990 15.0
1.06876063 0.06726540 -1.09508908 15.0
0.07584124 -0.34299821 1.68316984 15.0
0.18022256 -1.67436099 -0.43820560 15.0
-0.71250552 1.33011377 1.14994609 15.0
1.34928668 1.32057679 0.34526551 15.0
-0.42054957 -0.91986763 0.92370635 15.0
0.58051687 -0.83872330 1.01436532 15.0
0.33491910 1.01391125 -1.09684861 15.0
-0.59474307 -0.80147862 1.07890427 15.0
-1.39142501 -0.46336016 0.49446097 15.0
-1.13593090 -1.46186876 -0.02001837 15.0
-0.34814626 -1.17071521 -1.08569658 15.0
1.32717967 -0.38715738 -0.94455791 15.0
-1.37941217 -1.18057072 -0.21745874 15.0
-0.79591882 -1.18084693 -1.08635187 15.0
1.37545502 -1.13440478 -0.16733380 15.0
0.07693519 -0.62236357 1.37641418 15.0
1.39388680 -0.75559658 0.43655235 15.0
-1.41892278 -0.71587765 0.31635103 15.0
0.25302759 -0.25828189 -1.09437788 15.0
-1.25263691 -1.42474055 -0.19612721 15.0
0.94441968 0.68382347 -1.12012684 15.0
1.16673291 1.21730745 -0.99511886 15.0
1.24713457 1.41400123 0.53956693 15.0
-1.39130867 -0.65001410 -0.65115064 15.0
1.29643691 -0.09926936 0.95568800 15.0
-0.54358608 1.44716215 -0.62314820 15.0
1.35361874 -1.26671267 -0.05666937 15.0
0.24342787 -0.73771340 1.20414197 15.0
-0.74625528 0.40228263 1.61782873 15.0
-0.09240527 0.07164067 -1.09508908 15.0
0.90071905 -1.01325405 -1.24557841 15.0
-1.39320564 0.93008214 0.86686802 15.0
0.87736630 -0.75369233 1.14291990 15.0
-0.58974928 -0.91498971 0.92370635 15.0
1.40973103 0.14748210 0.04578082 15.0
1.40671074 -0.17408793 -0.15851805 15.0
1.42533624 0.82416505 0.66056269 15.0
0.58155566 1.57277226 1.12193131 15.0
0.72882390 -1.02611244 0.88317174 15.0
1.15331411 -0.75195295 -1.29009259 15.0
-1.41599011 0.44122502 -0.65837479 15.0
0.86373997 0.39830077 1.61782873 15.0
0.42248562 0.57428807 1.46974170 15.0
1.32717967 -0.38715738 -0.94455791 15.0
1.30541778 0.39945289 0.88774163 15.0
0.07169815 1.27378571 1.14750588 15.0
-1.07451689 -0.66092205 -1.09887159 15.0
-1.26797974 1.35530162 -0.71579099 15.0
0.92977089 -0.25272119 -1.09437788 15.0
0.75966316 0.59922296 1.42921007 15.0
-1.29812396 0.99602240 -1.39756942 15.0
-0.20817436 1.55279875 0.44447261 15.0
-1.44696903 0.77650756 0.23707998 15.0
1.39208579 -1.04649687 0.18451376 15.0
1.03548467 0.99419451 1.12501585 15.0
-1.42707646 -0.86182320 0.17418386 15.0
1.04119074 -0.80921870 -1.41483510 15.0
-1.08031428 -1.52427566 -0.46335787 15.0
0.99926054 0.64863914 -1.11196887 15.0
1.06120074 -0.56738693 -1.09009874 15.0
0.54000354 -0.68016386 -1.08904290 15.0
1.39946902 0.95523584 0.72521222 15.0
-0.37478843 1.45042253 1.15253019 15.0
1.35871077 -1.21931672 0.36605555 15.0
0.10800157 -0.87724602 -1.11049843 15.0
-0.59418929 1.57277226 1.12193131 15.0
-1.41876173 -0.71587765 0.18307923 15.0
-0.82450420 -1.47729826 0.06918982 15.0
0.24056946 0.49087641 1.55149519 15.0
0.56818289 -1.02549362 -1.11042082 15.0
0.77724838 1.30043864 -0.94401920 15.0
0.55458778 -1.39095759 -1.06248903 15.0
-0.23885931 -1.42387044 0.30945817 15.0
-1.40995359 -0.55414063 0.32967937 15.0
-1.37456405 1.03608584 -0.89541084 15.0
0.76229912 -1.20480299 -1.07602572 15.0
0.97220242 0.80581844 -1.38403118 15.0
-0.58190280 -1.13633156 -1.09181440 15.0
1.39702797 1.03604782 0.22486760 15.0
0.17971973 -1.63300061 -0.94960666 15.0
-1.10383582 1.44143510 -0.21574096 15.0
0.60391396 -1.55532432 -1.03400052 15.0
0.07505324 -0.92746562 0.92370635 15.0
-1.20837927 0.66545278 -1.18749821 15.0
1.43693697 0.51270753 0.23704036 15.0
-1.33570755 1.36337543 0.54221708 15.0
0.97963923 1.37643242 -0.80131418 15.0
0.89784491 0.56116658 1.46974170 15.0
0.47319952 -1.56587970 -1.03400052 15.0
1.35214305 -0.89891934 -1.23293376 15.0
0.07485907 1.34270668 -0.89419115 15.0
-0.49016777 1.49069977 1.15351558 15.0
-0.07364902 1.47601593 -0.37657726 15.0
-0.57424068 1.22549355 -1.05000055 15.0
-0.09011830 0.55128932 1.50220871 15.0
0.07661879 -0.52234560 1.50288701 15.0
0.07601591 -0.77547741 1.14291990 15.0
-1.13462377 1.45630598 0.32755461 15.0
0.79118347 0.47915733 -1.09485269 15.0
1.34064901 1.32812417 0.68290269 15.0
-0.60746419 1.57086480 1.05587113 15.0
-0.07645123 1.46135163 -0.50891960 15.0
-0.42009005 -0.19198686 1.77394736 15.0
1.40532720 -0.24542780 -0.16307844 15.0
-1.22333980 0.32893687 -1.07596481 15.0
1.38454437 -0.96724784 0.67346555 15.0
1.41536283 -0.78867418 -0.38957942 15.0
-0.87030607 0.21777658 1.74372327 15.0
1.00663543 -1.29124153 0.49940366 15.0
1.18054831 1.10555232 1.05330002 15.0
0.52918142 -1.49943185 0.07076287 15.0
1.24125099 1.42062938 0.67923683 15.0
1.30170453 1.20405126 -0.86212730 15.0
0.87229198 -0.93942672 0.91063780 15.0
1.02987015 0.61415935 1.35374117 15.0
-1.19453979 0.89007181 1.09439218 15.0
0.95326179 1.02931225 -1.36326718 15.0
1.43240678 0.46715763 -0.14702183 15.0
1.00752676 0.57497191 1.42975581 15.0
-0.26606420 -0.10245617 -1.09497130 15.0
-1.08402753 -1.52680957 -0.31995136 15.0
-0.96589559 1.02931225 -1.36326718 15.0
1.16732800 1.17613864 -1.08375406 15.0
-1.42115045 -0.93525380 0.16835065 15.0
-1.41816652 -0.31494802 0.20870566 15.0
1.13631785 1.14697683 -1.17090821 15.0
-0.88575166 -1.06106031 0.85395110 15.0
-1.45018756 0.73048770 -0.14655018 15.0
0.23809555 -1.34404182 -1.06540871 15.0
-0.97076923 1.17278838 -1.13660610 15.0
-0.26614419 0.15943290 -1.09508908 15.0
-0.57821441 1.06679559 1.14804018 15.0
-0.09192959 -0.40896350 -1.09297442 15.0
0.58981884 0.66527086 1.35574698 15.0
1.38784611 0.32313809 0.59488070 15.0
-1.41825986 -0.97100085 0.36692759 15.0
1.44187689 0.57015890 0.40952152 15.0
-0.42009005 -0.19198686 1.77394736 15.0
0.70984256 1.20161152 1.14443338 15.0
1.01757205 -1.13173544 -1.26839304 15.0
1.07176697 0.41308615 -1.09508729 15.0
1.16328382 -1.27923512 0.48516351 15.0
-1.36477685 -0.89891934 -1.23293376 15.0
-0.76888680 -1.57794356 -0.81753576 15.0
0.59203410 0.69296628 -1.09243703 15.0
1.06949878 -1.53439105 -0.42448971 15.0
1.06869471 -0.01825035 -1.09506547 15.0
0.99443281 0.36639246 1.61784708 15.0
-0.96926469 -1.16332877 -1.15625954 15.0
-1.32097208 -0.79195142 -1.35761416 15.0
-0.34786960 1.13752615 -1.08976555 15.0
1.06881332 0.33328757 -1.09510791 15.0
-0.95903790 -0.57249230 -1.09009874 15.0
1.30149519 -0.71575147 0.63977724 15.0
-1.40537751 -0.89891934 -0.63577360 15.0
0.74008620 0.48163369 1.55149519 15.0
1.03729188 0.50815284 1.48990607 15.0
-1.42454696 0.40162081 -0.14706028 15.0
-1.05720723 1.49802840 0.96618676 15.0
-0.59467727 0.77736247 -1.10600650 15.0
-1.01832628 0.51659733 1.50206470 15.0
-0.11948330 1.14181948 -1.08976555 15.0
-0.09401012 -1.30256927 -1.06756008 15.0
-1.35606754 -1.20297766 0.51629514 15.0
-1.19318199 1.10555232 1.05330002 15.0
0.10653537 -1.03400576 -1.11042082 15.0
-0.44851705 -1.66818011 -0.52528602 15.0
-1.01264501 -0.96688884 0.90075076 15.0
0.59763658 0.57086539 1.46974170 15.0
-0.09239996 -0.01730504 -1.09506547 15.0
0.77061820 -1.61354911 -0.54484600 15.0
0.56631523 -1.12574220 0.81004047 15.0
-0.34801632 0.96977705 -1.10854495 15.0
1.41012704 0.32349327 0.40696746 15.0
1.17431283 1.15818810 1.05518210 15.0
-0.67433268 -1.58240402 -0.60403270 15.0
1.36849499 0.82234985 -1.22713947 15.0
-0.71817714 1.26419902 1.14750588 15.0
-1.25172496 -1.42469561 -0.25727648 15.0
-1.35303271 -1.00823843 -1.20200038 15.0
-1.42236638 0.68734807 -0.90591359 15.0
1.15691817 1.45391524 0.96083087 15.0
-1.43544960 -0.78867418 -0.00617337 15.0
0.07505324 -0.92746562 0.92370635 15.0
-0.34726056 -0.99187845 -1.11163771 15.0
1.43444383 0.57065940 -0.35582745 15.0
1.41396713 0.48132733 0.58605957 15.0
-0.91529971 -1.12271285 -1.17545426 15.0
-0.71250552 1.33011377 1.14994609 15.0
1.26502216 -0.85744387 0.81535035 15.0
1.06938791 -0.69565713 1.11758757 15.0
1.36087835 -1.22340155 -0.12126575 15.0
0.43875343 -0.48774534 -1.09181058 15.0
0.24790783 0.57736534 1.46974170 15.0
-1.34144020 -1.26650977 -0.77065861 15.0
-1.38387179 -1.04637504 -0.66919416 15.0
-0.61975038 1.50704646 -0.01862907 15.0
0.98281115 -0.76653153 -1.23446584 15.0
0.07555739 0.80024719 1.24245024 15.0
-1.22224152 -0.17593399 -1.07554078 15.0
-0.23551050 1.39755201 1.15139830 15.0
-1.37512755 -1.22340155 0.20736204 15.0
-1.42300594 0.95122057 0.22876972 15.0
1.42759061 0.48246187 -0.35927793 15.0
1.36900389 1.21176052 -0.14519569 15.0
0.07507595 0.89638287 1.19962358 15.0
-1.30665684 -0.86490273 -1.44467425 15.0
1.34904039 1.32093418 0.43812081 15.0
-0.25333530 -0.84717762 1.01436532 15.0
1.32125831 -1.32468140 -0.46328300 15.0
1.37730610 -0.55649894 -0.65492165 15.0
1.17122328 -0.71163160 0.90756750 15.0
0.94640416 -0.57249230 -1.09009874 15.0
-0.67870206 -1.59232557 -0.95004112 15.0
0.33575588 1.16998851 -1.08138537 15.0
-0.92056113 1.18283391 -1.10027981 15.0
1.02330387 -1.15241313 -1.18588948 15.0
1.15691817 1.45391524 0.96083087 15.0
0.23684429 -1.04349232 0.88317174 15.0
0.42103007 0.60729980 1.42921007 15.0
0.71567476 1.26265204 -1.00615096 15.0
-0.19497326 -1.65281177 -0.35834298 15.0
-1.18385708 -0.71163160 0.90756750 15.0
-0.94344056 0.12987152 1.78104472 15.0
0.81483358 1.53158331 1.11378753 15.0
0.25423703 0.42961574 -1.09508729 15.0
-0.26591963 -0.18243824 -1.09475839 15.0
-1.08390641 -0.62727195 1.21909547 15.0
0.97314906 0.52702117 1.50220871 15.0
-0.11787735 1.22644770 -1.05000055 15.0
1.39659882 1.03608036 0.46196678 15.0
-1.37664652 -1.08812332 -0.68591964 15.0
-0.42646721 -0.42226592 1.61008608 15.0
-1.45234990 0.57035989 -0.14683364 15.0
0.40216002 -1.08323991 0.85395110 15.0
1.37087882 1.21176052 0.04628891 15.0
0.75265449 -0.68263322 1.27375817 15.0
0.77375847 -1.61712027 -0.43820560 15.0
-1.38417649 1.21176052 0.35028908 15.0
0.10702185 1.17401707 -1.08138537 15.0
0.89475042 0.59347522 1.42921007 15.0
-1.44720316 0.46650195 0.40616384 15.0
-0.32027575 -1.67726564 -0.52528602 15.0
-0.40532070 1.40689111 -0.80244416 15.0
1.40518808 -0.97106314 0.50365037 15.0
0.31590196 1.56802082 1.14607000 15.0
-0.80538726 0.48990127 -1.09456682 15.0
-1.24304509 -1.40689135 -0.51731861 15.0
-0.76596308 -0.61022145 1.37641418 15.0
-1.43413186 0.44122502 -0.14705361 15.0
-1.40068042 -1.04649687 -0.23352489 15.0
0.34977436 -1.57552779 -0.12961495 15.0
0.66591507 -1.62881684 -0.54484600 15.0
1.42195642 0.86684769 0.04601306 15.0
1.36900389 1.21176052 -0.14519569 15.0
-0.08768695 -0.92746562 0.92370635 15.0
-1.08140492 0.23869546 -1.09509289 15.0
-1.01808417 1.27732205 -0.94401920 15.0
-1.45001352 0.68645453 -0.34988698 15.0
-0.56905919 -1.65691614 -0.52528602 15.0
-1.45871258 0.63613915 0.41051078 15.0
-1.40472686 -1.04649687 0.28204167 15.0
-1.41640854 -0.89891934 -0.38958955 15.0
1.32840383 1.30534172 -0.57550251 15.0
0.84875482 1.49951720 0.18145457 15.0
-1.42728806 -0.75564706 -0.19486214 15.0
-0.71786320 -1.31680989 0.50046331 15.0
-0.55876046 -1.40936232 0.30945817 15.0
-1.43145990 -0.82478601 -0.19817354 15.0
-0.77057028 -1.54373229 -0.13018572 15.0
0.76793367 -1.57821345 -0.95177895 15.0
-0.44947249 -1.65722311 -0.43820560 15.0
0.10981189 -0.78834683 -1.09884894 15.0
0.97764111 1.39865863 -0.72109038 15.0
0.06058979 1.51349723 -0.01862907 15.0
0.10653537 -1.03400576 -1.11042082 15.0
1.08237076 0.64222777 -1.12065518 15.0
0.87229198 -0.93942672 0.91063780 15.0
0.89117587 1.29013634 -0.94401920 15.0
0.55642545 -1.65691614 -0.52528602 15.0
0.77983755 -1.13025117 -1.10854113 15.0
-1.32900250 1.34401464 0.83106279 15.0
0.43875343 -0.48774534 -1.09181058 15.0
1.37427461 -0.93064862 0.70118558 15.0
0.23637956 0.13654694 1.78104472 15.0
-0.79247129 -1.13025117 -1.10854113 15.0
-1.06532061 0.75256246 -1.41103065 15.0
-1.08139443 0.06726540 -1.09508908 15.0
-0.77837914 -1.56758285 -0.60403270 15.0
-0.91338408 -1.05142295 -1.22727001 15.0
1.35941041 1.27220917 0.44186002 15.0
0.72584027 -1.07028174 0.85395110 15.0
-0.74590605 0.92462301 1.18255782 15.0
1.30688977 -0.95092678 0.80662072 15.0
-1.39329243 -0.86192709 -0.92389542 15.0
-1.38163757 1.21176052 -0.14519569 15.0
0.91409737 -0.85977292 -1.23158634 15.0
-0.11965558 1.17401707 -1.08138537 15.0
1.06677067 -0.25069219 -1.09437788 15.0
-0.42756292 -0.73425490 1.20414197 15.0
1.33936381 1.08481169 -1.12501621 15.0
0.57123065 1.55980992 1.14607000 15.0
-0.44101506 -1.61636877 -0.81535214 15.0
1.02987015 0.61415935 1.35374117 15.0
1.43440044 0.77651340 0.40835705 15.0
-0.07626587 -1.58879948 -0.12961495 15.0
-1.44790554 0.48229179 0.23673981 15.0
-0.45138717 -0.48774534 -1.09181058 15.0
1.40274429 0.32383347 -0.35965025 15.0
0.42248562 0.57428807 1.46974170 15.0
-1.21349823 -0.46929970 -1.07249844 15.0
0.93151224 0.15426296 -1.09508908 15.0
1.03438604 -0.84502995 -1.47379231 15.0
-1.09167933 0.45371434 -1.09499776 15.0
-1.39184082 1.09366095 0.69864213 15.0
-1.42266428 0.95122766 0.48925382 15.0
-1.00256729 -0.40861997 1.60303068 15.0
1.40292430 0.95121944 -0.34664956 15.0
0.97488385 0.58612716 1.42921007 15.0
-0.58188176 1.00866437 -1.09684861 15.0
0.56820035 -1.06414354 -1.10618210 15.0
-0.08083957 1.44624031 -0.62314820 15.0
0.50120103 -1.24840069 -1.06986475 15.0
1.40274429 0.32383347 -0.35965025 15.0
1.35758197 0.46900430 -0.94680005 15.0
1.40451419 0.73068768 -0.90658146 15.0
1.40994596 0.82234985 -0.60373181 15.0
0.34977436 -1.57552779 -0.12961495 15.0
-0.30720970 -1.25442731 -1.06986475 15.0
0.83967048 -1.38838375 0.30797485 15.0
-0.58083403 -1.06414354 -1.10618210 15.0
-0.42243108 -0.26543593 1.73554659 15.0
0.95813543 1.17278838 -1.13660610 15.0
0.87201220 -0.82610822 1.01436532 15.0
1.40851665 -0.93525380 0.16835065 15.0
-0.26566127 -0.25828189 -1.09437788 15.0
-0.44454232 -0.01751535 -1.09506547 15.0
-1.22224152 -0.17593399 -1.07554078 15.0
0.93155843 0.33693138 -1.09510791 15.0
1.40977383 0.95121944 0.04607855 15.0
-0.11933412 1.06155610 -1.09122074 15.0
1.31542611 -1.32462072 -0.59860963 15.0
-1.02062333 1.23825657 1.11419523 15.0
-0.08537307 -1.23639631 0.69208515 15.0
-0.88642162 -0.97771388 0.90075076 15.0
0.59454876 0.54293430 1.50220871 15.0
1.41041076 0.45539376 0.58562404 15.0
-1.12095749 -0.80449289 0.98842996 15.0
0.33489466 1.09972501 -1.09201217 15.0
-0.73543638 -1.54284835 -1.03407669 15.0
1.26659179 1.40401065 0.20356046 15.0
0.05542586 -1.69157565 -0.49233341 15.0
-1.42241871 -0.93463045 0.30283585 15.0
-1.16145933 -0.94793415 -1.55781269 15.0
-0.56763583 -1.21129990 -1.07363880 15.0
1.44246531 0.68634838 -0.14664680 15.0
1.33173478 -0.89410633 0.75203651 15.0
-0.92139256 -1.57164705 -0.34197024 15.0
-1.05605841 -0.78027481 -1.35013390 15.0
1.39945757 -0.46336016 0.33903226 15.0
-0.97146821 -0.89130396 -1.41104233 15.0
0.07584124 -0.34299821 1.68316984 15.0
-1.42257977 0.82234985 -0.60373181 15.0
-1.38351250 1.21176052 0.04628891 15.0
0.05542586 -1.69157565 -0.49233341 15.0
-0.25967860 0.61054200 1.42921007 15.0
0.72311956 0.60044962 -1.09239650 15.0
0.98907119 -1.37549579 0.30204156 15.0
-0.25662869 -0.52060264 1.50288701 15.0
-1.41078734 -1.00815535 0.22762035 15.0
-0.58138883 -0.98715675 -1.11163771 15.0
-0.42545024 -0.76918334 1.14291990 15.0
-1.08843446 0.45727181 1.45939958 15.0
-1.34706819 0.14816891 -0.94723231 15.0
-0.87993658 -1.15653551 0.75377053 15.0
-1.24691486 -1.41260350 -0.41681069 15.0
-0.34676999 -1.57439375 -1.03400052 15.0
-1.34262908 -0.31593898 -0.94523406 15.0
0.61097682 0.34283677 -1.09510791 15.0
-0.87377870 -0.11501940 1.79842830 15.0
-0.37478843 1.45042253 1.15253019 15.0
0.11067721 0.71869761 -1.09540951 15.0
0.57135314 -1.03297710 0.88317174 15.0
-1.41210282 0.95523584 0.72521222 15.0
-1.42142618 -0.86192709 -0.38992733 15.0
-0.72149444 1.40068531 -0.80244416 15.0
-1.07547808 -0.39480558 -1.09297442 15.0
-0.74899805 0.87676030 1.19962358 15.0
1.28625464 1.19589329 0.96394503 15.0
0.95001376 -0.85383224 0.95775485 15.0
-0.55951220 -1.60546362 -0.81535214 15.0
0.05524032 -1.67658973 -0.54484600 15.0
-0.59665167 -0.76514256 1.14291990 15.0
-0.99292654 -1.35769153 -1.06248140 15.0
0.59203410 0.69296628 -1.09243703 15.0
-1.36270702 1.28056335 0.68500054 15.0
0.57197082 0.97813737 1.16987038 15.0
1.38065875 -0.86192709 -0.92389542 15.0
1.43421280 0.46715763 0.04579132 15.0
0.98895115 0.72317052 -1.26946890 15.0
-0.78339112 1.22362709 -1.05245233 15.0
1.44466674 0.68634915 0.41064650 15.0
1.35481167 -1.22340155 -0.39764759 15.0
-0.75709951 0.72998059 1.28113663 15.0
1.38504779 -1.08873236 0.02831665 15.0
-1.40212750 1.08820879 0.45659864 15.0
0.23182514 1.16731572 1.14210844 15.0
-1.13550806 0.65720373 1.18400776 15.0
1.40978491 -0.93463045 0.30283585 15.0
0.25747082 0.48835635 -1.09485269 15.0
1.39731991 -0.55414063 0.32967937 15.0
1.37932813 1.14837575 -0.14540058 15.0
0.31590196 1.56802082 1.14607000 15.0
-1.43544960 -0.78867418 -0.00617337 15.0
-1.16860640 -0.73908019 -1.22085357 15.0
1.34039903 -1.00823843 -1.20200038 15.0
-1.32805991 -1.32462072 -0.59860963 15.0
-1.27103090 -0.74187088 -1.24599695 15.0
-1.41046226 -0.86192709 -0.63300401 15.0
1.40974450 0.23162545 0.04578082 15.0
0.43193987 0.24744356 -1.09509289 15.0
-0.74120843 -0.03716480 1.80842543 15.0
-1.42241871 -0.93463045 0.30283585 15.0
-0.98437911 -0.18862619 1.76977479 15.0
-1.15987980 -1.05837071 -1.41989374 15.0
0.57512313 0.40537989 1.61782873 15.0
-0.08685727 0.22572085 1.74372327 15.0
-1.42236483 0.14748210 0.04578082 15.0
0.94923377 0.50120497 -1.09402108 15.0
0.34066823 -0.83711588 -1.10417056 15.0
0.98281115 -0.76653153 -1.23446584 15.0
-0.08083957 1.44624031 -0.62314820 15.0
-1.44447410 0.45669231 0.23643485 15.0
1.27186191 -1.28415239 0.42435682 15.0
0.91279858 1.46019256 -0.21780555 15.0
0.06056445 1.55247700 0.44447261 15.0
1.41403055 0.40096802 0.40673861 15.0
-0.08729786 -1.34878254 -1.06540871 15.0
1.40463281 -0.97128654 0.26763120 15.0
0.33491910 1.01391125 -1.09684861 15.0
1.29446030 -1.18193829 0.62562960 15.0
-0.07219850 1.57867873 1.05587113 15.0
-0.41466036 1.02912617 1.15832651 15.0
-1.06820393 0.68144035 1.24189818 15.0
1.05099511 -1.49840236 -0.82202297 15.0
-0.19266532 -1.68559170 -0.49233341 15.0
0.57646835 -0.19115262 1.77394736 15.0
-0.42409512 -0.80572242 1.07890427 15.0
-0.08577466 -1.19064867 0.75377053 15.0
-1.40216482 -0.55461228 -0.37399268 15.0
-0.08653008 1.03839338 1.15832651 15.0
0.92888814 -0.73346549 -1.10723913 15.0
-1.41796100 -0.24542780 -0.16307844 15.0
-1.03622055 1.47612548 1.06469250 15.0
1.37123799 -1.04637504 -0.66919416 15.0
0.58597261 0.73946452 -1.10009634 15.0
-0.99821812 -0.05561892 1.79395759 15.0
-1.35051358 -1.22238755 -0.75318116 15.0
-0.77057028 -1.54373229 -0.13018572 15.0
0.78704065 0.86726147 -1.14395130 15.0
0.58827412 0.52630895 1.51665318 15.0
1.35007346 1.28056335 0.68500054 15.0
-0.79404056 0.42143595 -1.09508729 15.0
1.07672942 0.67102748 -1.17710710 15.0
-1.39974689 0.06447466 0.60610765 15.0
-0.38357291 -1.48307359 -1.05858159 15.0
-0.40674514 1.37889552 -0.85649318 15.0
-1.28449571 -1.28415239 0.42435682 15.0
1.02358687 1.47612548 1.06469250 15.0
1.38949382 1.08820879 0.45659864 15.0
0.72722477 0.04637774 1.80275619 15.0
0.07762932 0.61291689 1.42921007 15.0
0.77983755 -1.13025117 -1.10854113 15.0
-0.71675897 -1.58378911 -0.26138586 15.0
0.77916193 -0.01781775 -1.09506547 15.0
0.72280264 -1.54284835 -1.03407669 15.0
0.07748462 0.55128932 1.50220871 15.0
0.73636442 0.87676030 1.19962358 15.0
1.02445853 -1.17566168 -1.11179590 15.0
-0.42518511 0.73970491 1.28113663 15.0
0.96445292 1.51388097 0.76928914 15.0
1.19335485 1.01987004 1.05967247 15.0
0.08111082 -0.49160409 -1.09181058 15.0
0.23095033 -1.27813733 0.61722827 15.0
-0.23885931 -1.42387044 0.30945817 15.0
-1.44451356 0.77650559 -0.14643857 15.0
0.10689818 0.97345966 -1.10854495 15.0
-1.31366050 0.67075014 -1.22013903 15.0
1.12499964 1.36165798 -0.78882086 15.0
-0.63298869 0.48279074 -1.09485269 15.0
1.19574547 0.66545278 -1.18749821 15.0
-1.43457353 -0.78867418 0.17856568 15.0
-1.30856407 0.87014461 -1.47288561 15.0
-1.33444679 -0.55816668 -0.93742460 15.0
-0.79185170 0.24384435 -1.09509289 15.0
-0.80381709 0.47915733 -1.09485269 15.0
-1.36192036 1.32057679 0.34526551 15.0
-0.75533932 1.47192562 1.14694345 15.0
0.25352326 0.34691757 -1.09510791 15.0
-1.42268169 0.14748210 0.40744421 15.0
-0.94414598 0.15426296 -1.09508908 15.0
1.07024133 -1.45384717 0.04596664 15.0
0.30392361 -1.61413157 -0.68983930 15.0
1.21187174 0.77786177 1.05346251 15.0
-1.31057096 -1.09260297 0.75690883 15.0
0.05535587 -1.69141757 -0.52528602 15.0
0.72857469 -0.03716480 1.80842543 15.0
-0.88464588 -0.82610822 1.01436532 15.0
-1.00862420 0.69645965 -1.20995843 15.0
1.21126831 -0.82046562 0.84947646 15.0
-1.38822377 0.84591770 0.89378017 15.0
1.26351202 1.40410435 -0.36963290 15.0
0.96675730 0.64602852 1.35463679 15.0
1.06777036 0.68930316 -1.25104618 15.0
0.24164812 -0.34190577 1.68316984 15.0
-1.01497865 0.67772281 -1.15367675 15.0
-0.78339112 1.22362709 -1.05245233 15.0
-1.32623863 0.77947468 -1.41556180 15.0
-0.24491996 -1.23206341 0.69208515 15.0
1.32407928 -0.46532306 -0.94264442 15.0
0.75966316 0.59922296 1.42921007 15.0
-1.33760834 0.73461640 -1.35540986 15.0
0.92888814 -0.73346549 -1.10723913 15.0
-0.79096591 -1.05846417 -1.13039768 15.0
-1.43861628 0.82234985 -0.14632246 15.0
-1.30645549 1.13453901 0.96348292 15.0
-0.44851705 -1.66818011 -0.52528602 15.0
-1.08046913 -0.17750780 -1.09475839 15.0
-1.41710711 -0.78867418 -0.63144851 15.0
-0.96686304 1.10737252 -1.25912464 15.0
-1.34706819 0.06490187 -0.94723231 15.0
1.39270973 0.99627501 0.71150643 15.0
-0.08770964 0.89638287 1.19962358 15.0
0.98336649 0.02454249 1.79248023 15.0
0.07422356 0.22572085 1.74372327 15.0
-1.31076467 -0.31494802 0.87527996 15.0
-0.11917252 -1.07299006 -1.10618210 15.0
0.40529999 -0.11661231 1.79842830 15.0
0.84597468 1.41207254 -0.72175318 15.0
0.40915263 -0.88121122 0.95775485 15.0
-1.44734108 0.73097521 0.55328274 15.0
-1.03195608 -0.51120442 1.45957220 15.0
1.28429043 1.03754723 -1.34125519 15.0
1.35871077 -1.21931672 0.36605555 15.0
0.10670041 1.06155610 -1.09122074 15.0
-0.79338413 1.12514579 -1.10518181 15.0
0.25262988 -0.33219102 -1.09379208 15.0
-1.41148758 -0.93546158 -0.39128524 15.0
0.76181573 1.47478318 -0.21780555 15.0
1.15798163 1.28344178 1.05983615 15.0
1.40259349 -0.01884437 -0.36003572 15.0
0.58926767 0.71217310 -1.09540951 15.0
-0.96686304 1.10737252 -1.25912464 15.0
-0.48819315 1.49294889 -0.21780555 15.0
-0.83827466 1.44441354 -0.50922108 15.0
1.40393138 0.99227130 0.36395755 15.0
0.88733786 -0.60512501 1.37641418 15.0
-0.59184575 0.83478594 1.22082686 15.0
1.27337193 -1.27097046 -0.96492785 15.0
-0.91012514 1.21785092 -1.06226087 15.0
-1.37107956 -1.22340155 -0.25732726 15.0
-0.55876046 -1.40936232 0.30945817 15.0
-1.39408767 -0.38590896 0.51821899 15.0
-1.42911315 -0.75564706 0.31663620 15.0
0.33491910 1.01391125 -1.09684861 15.0
-0.44214776 -0.40581375 -1.09297442 15.0
0.79786491 1.45861375 -0.37663758 15.0
0.43612784 0.46916798 -1.09499776 15.0
-1.35937405 1.32057679 -0.14488791 15.0
-0.62304676 -0.18096207 -1.09475839 15.0
-1.38330662 -0.93546158 -0.92849356 15.0
1.15080011 -1.23977208 -1.05334640 15.0
-0.96569771 -1.14183557 -1.21994269 15.0
0.70287979 1.51311207 1.14782083 15.0
-0.88340950 1.04924631 1.14137805 15.0
-0.75709951 0.72998059 1.28113663 15.0
-0.08371033 1.33444965 1.14994609 15.0
1.40671074 -0.17408793 -0.15851805 15.0
-0.91187352 -1.59157562 -0.42289552 15.0
0.31758085 -0.68335229 -1.08904290 15.0
-1.42911315 -0.75564706 0.31663620 15.0
1.01527846 -1.10389030 -1.34174109 15.0
1.33435500 -0.01876101 -0.94715500 15.0
-0.11957095 -0.95634639 -1.11283517 15.0
0.54612672 -1.40936232 0.30945817 15.0
-0.81048882 -0.79913640 -1.11684752 15.0
0.33478564 1.05755389 -1.09122074 15.0
0.24494991 -0.62025785 1.37641418 15.0
-1.03709209 -1.17566168 -1.11179590 15.0
0.21213940 1.44946980 1.15253019 15.0
-1.02016056 0.57497191 1.42975581 15.0
-1.10214317 0.53084612 1.38419318 15.0
-0.25967860 0.61054200 1.42921007 15.0
-0.94792962 0.30047482 1.68999398 15.0
1.29620457 -1.12504375 -1.11967134 15.0
-0.74120843 -0.03716480 1.80842543 15.0
-0.12063527 -0.87724602 -1.11049843 15.0
-1.07851434 -0.44297549 1.46079719 15.0
-1.00021827 -0.77485991 1.07390690 15.0
1.35431373 1.10961974 0.83837044 15.0
0.32509759 -1.61641097 -0.26104948 15.0
0.89784491 0.56116658 1.46974170 15.0
1.37723219 -1.13440478 -0.02583067 15.0
1.42954421 0.45687327 -0.14704290 15.0
-0.87269568 0.30448028 1.68999398 15.0
0.24164812 -0.34190577 1.68316984 15.0
-1.18246067 0.40261054 1.25756311 15.0
0.37388301 -1.50757468 0.07076287 15.0
-1.40223515 1.03604782 -0.34585232 15.0
0.07314097 -1.19064867 0.75377053 15.0
-1.18080389 -0.83571386 -1.48626637 15.0
-1.40251446 1.08804631 0.22413185 15.0
-1.19081497 0.78792697 -1.49577165 15.0
-1.27765584 -0.85744387 0.81535035 15.0
1.33559501 -1.24629760 0.43452501 15.0
0.97771680 -0.78749752 -1.28395343 15.0
-0.94792962 0.30047482 1.68999398 15.0
-1.40729523 1.03621030 0.57198632 15.0
0.55566621 1.40636873 -0.80244416 15.0
1.16641295 -1.19425035 -1.06075978 15.0
-0.34679124 1.56138074 0.63731629 15.0
0.07424957 -1.04713881 0.88317174 15.0
1.41020930 0.14748210 0.23682895 15.0
-0.94316375 0.04457598 1.80275619 15.0
-0.34752837 1.09972501 -1.09201217 15.0
0.47753406 1.49069977 1.15351558 15.0
0.23637956 0.13654694 1.78104472 15.0
1.37978160 1.15016305 0.55859590 15.0
1.21136594 1.37973654 -0.65902036 15.0
-0.74879086 -0.90894228 0.92370635 15.0
1.07877564 -1.51108086 -0.23308013 15.0
1.42281580 -0.78867418 -0.00617337 15.0
-0.60016984 -0.76664865 -1.09592807 15.0
1.40947378 -0.75564706 -0.38916844 15.0
0.71504372 -1.21141160 0.69208515 15.0
-0.75533932 1.47192562 1.14694345 15.0
1.30354631 0.82548529 -1.45616627 15.0
1.38064551 -1.08873236 -0.27389729 15.0
1.37879121 -0.46336016 0.49446097 15.0
-1.32944191 0.43872115 0.87529272 15.0
1.35844576 -1.22340155 -0.25732726 15.0
-1.29981983 -0.90202916 -1.46528363 15.0
-1.03496885 -1.04927123 0.85395110 15.0
0.94208384 -0.18708873 1.77394736 15.0
1.36295128 1.14718819 -0.59976244 15.0
0.10721587 0.92772979 -1.11615014 15.0
-1.35199761 1.08481169 -1.12501621 15.0
1.39466143 1.03621030 0.57198632 15.0
-0.79247129 -1.13025117 -1.10854113 15.0
0.17666253 -1.63307333 -0.81535214 15.0
-0.34814626 -1.17071521 -1.08569658 15.0
-0.25163111 -0.19273692 1.77394736 15.0
0.57339352 -0.99276733 0.90075076 15.0
-1.13232231 1.42592502 -0.37631968 15.0
0.99409521 0.50062537 1.51662302 15.0
-1.37599111 -1.18057072 -0.36370966 15.0
0.75265449 -0.68263322 1.27375817 15.0
1.40377474 -0.89891934 -0.38958955 15.0
0.75035745 0.52237415 1.51665318 15.0
-0.44492033 -1.60642457 -0.60403270 15.0
1.19541383 0.93483800 1.08165026 15.0
-1.39126539 1.03604782 -0.59955835 15.0
-1.41863143 0.91406214 0.74443656 15.0
0.87039334 -0.90116745 0.92370635 15.0
-0.58748245 0.93136322 1.18255782 15.0
0.77889246 -1.09613287 -1.11967587 15.0
0.90071905 -1.01325405 -1.24557841 15.0
-1.38735950 0.97125310 0.85445434 15.0
0.77833229 -1.05846417 -1.13039768 15.0
-1.22291064 -0.09965143 -1.07579386 15.0
0.41048238 0.79302311 1.24245024 15.0
1.34800839 1.32236409 0.54551727 15.0
-1.44907701 0.51280332 0.04581866 15.0
0.96807855 1.49667037 0.43355066 15.0
-0.75311935 -0.83320397 1.01436532 15.0
1.38697898 -0.71634930 -0.64006126 15.0
-1.39064443 -1.13440478 0.18789035 15.0
0.77924889 0.34017268 -1.09510791 15.0
-1.41971457 -0.24542780 0.02617001 15.0
1.41444290 -0.86182320 0.17418386 15.0
-1.42190754 -0.09885538 0.04019004 15.0
1.39699697 -1.00823843 -0.02630121 15.0
-0.09240527 0.16016555 -1.09508908 15.0
-0.36106196 0.69663626 -1.09243703 15.0
-0.35330194 -0.83711588 -1.10417056 15.0
-1.20598865 1.01987004 1.05967247 15.0
1.40979838 0.32383347 0.04578052 15.0
1.29593027 0.87014461 -1.47288561 15.0
0.25207478 -0.40763178 -1.09297442 15.0
0.23472363 -1.13724160 0.81004047 15.0
-0.60746419 1.57086480 1.05587113 15.0
-0.96613622 -0.33067492 1.68316984 15.0
1.43296707 0.48242617 -0.14698148 15.0
-1.42728806 -0.75564706 -0.19486214 15.0
1.06777036 0.68930316 -1.25104618 15.0
-0.07299824 1.57086289 0.88484681 15.0
-0.79591882 -1.18084693 -1.08635187 15.0
1.02607214 -1.14364219 0.75377053 15.0
-1.40257919 1.08804631 0.35643420 15.0
-0.97959584 -0.59860951 1.37641418 15.0
1.39644372 1.03604782 0.04615039 15.0
0.75625312 -1.57794356 -0.81753576 15.0
0.99329346 1.31600142 -0.89419115 15.0
0.95597422 1.14030886 -1.19696677 15.0
-0.58380049 0.22195208 1.74372327 15.0
-0.12331091 0.71869761 -1.09540951 15.0
0.34250519 0.78145409 -1.10600650 15.0
1.40313220 0.78538954 0.78312159 15.0
0.56978244 1.13166487 -1.08976555 15.0
1.43240678 0.46715763 -0.14702183 15.0
-0.95649934 -1.54498982 -0.24318446 15.0
-0.54358608 1.44716215 -0.62314820 15.0
-1.12983990 1.46734810 0.54952371 15.0
1.08738160 0.58955300 1.30897629 15.0
-1.41876173 -0.71587765 0.18307923 15.0
1.33532727 0.69562298 -1.28526223 15.0
-0.09636002 1.30247593 -0.94401920 15.0
1.08963335 1.43328547 1.06324184 15.0
0.71567476 1.26265204 -1.00615096 15.0
1.09304845 0.49963659 1.41837537 15.0
-0.87397534 1.13699460 1.13544643 15.0
0.33871272 -0.87421566 -1.11049843 15.0
-0.96069640 -0.25814208 1.73554659 15.0
0.57528985 -0.95386434 0.91063780 15.0
-1.21025562 -0.56157166 -1.07033229 15.0
-1.16860640 -0.73908019 -1.22085357 15.0
1.02152646 -1.18751788 0.69208515 15.0
-1.43966258 0.46715763 -0.35953605 15.0
-0.34814626 -1.17071521 -1.08569658 15.0
1.41699374 -0.78867418 0.32576367 15.0
0.23108558 1.37758541 -0.85649318 15.0
1.15331411 -0.75195295 -1.29009259 15.0
1.33443439 0.06490187 -0.94723231 15.0
1.17122328 -0.71163160 0.90756750 15.0
-1.36694741 1.10961974 0.83837044 15.0
0.07762932 0.61291689 1.42921007 15.0
-0.11938246 -1.14580274 -1.09181440 15.0
0.08111082 -0.49160409 -1.09181058 15.0
1.41022408 0.23160845 0.23673567 15.0
0.58073038 0.78838521 1.24245024 15.0
-0.24445884 1.16731572 1.14210844 15.0
0.94441968 0.68382347 -1.12012684 15.0
0.39192131 -1.39849436 -1.06248903 15.0
1.40518808 -0.97106314 0.50365037 15.0
-0.34901643 -1.19293094 -1.07940841 15.0
-1.16955197 1.45391524 0.96083087 15.0
-1.18694651 1.15818810 1.05518210 15.0
-0.88410360 0.47694027 1.55149519 15.0
1.35567880 -1.04626262 -0.92965132 15.0
-0.78750354 -0.40128464 -1.09297442 15.0
1.03438604 -0.84502995 -1.47379231 15.0
-0.34690505 1.53450608 0.18145457 15.0
-1.19081497 0.78792697 -1.49577165 15.0
1.10702920 1.40023959 -0.62764663 15.0
-1.40963078 -1.00823843 -0.02630121 15.0
1.06869471 -0.01825035 -1.09506547 15.0
-0.34755278 1.01391125 -1.09684861 15.0
-0.34716749 -1.10731804 -1.09895599 15.0
-0.27284411 0.51552248 -1.09402108 15.0
-0.67870206 -1.59232557 -0.95004112 15.0
-1.13550806 0.65720373 1.18400776 15.0
-0.73940957 1.33982813 -0.89419115 15.0
-1.39383626 1.14837575 0.04623288 15.0
0.55500215 -1.21129990 -1.07363880 15.0
-1.08064413 -0.73564106 1.05650234 15.0
-1.37230718 1.27172172 0.22186473 15.0
1.22920346 0.46383351 -1.07571530 15.0
0.23843117 0.41012424 1.61782873 15.0
1.32946157 0.46498024 0.86682057 15.0
-1.42932355 -0.86192709 -0.00949762 15.0
-1.36205721 -1.08756101 -0.93158913 15.0
-1.24304509 -1.40689135 -0.51731861 15.0
0.71567476 1.26265204 -1.00615096 15.0
1.27897549 -1.01174486 -1.40249562 15.0
-1.43145990 -0.82478601 -0.19817354 15.0
0.19493723 1.57111788 0.88484681 15.0
0.69419056 -1.24169767 -1.07020569 15.0
1.37801397 -1.13440478 0.32889810 15.0
-1.22104418 -0.24826954 -1.07513881 15.0
0.05535587 -1.69141757 -0.52528602 15.0
-0.76495689 0.66037363 1.35574698 15.0
-0.91761285 0.95222491 -1.25409853 15.0
0.58597261 0.73946452 -1.10009634 15.0
0.17666253 -1.63307333 -0.81535214 15.0
-0.44375479 -0.25720611 -1.09437788 15.0
-1.25705767 -1.39441526 0.09901123 15.0
-0.90830922 -1.58817017 -0.53429592 15.0
1.42702889 0.46715763 -0.35953605 15.0
0.77724838 1.30043864 -0.94401920 15.0
-1.39408314 1.14873326 0.45056483 15.0
0.95829445 -0.40985665 1.61008608 15.0
0.07479860 -0.96689570 0.91063780 15.0
0.82328814 1.54314208 1.00466800 15.0
-0.09192959 -0.40896350 -1.09297442 15.0
0.24079147 0.79719287 1.24245024 15.0
1.15573788 0.15144637 1.38247490 15.0
-0.07074367 1.58062708 1.12193131 15.0
-0.58190280 -1.13633156 -1.09181440 15.0
0.67619264 -1.61146021 -0.35841024 15.0
1.33532727 0.69562298 -1.28526223 15.0
-0.07364902 1.47601593 -0.37657726 15.0
0.86505884 -1.31058908 -1.06540871 15.0
-1.42276084 0.32349327 0.40696746 15.0
0.33415756 1.56138074 0.63731629 15.0
0.43193558 0.07066730 -1.09508908 15.0
0.25343049 -0.10245617 -1.09497130 15.0
0.08001229 0.43133196 -1.09508729 15.0
1.29938447 1.13722622 -1.08928835 15.0
0.94806266 -0.25814208 1.73554659 15.0
-0.89656883 -0.50807697 1.50288701 15.0
0.83171922 -1.52987742 -1.03438103 15.0
-0.35051739 0.87690592 -1.11621177 15.0
0.73327237 0.92462301 1.18255782 15.0
0.98105896 0.76029992 -1.32980764 15.0
-1.18246067 0.40261054 1.25756311 15.0
1.40347457 -0.97159821 0.15195410 15.0
0.74334723 -0.33669904 1.68316984 15.0
0.96532929 -0.85283238 -1.37690699 15.0
-0.25197214 0.89297986 1.19962358 15.0
-1.38561475 -1.13030720 0.50776684 15.0
0.66968119 -0.58076644 -1.09009874 15.0
-1.24316716 0.52069271 -1.07350862 15.0
1.42682374 0.63620800 0.57499063 15.0
-0.43511933 0.57428807 1.46974170 15.0
-0.19210532 -1.67066002 -0.54484600 15.0
1.39457023 1.03604782 -0.14570238 15.0
0.69987190 1.33011377 1.14994609 15.0
-1.41714799 0.73068768 -0.90658146 15.0
1.11968863 1.42592502 -0.37631968 15.0
-1.42210758 -0.75564706 -0.38916844 15.0
1.33662689 1.23647881 0.83298719 15.0
-1.08287513 -1.45384717 0.04596664 15.0
1.29446030 -1.18193829 0.62562960 15.0
-1.36492991 -1.26671267 -0.16093521 15.0
-1.41023612 -0.64765579 0.00539106 15.0
-1.31314850 1.08183753 0.96353275 15.0
0.72439641 1.52623057 0.32411152 15.0
-0.67981070 -1.64321160 -0.52528602 15.0
1.43996072 0.73048860 0.23744954 15.0
1.41396713 0.48132733 0.58605957 15.0
-0.10982858 0.60962641 -1.09213495 15.0
0.97898507 0.46121368 1.55159307 15.0
-0.11957495 -1.17482483 -1.08569658 15.0
0.81867146 0.53758663 -1.09320450 15.0
-1.04332781 1.03662646 1.11472952 15.0
-0.96195185 -1.00501120 -1.40778422 15.0
0.97213036 -0.81668311 -1.33208418 15.0
0.20535886 1.46200395 -0.50891960 15.0
-0.94385761 -0.10089846 -1.09497130 15.0
1.14611077 -1.09260190 -1.34850776 15.0
-0.08429748 -1.34404612 0.50046331 15.0
0.71100491 -1.25668621 0.61722827 15.0
-0.56800485 -1.64239824 -0.54484600 15.0
-0.91187352 -1.59157562 -0.42289552 15.0
0.89475042 0.59347522 1.42921007 15.0
0.24000311 -0.88540375 0.95775485 15.0
0.22762622 1.42870891 -0.72191894 15.0
-1.37941217 -1.18057072 -0.21745874 15.0
0.33489466 1.09972501 -1.09201217 15.0
-1.40054572 -0.78860271 -0.91517901 15.0
1.15417755 -0.01562053 1.40917945 15.0
0.10795665 0.66936427 -1.09148765 15.0
-1.03622055 1.47612548 1.06469250 15.0
1.05700791 -0.72131622 -1.14039719 15.0
-1.07738245 -1.50537014 -0.50794739 15.0
-1.39551508 -0.97170210 -0.64437270 15.0
-0.07322053 1.53358316 0.18145457 15.0
0.25747082 0.48835635 -1.09485269 15.0
0.23676583 0.22475043 1.74372327 15.0
-0.59225374 -0.74217999 -1.09125376 15.0
1.02357626 1.16112816 -1.16133237 15.0
0.41192734 -0.34041438 1.68316984 15.0
1.40260196 -0.82478601 -0.63158089 15.0
0.93529600 0.30047482 1.68999398 15.0
-0.62358022 0.07004239 -1.09508908 15.0
-1.40148652 -0.17408793 -0.65787572 15.0
-1.25486350 1.12030149 -1.20260513 15.0
-1.42996466 -0.75564706 0.18130955 15.0
-0.91529971 -1.12271285 -1.17545426 15.0
0.77833229 -1.05846417 -1.13039768 15.0
1.42806184 0.82272846 0.54451406 15.0
-1.05560005 0.79766375 -1.48296678 15.0
-0.07311402 1.49268115 -0.21780555 15.0
1.30051470 1.08183753 0.96353275 15.0
-0.59474307 -0.80147862 1.07890427 15.0
-0.98476398 -0.81668311 -1.33208418 15.0
-1.43681383 0.45687327 -0.35959634 15.0
1.36401272 -1.08812332 -0.68591964 15.0
1.35908163 1.27172172 0.04621840 15.0
-0.08847494 -0.34299821 1.68316984 15.0
0.29457599 -1.25442731 -1.06986475 15.0
-0.79179555 -0.01781775 -1.09506547 15.0
1.03278112 0.90487957 1.14924717 15.0
-1.07477725 -0.36554921 1.54300034 15.0
-1.42174411 0.90970600 -0.34697834 15.0
-1.37134457 -1.21931672 0.36605555 15.0
-1.29611158 1.08008921 -1.27037656 15.0
-1.29568851 -1.04666412 0.80781549 15.0
-1.30856407 0.87014461 -1.47288561 15.0
-0.11984959 0.92772979 -1.11615014 15.0
0.72280264 -1.54284835 -1.03407669 15.0
1.06783533 -0.17750780 -1.09475839 15.0
0.97314906 0.52702117 1.50220871 15.0
-0.94419205 0.33693138 -1.09510791 15.0
-0.25736034 -0.69394821 1.27375817 15.0
0.77968091 1.04601300 -1.11594880 15.0
0.91254056 0.86096525 -1.25492096 15.0
-1.40068042 -1.04649687 -0.23352489 15.0
0.08137643 -1.30256927 -1.06756008 15.0
1.00391173 0.81093049 1.19001436 15.0
0.10800157 -0.87724602 -1.11049843 15.0
-0.38357291 -1.48307359 -1.05858159 15.0
-1.42728806 -0.75564706 -0.19486214 15.0
1.09324312 1.48662877 0.84687877 15.0
1.39945757 -0.46336016 0.33903226 15.0
1.21126831 -0.82046562 0.84947646 15.0
-1.01138389 -0.84714723 0.95199996 15.0
1.38186085 1.14837575 0.35307816 15.0
-0.58398688 -1.03297710 0.88317174 15.0
0.87949127 0.96199149 1.16320825 15.0
1.02048850 0.48162806 1.51649058 15.0
-0.82283849 1.54460824 1.08072388 15.0
-0.08433188 1.27378571 1.14750588 15.0
0.07466415 -1.34878254 -1.06540871 15.0
-0.96261293 1.52200806 0.92306656 15.0
-1.40212750 1.08820879 0.45659864 15.0
0.19555029 1.54602349 0.32411152 15.0
1.06877112 0.23869546 -1.09509289 15.0
-0.94240463 -0.25272119 -1.09437788 15.0
1.09120202 1.44143510 -0.21574096 15.0
-1.28817487 -0.91438890 0.82096201 15.0
0.94048357 0.45852795 -1.09499776 15.0
0.88646686 -1.26572657 -1.06756008 15.0
-1.32805991 -1.32462072 -0.59860963 15.0
0.33550042 -0.95302922 -1.11283517 15.0
0.07552762 -0.85010952 1.01436532 15.0
0.55372941 -1.61526430 -0.56125873 15.0
-0.41894016 0.93679982 1.18255782 15.0
-0.71786320 -1.31680989 0.50046331 15.0
-1.36167419 1.32093418 0.43812081 15.0
-0.82082850 0.70798439 -1.10583591 15.0
1.36199629 -1.22340155 -0.01222035 15.0
-1.39987516 0.14747381 0.60288095 15.0
1.42059708 -0.78867418 -0.19666226 15.0
1.39000463 0.23162545 -0.65842277 15.0
-1.42236483 0.06451606 0.04578082 15.0
-0.20515722 1.57890546 1.05587113 15.0
1.30833828 -0.79195142 -1.35761416 15.0
-1.42525101 0.82994807 0.77475691 15.0
1.33787978 -1.22238755 -0.75318116 15.0
-0.96031618 0.48538950 -1.09456682 15.0
-1.01138389 -0.84714723 0.95199996 15.0
-1.23670375 -0.87784654 0.86526346 15.0
-1.17381144 -0.24144942 1.35343635 15.0
1.43254149 0.73050892 -0.34850389 15.0
-0.94792962 0.30047482 1.68999398 15.0
1.43477702 0.48242617 0.04580225 15.0
-0.89467967 0.91595769 1.17589569 15.0
1.35291553 -1.11391699 0.66117305 15.0
-1.41649985 0.99227071 0.22600235 15.0
-0.35681024 -0.78563899 -1.09884894 15.0
1.37150550 1.08804631 -0.59693772 15.0
-0.97813457 -0.11664422 1.79499948 15.0
-1.42799664 -0.78867418 -0.38957942 15.0
-0.94510454 0.21477398 1.74372327 15.0
0.25262988 -0.33219102 -1.09379208 15.0
0.97488385 0.58612716 1.42921007 15.0
-0.79474831 -1.59649169 -0.35867935 15.0
1.40797150 0.23162545 -0.14706065 15.0
-0.55080473 1.39828539 1.15139830 15.0
0.17982039 -1.68543422 -0.52528602 15.0
1.35214305 -0.89891934 -1.23293376 15.0
1.40976799 -0.09885538 0.23401295 15.0
0.07661879 -0.52234560 1.50288701 15.0
0.17666253 -1.63307333 -0.81535214 15.0
-0.60097462 -0.51557654 1.50288701 15.0
0.78672433 0.46280986 -1.09499776 15.0
-1.35845375 -1.26671267 -0.42710468 15.0
1.33945715 1.25989699 -0.58902252 15.0
0.07529616 -0.88847470 0.95775485 15.0
1.43134546 0.45687327 0.04578555 15.0
-1.18510199 -1.41493011 -0.97400135 15.0
-1.45509911 0.68634838 -0.14664680 15.0
1.22929192 0.64118326 1.02372575 15.0
-0.20817436 1.55279875 0.44447261 15.0
1.40977383 0.95121944 0.04607855 15.0
-1.22291064 -0.09965143 -1.07579386 15.0
-0.89530796 0.86852407 1.19296145 15.0
-0.61661494 1.53855336 0.32411152 15.0
1.40328026 0.99227047 0.04611358 15.0
-0.89915818 -0.67688751 1.27375817 15.0
1.02087009 1.05984223 -1.39702284 15.0
-0.07034900 1.53246951 1.15403306 15.0
-1.27476287 1.32802916 -0.75905782 15.0
-0.37478843 1.45042253 1.15253019 15.0
1.39274383 -0.89891934 -0.63577360 15.0
1.38742054 1.08804631 -0.14556091 15.0
0.77916193 -0.01781775 -1.09506547 15.0
1.08736777 0.49598077 -1.09402108 15.0
-1.24427879 0.47426140 -1.07543576 15.0
-1.43258953 0.56996632 0.58288980 15.0
-1.15818262 -0.99735910 0.87578702 15.0
0.63169360 1.30542302 -0.94401920 15.0
-1.39329243 -0.86192709 -0.92389542 15.0
1.06120074 -0.56738693 -1.09009874 15.0
1.41403055 0.40096802 0.40673861 15.0
0.25349447 -0.01739396 -1.09506547 15.0
-0.97387940 -0.89122778 0.92370635 15.0
-0.74120843 -0.03716480 1.80842543 15.0
0.86373997 0.39830077 1.61782873 15.0
-0.97152478 0.89939672 -1.43638635 15.0
1.42277896 0.86685997 0.40189084 15.0
-0.08672931 0.13719627 1.78104472 15.0
-1.01746500 0.44253394 1.55202055 15.0
0.77775031 -0.25452608 -1.09437788 15.0
1.37427461 -0.93064862 0.70118558 15.0
0.77921802 0.24384435 -1.09509289 15.0
1.43470752 0.73097521 0.55328274 15.0
1.06783533 -0.17750780 -1.09475839 15.0
1.29686737 0.14744069 0.94498944 15.0
-1.10226703 1.43328547 1.06324184 15.0
-0.42203811 0.83968294 1.22082686 15.0
-0.95649934 -1.54498982 -0.24318446 15.0
0.07389639 1.03839338 1.15832651 15.0
0.10653882 -1.07299006 -1.10618210 15.0
-1.43592215 0.44122502 0.04578259 15.0
-1.41409004 -0.89751679 0.46296182 15.0
0.72405708 1.53283167 0.44361344 15.0
-0.71817714 1.26419902 1.14750588 15.0
0.30705380 -1.66256475 -0.54484600 15.0
0.39535883 1.16182923 1.14210844 15.0
0.25799015 0.49928996 -1.09456682 15.0
0.82328814 1.54314208 1.00466800 15.0
-0.08716784 -1.00635457 0.90075076 15.0
-0.89106232 -1.52984464 -0.13246866 15.0
1.38929439 1.08804631 0.04618898 15.0
-1.31217313 0.32270372 0.90827769 15.0
-1.12820554 -0.95873004 0.89426547 15.0
1.41661251 0.51405185 -0.65246606 15.0
0.89834559 -1.60190976 -0.47797063 15.0
-1.00722098 1.47921753 0.18246189 15.0
-1.39126539 1.03604782 -0.59955835 15.0
1.37149358 1.15592790 0.69265610 15.0
-0.08653008 1.03839338 1.15832651 15.0
-0.60245252 0.66527086 1.35574698 15.0
-1.25066328 0.58142030 -1.07668185 15.0
-1.04382229 -0.78314757 1.05210865 15.0
0.63194376 -1.55644417 -0.12961495 15.0
-0.96926469 -1.16332877 -1.15625954 15.0
1.33403742 -0.09906233 -0.94684565 15.0
0.77921015 0.15594102 -1.09508908 15.0
-1.40262496 0.14748210 -0.65842092 15.0
-1.08843446 0.45727181 1.45939958 15.0
0.10689818 0.97345966 -1.10854495 15.0
-0.66647589 0.54162753 -1.09320450 15.0
1.04119074 -0.80921870 -1.41483510 15.0
-0.11948330 1.14181948 -1.08976555 15.0
-1.40254462 -0.01884437 -0.65837455 15.0
1.36460721 -0.82478601 -1.20465374 15.0
-1.14266455 0.73291701 1.12943566 15.0
-0.63298869 0.48279074 -1.09485269 15.0
-0.42456105 -0.34041438 1.68316984 15.0
-0.96271068 -1.07997310 -1.32686615 15.0
0.34251574 -0.80717075 -1.10012078 15.0
1.32999527 -0.31593898 -0.94523406 15.0
0.83491057 1.53541303 0.84024298 15.0
-0.24973798 0.98895812 1.16987038 15.0
-1.37069273 -0.71898723 -0.91814822 15.0
-0.31968752 -1.66256475 -0.54484600 15.0
-1.09500444 0.64222777 -1.12065518 15.0
1.29593027 0.87014461 -1.47288561 15.0
-1.13763344 1.36165798 -0.78882086 15.0
0.39411142 1.37889552 -0.85649318 15.0
1.06877112 0.23869546 -1.09509289 15.0
-0.79184395 0.06926765 -1.09508908 15.0
-0.41235992 1.07298887 1.14804018 15.0
1.36598778 -0.97170210 -0.92817038 15.0
-0.57206309 1.15561283 1.14210844 15.0
-0.23990156 1.33518076 1.14994609 15.0
1.35192823 1.20582271 -0.60059088 15.0
0.07507595 0.89638287 1.19962358 15.0
1.25898266 -1.00430179 0.84357536 15.0
0.72677583 1.33982813 -0.89419115 15.0
-1.06434619 -0.22520471 1.65261555 15.0
-0.74320328 0.30761340 1.68999398 15.0
-0.73411161 1.05911756 1.14804018 15.0
-0.06787404 -1.67658973 -0.54484600 15.0
0.59763658 0.57086539 1.46974170 15.0
1.35914624 0.51596296 -0.94107431 15.0
1.41995585 0.56996632 0.58288980 15.0
0.95231265 -0.78080571 1.07890427 15.0
-1.44397914 0.45687327 0.04578555 15.0
-0.41913497 0.40787816 1.61782873 15.0
-1.34042180 -1.32203078 0.17793223 15.0
1.44577479 0.63618934 0.04586907 15.0
-0.79179555 -0.01781775 -1.09506547 15.0
-1.40700305 -1.00823843 -0.20670243 15.0
-0.60090786 0.52630895 1.51665318 15.0
-1.02851474 -0.99574471 -1.51592684 15.0
-0.81819975 -0.76262200 -1.10351098 15.0
-0.76596308 -0.61022145 1.37641418 15.0
0.57711554 -0.91498971 0.92370635 15.0
0.82537007 -0.57703376 -1.09009874 15.0
0.23676583 0.22475043 1.74372327 15.0
-1.24316716 0.52069271 -1.07350862 15.0
-0.09462514 0.51755142 -1.09402108 15.0
1.21136594 1.37973654 -0.65902036 15.0
-1.37644076 1.21057296 -0.34530550 15.0
0.25349447 -0.01739396 -1.09506547 15.0
-0.09240950 0.34833276 -1.09510791 15.0
1.29446030 -1.18193829 0.62562960 15.0
0.83491057 1.53541303 0.84024298 15.0
1.38504779 -1.08873236 0.02831665 15.0
-0.74410200 -0.11568166 1.79842830 15.0
1.19762194 -0.56157166 -1.07033229 15.0
-0.08670800 0.04826180 1.80275619 15.0
1.38679433 -0.09893818 0.60710138 15.0
-0.44101506 -1.61636877 -0.81535214 15.0
1.32307374 1.36337543 0.54221708 15.0
-0.96615767 1.07042849 -1.31581068 15.0
1.38699472 -0.01892717 0.60817951 15.0
-0.96686304 1.10737252 -1.25912464 15.0
0.43376473 -1.62623787 -0.56125873 15.0
-0.92517436 0.86096525 -1.25492096 15.0
-0.08816131 -0.85010952 1.01436532 15.0
-1.07851434 -0.44297549 1.46079719 15.0
0.73952943 -0.26265350 1.73554659 15.0
-1.10383582 1.44143510 -0.21574096 15.0
1.32930589 -1.13218081 -0.94037449 15.0
-1.42478311 -0.89891934 -0.00213259 15.0
1.06513178 -0.32200992 -1.09379208 15.0
-1.01808417 1.27732205 -0.94401920 15.0
-1.22629964 0.70960802 1.03791499 15.0
-1.45234990 0.57035989 -0.14683364 15.0
-1.16709900 0.06815097 1.40232635 15.0
1.39945722 -0.46336016 0.19697124 15.0
0.76574534 -1.56758285 -0.60403270 15.0
1.42847323 0.82235265 0.23658858 15.0
0.55767250 1.37852836 -0.85649318 15.0
0.79211670 0.81903464 -1.13671291 15.0
-0.26032466 0.56045979 1.49020171 15.0
0.47322953 1.55190229 0.44447261 15.0
1.11557174 -0.95873004 0.89426547 15.0
-1.33446813 1.38085020 -0.35366336 15.0
-0.36106196 0.69663626 -1.09243703 15.0
-1.29969156 -1.22536600 0.54674023 15.0
1.16810489 0.83441103 -1.54666126 15.0
-1.42005825 -0.93546158 0.00114302 15.0
1.29710209 -0.64763057 0.68051690 15.0
0.83937883 1.51114488 0.32411152 15.0
1.24713457 1.41400123 0.53956693 15.0
1.18658960 0.68154401 -1.25723779 15.0
1.04565525 0.25148141 1.61965179 15.0
0.90317440 1.03847885 -1.21487117 15.0
-0.98437911 -0.18862619 1.76977479 15.0
0.92385578 -1.44107294 -1.05852902 15.0
1.06777036 0.68930316 -1.25104618 15.0
-1.03350377 1.05984223 -1.39702284 15.0
1.10702920 1.40023959 -0.62764663 15.0
-1.34436858 -0.89410633 0.75203651 15.0
-0.87993658 -1.15653551 0.75377053 15.0
0.96908313 0.38445136 1.61783206 15.0
1.12199008 1.45630598 0.32755461 15.0
0.10693727 -0.95634639 -1.11283517 15.0
-1.03228474 1.09688771 -1.31983078 15.0
0.05697841 1.56738782 1.14607000 15.0
-0.25106490 0.41012424 1.61782873 15.0
-0.47310260 -1.60766363 -0.26104948 15.0
0.06101530 1.47601593 -0.37657726 15.0
0.07444088 0.31507793 1.68999398 15.0
-1.39898300 -0.17412931 0.59900558 15.0
-0.47310260 -1.60766363 -0.26104948 15.0
-1.02919316 -0.71485937 1.15617347 15.0
-1.42300594 0.95122057 0.22876972 15.0
1.40451419 0.73068768 -0.90658146 15.0
0.92000949 -0.82331681 -1.20777857 15.0
1.43644321 0.51280332 0.04581866 15.0
-1.44684660 0.46715763 0.04579132 15.0
-0.58386433 1.55980992 1.14607000 15.0
0.57164717 0.91941190 -1.11615014 15.0
-1.43627322 0.44047108 0.40620464 15.0
1.37978160 1.15016305 0.55859590 15.0
0.87842870 -1.52984464 -0.13246866 15.0
1.40973258 0.68734807 -0.90591359 15.0
1.44607902 0.63613915 0.41051078 15.0
-0.68231499 -0.58076644 -1.09009874 15.0
0.07444088 0.31507793 1.68999398 15.0
0.97764111 1.39865863 -0.72109038 15.0
0.20535886 1.46200395 -0.50891960 15.0
-1.38155615 -1.18057072 -0.07718918 15.0
-1.34042180 -1.32203078 0.17793223 15.0
-1.39717805 -0.96724784 0.67346555 15.0
-0.87637371 0.39830077 1.61782873 15.0
-1.41876173 -0.71587765 0.18307923 15.0
1.34304142 1.03540087 -1.16533792 15.0
-0.96569771 -1.14183557 -1.21994269 15.0
-0.40877029 -1.22614801 0.69208515 15.0
-1.39806473 -0.31494802 -0.65721726 15.0
1.34733701 -0.93546158 -1.23219526 15.0
1.34889674 -1.22319877 -0.54702693 15.0
-1.39811540 0.68797499 0.72355813 15.0
-0.74590605 0.92462301 1.18255782 15.0
0.43193987 0.24744356 -1.09509289 15.0
-1.38351250 1.21176052 0.04628891 15.0
-0.51383477 -1.24840069 -1.06986475 15.0
0.94974571 -1.18689442 -1.10036826 15.0
1.43470752 0.73097521 0.55328274 15.0
-0.96031618 0.48538950 -1.09456682 15.0
-0.20817436 1.55279875 0.44447261 15.0
-0.36335167 1.46289432 -0.50891960 15.0
0.77921802 0.24384435 -1.09509289 15.0
1.28744531 0.95482242 -1.43998909 15.0
0.17892860 -1.64304709 -0.56125873 15.0
-1.40652966 0.40162081 -0.65841991 15.0
-1.43371415 -0.82478601 -0.01122398 15.0
0.44323638 0.51275253 -1.09402108 15.0
0.70388865 1.42327428 -0.72191894 15.0
1.25534594 1.35530162 -0.71579099 15.0
0.75625312 -1.57794356 -0.81753576 15.0
0.72643262 1.51448989 0.18145457 15.0
1.01866496 -0.74795455 1.10412419 15.0
1.37932813 1.14837575 -0.14540058 15.0
-1.22329235 0.23544192 -1.07595003 15.0
0.57541817 0.66326302 -1.09148765 15.0
-1.36827552 -1.13356614 -0.70613861 15.0
-1.00862420 0.69645965 -1.20995843 15.0
-1.16955197 1.45391524 0.96083087 15.0
-1.40720403 1.03604782 -0.14570238 15.0
0.56926906 -1.13633156 -1.09181440 15.0
0.72677583 1.33982813 -0.89419115 15.0
0.92651248 0.76716954 -1.20774937 15.0
0.40661964 -0.95895940 0.91063780 15.0
-1.02840519 -1.23186755 0.61722827 15.0
0.09671243 1.26048112 -1.00566053 15.0
-0.24242084 -1.40527058 -1.06248903 15.0
-1.43952239 0.77650559 -0.34792233 15.0
-0.85241222 1.42977071 -0.62340444 15.0
0.21734746 -1.49027228 -1.05858159 15.0
-0.40651697 -1.27199292 0.61722827 15.0
1.41582489 0.77650559 -0.60443157 15.0
0.08372630 1.30247593 -0.94401920 15.0
-0.96198910 -1.04285622 -1.37259066 15.0
-1.39064765 -1.13440478 0.32889810 15.0
1.38225865 -0.82462049 0.48514724 15.0
1.41192925 -0.89871156 0.17417529 15.0
0.94580746 0.47473675 -1.09485269 15.0
-1.44022441 0.48246187 -0.35927793 15.0
0.98817325 -0.75161695 -1.17955029 15.0
1.11238921 1.47604012 0.70167160 15.0
-1.23021090 -1.40911365 -0.80862540 15.0
0.19252351 1.57890546 1.05587113 15.0
-0.09026303 0.61291689 1.42921007 15.0
1.39785016 -1.00821769 0.12218059 15.0
0.22287676 1.39755201 1.15139830 15.0
0.23710425 0.98895812 1.16987038 15.0
1.16897583 -1.04008377 0.84534681 15.0
-0.25035265 -0.11698587 1.79842830 15.0
0.46527249 0.54488689 -1.09320450 15.0
-0.34901643 -1.19293094 -1.07940841 15.0
-0.31494939 -1.62516487 -0.81535214 15.0
0.43588331 -1.66818011 -0.52528602 15.0
0.24000311 -0.88540375 0.95775485 15.0
1.43240678 0.46715763 -0.14702183 15.0
-0.96569771 -1.14183557 -1.21994269 15.0
0.57541817 0.66326302 -1.09148765 15.0
-0.73823494 1.01580060 1.15832651 15.0
-0.24371932 1.37758541 -0.85649318 15.0
-1.42014587 -0.24542780 0.38789430 15.0
1.38220358 -0.75528979 -0.90975195 15.0
-0.87030607 0.21777658 1.74372327 15.0
-0.79604948 1.19000709 -1.07616580 15.0
-1.16385698 1.08526504 -1.32532156 15.0
-1.28449571 -1.28415239 0.42435682 15.0
1.23041129 -1.40689135 -0.51731861 15.0
-1.43475199 0.57185745 -0.64101535 15.0
0.19252351 1.57890546 1.05587113 15.0
-0.41235992 1.07298887 1.14804018 15.0
1.38544691 0.99227047 -0.60081351 15.0
0.33493152 -1.14179838 -1.09181440 15.0
-0.59157890 -0.83316332 -1.10417056 15.0
-1.36328912 -1.26262963 0.29018265 15.0
1.06876063 0.06726540 -1.09508908 15.0
-0.11787735 1.22644770 -1.05000055 15.0
0.92833668 -0.32473168 -1.09379208 15.0
1.06877112 0.23869546 -1.09509289 15.0
-1.39806473 -0.31494802 -0.65721726 15.0
0.57885754 -0.87654805 0.95775485 15.0
-1.29435539 -1.22675681 -0.95777446 15.0
0.55281276 -1.32570195 0.50046331 15.0
1.24061012 -1.42153656 -0.11923597 15.0
1.02107573 1.01900733 -1.46220279 15.0
0.75332952 -0.61022145 1.37641418 15.0
-1.42525101 0.82994807 0.77475691 15.0
-0.91968703 -1.17295814 -1.11412859 15.0
-0.24973798 0.98895812 1.16987038 15.0
1.36460721 -0.82478601 -1.20465374 15.0
-0.96205884 -0.81703681 1.01436532 15.0
0.07409561 0.13719627 1.78104472 15.0
-1.42014587 -0.24542780 0.38789430 15.0
-1.41710711 -0.78867418 -0.63144851 15.0
-0.58329320 1.16448867 -1.08138537 15.0
0.54860276 1.33557856 1.14994609 15.0
-1.15721619 1.34401131 1.06107628 15.0
1.42759061 0.48246187 -0.35927793 15.0
1.30051470 1.08183753 0.96353275 15.0
0.43064600 -1.60539687 -0.68983930 15.0
0.39192131 -1.39849436 -1.06248903 15.0
1.36610579 -1.17648304 0.43713626 15.0
1.29710209 -0.64763057 0.68051690 15.0
0.07073129 -1.42890179 0.30945817 15.0
-0.97959584 -0.59860951 1.37641418 15.0
-0.06798959 -1.69141757 -0.52528602 15.0
-1.42284083 0.06451606 0.23705824 15.0
1.15597272 -0.73908019 -1.22085357 15.0
0.89005786 -1.54433656 -0.60001242 15.0
1.38225865 -0.82462049 0.48514724 15.0
0.33428758 -1.03040683 -1.11042082 15.0
-0.99600023 0.02454249 1.79248023 15.0
0.88646686 -1.26572657 -1.06756008 15.0
0.39411142 1.37889552 -0.85649318 15.0
-1.36676562 -1.26671267 0.03235078 15.0
-1.28817487 -0.91438890 0.82096201 15.0
1.00096631 0.63414407 1.35352266 15.0
0.11067721 0.71869761 -1.09540951 15.0
-0.75598103 -0.33669904 1.68316984 15.0
0.07748462 0.55128932 1.50220871 15.0
-0.71551353 1.51311207 1.14782083 15.0
-1.29611158 1.08008921 -1.27037656 15.0
1.38845551 -1.00823843 -0.41113079 15.0
-1.36064219 1.32236409 0.54551727 15.0
1.16726959 1.21929991 1.05776763 15.0
1.41369104 0.40162081 0.04578082 15.0
0.39323479 1.21353793 1.14443338 15.0
0.23676184 -0.03708262 1.80842543 15.0
1.29710209 -0.64763057 0.68051690 15.0
1.15616977 0.92298639 -1.56040561 15.0
0.56631523 -1.12574220 0.81004047 15.0
-1.02301860 0.52736074 1.49014676 15.0
0.58545029 -0.42015240 1.61008608 15.0
0.08059508 0.47358969 -1.09499776 15.0
-1.29518366 -0.93870395 -1.46406746 15.0
-1.00704539 -1.51244700 -0.12818366 15.0
-0.77490574 0.56662196 1.46974170 15.0
1.29382169 1.13453901 0.96348292 15.0
-0.58288294 0.13467452 1.78104472 15.0
-0.42956883 0.66922098 1.35574698 15.0
-1.41489291 -0.09885538 -0.36159346 15.0
-0.08884937 -0.42555806 1.61008608 15.0
-0.24841203 1.03447533 1.15832651 15.0
-0.24894904 0.04793505 1.80275619 15.0
-1.42014110 -0.09885538 -0.15221916 15.0
-0.41479370 -1.08323991 0.85395110 15.0
1.43971634 0.57035989 -0.14683364 15.0
-0.08847494 -0.34299821 1.68316984 15.0
-0.08792988 -0.88847470 0.95775485 15.0
0.47325239 1.54519832 0.32411152 15.0
0.05619056 -1.65867639 -0.35834298 15.0
1.38885272 -0.17408793 -0.65787572 15.0
0.40745631 -0.19198686 1.77394736 15.0
-0.34801632 0.96977705 -1.10854495 15.0
0.07344449 1.08263564 1.14804018 15.0
-1.18044078 -1.15707219 -1.11206353 15.0
-1.41726649 -0.97128654 0.26763120 15.0
1.39000463 0.23162545 -0.65842277 15.0
-0.58792353 -0.95386434 0.91063780 15.0
1.17246830 -1.41493011 -0.97400135 15.0
1.35187423 1.26935685 -0.34264362 15.0
-0.22998114 -1.49027228 -1.05858159 15.0
-1.16567874 1.00670314 -1.47536647 15.0
1.22229087 0.44796684 -1.07585716 15.0
-0.43013018 -0.61738306 1.37641418 15.0
-1.41555810 0.95121944 -0.34664956 15.0
-0.47790617 0.54488689 -1.09320450 15.0
0.57002985 0.96474957 -1.10854495 15.0
0.07073129 -1.42890179 0.30945817 15.0
0.94806266 -0.25814208 1.73554659 15.0
-0.73847389 -1.07028174 0.85395110 15.0
-0.25197214 0.89297986 1.19962358 15.0
-0.90997678 -1.60176492 -0.51223612 15.0
-1.39807296 -1.08873236 0.13711229 15.0
1.40292430 0.95121944 -0.34664956 15.0
-0.41631931 -0.03710615 1.80842543 15.0
1.38383639 -0.31494802 0.54740071 15.0
-1.32806718 -1.30540907 0.31111756 15.0
0.55500215 -1.21129990 -1.07363880 15.0
-1.02851474 -0.99574471 -1.51592684 15.0
0.41010791 0.48822895 1.55149519 15.0
1.07127273 -0.62727195 1.21909547 15.0
0.47179601 1.57002914 0.88484681 15.0
1.39160216 -0.78862363 0.45626041 15.0
-0.40091017 1.42976475 -0.72191894 15.0
0.46527249 0.54488689 -1.09320450 15.0
-0.77425003 0.55000979 1.49020171 15.0
0.65909553 -1.58141863 -0.68992668 15.0
-1.42859709 0.90970600 0.04604529 15.0
-0.87563050 1.32919145 -0.89419115 15.0
-0.91187352 -1.59157562 -0.42289552 15.0
-1.32900250 1.34401464 0.83106279 15.0
-0.51505440 1.46206057 -0.50891960 15.0
1.29069138 0.91315836 -1.46659625 15.0
-0.67854887 -1.62881684 -0.54484600 15.0
-0.08688326 -1.04713881 0.88317174 15.0
-1.44720316 0.46650195 0.40616384 15.0
1.39725518 -0.55414063 0.19228458 15.0
0.96675730 0.64602852 1.35463679 15.0
0.87397146 -1.01728702 0.88317174 15.0
-1.42602754 0.46581739 0.58548009 15.0
1.40274429 0.32383347 -0.35965025 15.0
-1.34284449 -0.65380436 -0.93162668 15.0
-0.75598103 -0.33669904 1.68316984 15.0
1.40553272 -0.31494802 0.20870566 15.0
0.94564247 1.51355064 1.05689287 15.0
0.56920689 1.09405160 -1.09201217 15.0
0.07548384 0.49281561 1.55149519 15.0
-0.08792988 -0.88847470 0.95775485 15.0
-0.85230428 -1.38838375 0.30797485 15.0
1.38179100 1.14837575 0.22329883 15.0
0.43195719 0.34498560 -1.09510791 15.0
-1.37107956 -1.22340155 -0.25732726 15.0
1.36110353 -1.00823843 -0.92831165 15.0
0.83937883 1.51114488 0.32411152 15.0
-1.01359987 0.63414407 1.35352266 15.0
-1.42962754 -0.78867418 0.32576367 15.0
-0.24572541 1.12215495 1.14247501 15.0
-0.35370204 -0.74567801 -1.09125376 15.0
-1.10214317 0.53084612 1.38419318 15.0
1.35192823 1.20582271 -0.60059088 15.0
0.31758085 -0.68335229 -1.08904290 15.0
-0.81456304 -1.45338047 -1.05857110 15.0
0.51817685 1.26284468 -1.00566053 15.0
1.21847165 1.43457294 0.82507449 15.0
-0.86364645 -1.30547369 0.50025129 15.0
-0.56636316 -1.61526430 -0.56125873 15.0
-1.39071703 -1.08461952 0.56817406 15.0
-0.23885931 -1.42387044 0.30945817 15.0
0.95350260 -0.33067492 1.68316984 15.0
-1.33981335 -0.38715738 -0.94455791 15.0
-0.97076923 1.17278838 -1.13660610 15.0
-1.34042180 -1.32203078 0.17793223 15.0
-0.90118819 -0.67222106 -1.09223998 15.0
-0.34636295 1.49395502 -0.21780555 15.0
0.43505484 -1.65356112 -0.54484600 15.0
0.96807855 1.49667037 0.43355066 15.0
-0.44579479 0.42727277 -1.09508729 15.0
0.22978713 -1.40527058 -1.06248903 15.0
-0.11953190 0.97345966 -1.10854495 15.0
-0.90569967 -1.56276166 -0.55435663 15.0
1.39833462 -1.00809813 0.32159781 15.0
1.07127273 -0.62727195 1.21909547 15.0
1.34904039 1.32093418 0.43812081 15.0
-0.67172927 -1.58141863 -0.68992668 15.0
0.87552798 1.00631773 1.15166426 15.0
1.23053336 0.52069271 -1.07350862 15.0
-0.08729786 -1.34878254 -1.06540871 15.0
1.44627059 0.63617682 0.23760757 15.0
1.39708805 -0.46336016 -0.16702469 15.0
1.40973258 0.68734807 -0.90591359 15.0
0.43588331 -1.66818011 -0.52528602 15.0
-0.59627825 0.73536325 1.28113663 15.0
1.42847323 0.82235265 0.23658858 15.0
0.07596382 0.74646765 1.28113663 15.0
-0.19210532 -1.67066002 -0.54484600 15.0
-0.09240527 0.16016555 -1.09508908 15.0
-1.35961223 0.99227047 -1.19514382 15.0
-1.17591763 -1.27923512 0.48516351 15.0
-0.41288140 -1.13179743 0.81004047 15.0
0.77207667 -1.62780535 -0.52528602 15.0
1.25007606 1.40839541 0.33423090 15.0
1.38999116 0.14748210 -0.65842092 15.0
-0.08792988 -0.88847470 0.95775485 15.0
-1.31020939 -0.38590896 0.83171809 15.0
0.97339582 -0.66688472 -1.09612417 15.0
1.31419718 0.99672294 0.97182792 15.0
-0.96613622 -0.33067492 1.68316984 15.0
0.24342787 -0.73771340 1.20414197 15.0
0.77889246 -1.09613287 -1.11967587 15.0
0.60395211 1.54521096 0.44447261 15.0
-0.59336412 0.78838521 1.24245024 15.0
0.97488385 0.58612716 1.42921007 15.0
0.93946111 0.70279133 -1.14754558 15.0
-0.58329320 1.16448867 -1.08138537 15.0
-0.43366382 0.60729980 1.42921007 15.0
1.35844576 -1.22340155 -0.25732726 15.0
1.42281580 -0.78867418 -0.00617337 15.0
-1.42149055 -0.17408793 0.40216357 15.0
0.17666253 -1.63307333 -0.81535214 15.0
0.07392255 -1.09225166 0.85395110 15.0
-0.48583326 -1.56587970 -1.03400052 15.0
0.10722131 1.20067108 -1.07013798 15.0
1.17479861 -0.80017734 -1.42523527 15.0
0.77889246 -1.09613287 -1.11967587 15.0
0.07453938 -0.11725952 1.79842830 15.0
0.88393503 -0.50807697 1.50288701 15.0
1.33173478 -0.89410633 0.75203651 15.0
-1.05532408 1.46066356 -0.01684535 15.0
-0.50785893 -1.56700742 -0.12961495 15.0
-0.91874141 1.15021753 -1.13401175 15.0
-1.20598865 1.01987004 1.05967247 15.0
-1.05081451 0.52410221 1.47092938 15.0
1.03432488 0.55539411 1.43213677 15.0
0.10878205 -0.74824041 -1.09125376 15.0
-0.63048524 1.48666573 -0.21780555 15.0
1.32880664 -1.26650977 -0.77065861 15.0
-1.37238288 1.27172172 0.34802935 15.0
0.43861559 0.48572144 -1.09485269 15.0
-1.12820554 -0.95873004 0.89426547 15.0
-1.05301499 0.00058671 1.70694149 15.0
1.03438604 -0.84502995 -1.47379231 15.0
0.79785502 -0.79913640 -1.11684752 15.0
1.39815402 0.64170194 -0.91807848 15.0
-0.34726056 -0.99187845 -1.11163771 15.0
0.99236262 -0.70647877 1.19519591 15.0
0.71364969 1.14759123 1.14210844 15.0
-0.77772951 -1.27620065 -1.06756008 15.0
-1.36184323 1.32057679 0.22042783 15.0
1.37808335 -1.08461952 0.56817406 15.0
-0.89467967 0.91595769 1.17589569 15.0
-1.40995359 -0.55414063 0.32967937 15.0
-0.81443423 -0.77783066 -1.11118853 15.0
-1.42174411 0.90970600 -0.34697834 15.0
-1.02791214 -1.10389030 -1.34174109 15.0
-1.05560005 0.79766375 -1.48296678 15.0
-1.39798200 -0.71585238 0.43808755 15.0
-0.81456304 -1.45338047 -1.05857110 15.0
0.98029292 -1.35769153 -1.06248140 15.0
1.02152646 -1.18751788 0.69208515 15.0
-1.40454686 -0.46345448 -0.36708254 15.0
0.98336649 0.02454249 1.79248023 15.0
0.70412534 -1.58378911 -0.26138586 15.0
-1.08187485 -0.53373271 1.34759915 15.0
-0.80596954 1.43144214 1.14586806 15.0
1.38064551 -1.08873236 -0.27389729 15.0
1.40885687 -0.17408793 0.40216357 15.0
-1.39974689 0.06447466 0.60610765 15.0
0.57343113 -0.11619680 1.79842830 15.0
0.22726783 1.33518076 1.14994609 15.0
-1.39184082 1.09366095 0.69864213 15.0
0.87914056 -1.55452812 -0.82086223 15.0
-0.99727696 -0.33042237 1.67719638 15.0
-1.31412899 -0.71575147 0.63977724 15.0
1.31636870 1.34401464 0.83106279 15.0
0.06036453 1.57086289 0.88484681 15.0
-1.36697412 -1.26671267 0.14536740 15.0
0.61041307 -0.18096207 -1.09475839 15.0
-1.39987516 0.14747381 0.60288095 15.0
-0.32095408 -1.66624749 -0.43820560 15.0
-1.05336368 0.08434651 1.69506896 15.0
0.92888814 -0.73346549 -1.10723913 15.0
1.36193037 1.03608584 -0.89541084 15.0
-0.12141576 -0.74824041 -1.09125376 15.0
-1.42948401 -0.75564706 -0.00179761 15.0
-0.25606155 -0.73771340 1.20414197 15.0
-0.58460456 0.97813737 1.16987038 15.0
-0.25131753 1.34378922 -0.89419115 15.0
0.90453559 1.11706352 -1.16685331 15.0
0.07693519 -0.62236357 1.37641418 15.0
1.39833844 -0.64765579 0.18672618 15.0
0.07229672 -1.28263807 0.61722827 15.0
1.09215522 0.48373199 1.43431675 15.0
-1.42602754 0.46581739 0.58548009 15.0
-0.11984959 0.92772979 -1.11615014 15.0
-1.21349823 -0.46929970 -1.07249844 15.0
0.07584124 -0.34299821 1.68316984 15.0
1.38186085 1.14837575 0.35307816 15.0
1.39805484 -0.31494802 -0.36568311 15.0
0.33038890 1.22604430 -1.05000055 15.0
0.23850136 -0.96354026 0.91063780 15.0
-0.79967439 0.86726147 -1.14395130 15.0
-1.14895165 1.14697683 -1.17090821 15.0
1.21064663 0.15012416 -1.07594645 15.0
0.33523586 1.13752615 -1.08976555 15.0
1.40451419 0.73068768 -0.90658146 15.0
-1.16647971 0.96507925 -1.52771068 15.0
-0.88708812 -0.78945327 1.07890427 15.0
1.34697843 0.99227047 -1.19514382 15.0
0.57065946 1.16448867 -1.08138537 15.0
-0.25606155 -0.73771340 1.20414197 15.0
-1.07851434 -0.44297549 1.46079719 15.0
-1.44048798 0.82234985 0.04598143 15.0
-0.20953508 1.47661495 -0.37657726 15.0
0.87736630 -0.75369233 1.14291990 15.0
0.95324314 1.44421446 -0.37687877 15.0
-0.12106853 0.83133459 -1.11198473 15.0
-0.59184575 0.83478594 1.22082686 15.0
0.70388865 1.42327428 -0.72191894 15.0
-1.29568851 -1.04666412 0.80781549 15.0
-1.45730054 0.68634915 0.41064650 15.0
-0.73669088 1.53283167 0.44361344 15.0
-1.23670375 -0.87784654 0.86526346 15.0
0.95863968 0.04009357 1.80083966 15.0
-0.99161863 0.46121368 1.55159307 15.0
-1.43323088 -0.78867418 -0.19666226 15.0
0.87891978 0.72306049 1.27958202 15.0
-1.37230718 1.27172172 0.22186473 15.0
1.29840147 1.39672804 0.02009909 15.0
0.75232333 0.66037363 1.35574698 15.0
-1.30979681 -0.17429490 0.94292688 15.0
-1.16955197 1.45391524 0.96083087 15.0
-1.39201665 -0.46383184 -0.65613252 15.0
-0.77490574 0.56662196 1.46974170 15.0
-1.41148758 -0.93546158 -0.39128524 15.0
0.30832037 -1.66624749 -0.43820560 15.0
0.74270576 1.47192562 1.14694345 15.0
0.07555739 0.80024719 1.24245024 15.0
-1.45001352 0.68645453 -0.34988698 15.0
-0.91047865 0.56116658 1.46974170 15.0
1.11557174 -0.95873004 0.89426547 15.0
0.90453559 1.11706352 -1.16685331 15.0
-1.17056143 -0.17044468 1.38621700 15.0
-1.32683086 0.99672294 0.97182792 15.0
-0.25301903 -0.26655284 1.73554659 15.0
0.77654803 -0.32715282 -1.09379208 15.0
-0.08925250 -0.52234560 1.50288701 15.0
-0.94344056 0.12987152 1.78104472 15.0
-0.09233086 -0.18295014 -1.09475839 15.0
0.43683875 -1.65722311 -0.43820560 15.0
-0.79382277 -0.94346362 -1.14158773 15.0
1.34904039 1.32093418 0.43812081 15.0
1.35488474 0.45868263 -0.94703662 15.0
-0.60466778 0.69296628 -1.09243703 15.0
-0.08493044 -1.28263807 0.61722827 15.0
-0.90830922 -1.58817017 -0.53429592 15.0
-0.07299824 1.57086289 0.88484681 15.0
-0.25320315 0.49087641 1.55149519 15.0
1.39365149 0.68920159 -1.14471078 15.0
-0.79152626 -1.09613287 -1.11967587 15.0
-1.42236483 0.06451606 0.04578082 15.0
-0.60271275 -0.68710238 1.27375817 15.0
0.07344449 1.08263564 1.14804018 15.0
0.23577833 1.03447533 1.15832651 15.0
-1.21025562 -0.56157166 -1.07033229 15.0
0.93964469 0.39321011 1.61782873 15.0
1.06881332 0.33328757 -1.09510791 15.0
-0.47310260 -1.60766363 -0.26104948 15.0
1.38542438 -0.24543609 0.57815140 15.0
0.81867146 0.53758663 -1.09320450 15.0
0.38591403 -1.41700196 0.30945817 15.0
1.13951027 1.30132496 -0.88037157 15.0
-1.41095972 0.77650559 -0.91019577 15.0
-0.58184057 1.09405160 -1.09201217 15.0
-0.42311612 0.79302311 1.24245024 15.0
0.95597422 1.14030886 -1.19696677 15.0
-0.97342104 -0.71166933 1.20414197 15.0
0.85101283 -1.30547369 0.50025129 15.0
0.98029292 -1.35769153 -1.06248140 15.0
-0.62358630 0.24583662 -1.09509289 15.0
-0.23885931 -1.42387044 0.30945817 15.0
0.33413628 -1.57439375 -1.03400052 15.0
-0.54358608 1.44716215 -0.62314820 15.0
-1.20598865 1.01987004 1.05967247 15.0
1.21027684 -0.09965143 -1.07579386 15.0
-0.96634012 -0.92962122 -1.42915595 15.0
-0.58123183 -1.10202265 -1.09895599 15.0
1.40150237 -0.17408793 -0.36391506 15.0
0.56243831 1.10993588 1.14247501 15.0
0.17892860 -1.64304709 -0.56125873 15.0
-0.96237934 -1.18689442 -1.10036826 15.0
-0.89900482 0.65407759 1.35552490 15.0
0.24000311 -0.88540375 0.95775485 15.0
1.22825968 -1.37053967 0.21461739 15.0
0.24015236 0.84408581 1.22082686 15.0
-1.15974522 -0.98468047 -1.52979863 15.0
1.09304845 0.49963659 1.41837537 15.0
-1.38480818 0.73929763 0.80927736 15.0
0.90350401 1.07991815 -1.19375515 15.0
-1.42615819 -0.82478601 -0.39013401 15.0
-1.09778380 0.46976718 -1.09485269 15.0
0.06820589 1.44624031 -0.62314820 15.0
-1.39811540 0.68797499 0.72355813 15.0
-0.19285624 -1.67436099 -0.43820560 15.0
0.58545029 -0.42015240 1.61008608 15.0
-1.36270702 1.28056335 0.68500054 15.0
0.34842828 0.69663626 -1.09243703 15.0
1.36677849 -1.18057072 -0.21745874 15.0
0.43316108 0.42727277 -1.09508729 15.0
0.33721378 1.49169338 1.15351558 15.0
1.37920713 1.09366095 0.69864213 15.0
-1.20837927 0.66545278 -1.18749821 15.0
0.83171922 -1.52987742 -1.03438103 15.0
0.43193558 0.15843271 -1.09508908 15.0
-0.87029153 -0.03720652 1.80842543 15.0
1.39886451 -0.46336016 0.01761762 15.0
-0.08382905 1.42793548 -0.72191894 15.0
-1.42266428 0.95122766 0.48925382 15.0
1.27818382 -1.08480442 -1.29135370 15.0
0.10795665 0.66936427 -1.09148765 15.0
1.15616977 0.92298639 -1.56040561 15.0
1.20214486 -0.65700150 -1.07676888 15.0
1.39389610 0.40162081 -0.65841991 15.0
-1.36554933 -1.11391699 0.66117305 15.0
-1.16647971 0.96507925 -1.52771068 15.0
1.16155732 0.32628730 1.30225527 15.0
0.21734746 -1.49027228 -1.05858159 15.0
1.32930589 -1.13218081 -0.94037449 15.0
-0.49171495 -0.58377725 -1.09009874 15.0
1.40986812 -0.93405908 0.41758311 15.0
-0.94240463 -0.25272119 -1.09437788 15.0
1.01227796 0.70157152 1.26086771 15.0
-1.03358674 -0.92108011 -1.54419303 15.0
-1.40041578 -0.93546158 -0.63917953 15.0
-1.03370953 1.01900733 -1.46220279 15.0
-0.09011830 0.55128932 1.50220871 15.0
0.61075652 -0.10181962 -1.09497130 15.0
0.47399774 1.51347160 -0.01862907 15.0
-0.71675897 -1.58378911 -0.26138586 15.0
0.06381752 1.46135163 -0.50891960 15.0
1.17086136 -0.64353865 0.98592663 15.0
-0.09895382 0.54996383 -1.09320450 15.0
0.07529616 -0.88847470 0.95775485 15.0
-0.34901643 -1.19293094 -1.07940841 15.0
1.31680822 0.43872115 0.87529272 15.0
-1.34262908 -0.31593898 -0.94523406 15.0
0.55764133 -1.64603508 -0.43820560 15.0
0.46606177 1.57773495 1.05587113 15.0
-0.72404760 1.37303782 -0.85649318 15.0
1.39558232 -0.64765579 -0.18531936 15.0
-1.19603097 0.44174007 1.23173785 15.0
-1.34698880 -0.01876101 -0.94715500 15.0
-1.42695010 -0.86192709 -0.19506660 15.0
-0.34838957 1.16998851 -1.08138537 15.0
1.21064663 0.15012416 -1.07594645 15.0
1.29446030 -1.18193829 0.62562960 15.0
-0.34801632 0.96977705 -1.10854495 15.0
0.58834094 -0.51557654 1.50288701 15.0
-0.44639847 -1.62623787 -0.56125873 15.0
0.93152148 0.24142039 -1.09509289 15.0
1.39198911 -1.04649687 0.42782936 15.0
-0.06882425 -1.65867639 -0.35834298 15.0
-0.35942185 0.71593904 -1.09540951 15.0
-1.02840519 -1.23186755 0.61722827 15.0
0.95098907 -1.11367309 -1.27562988 15.0
-1.41971457 -0.24542780 0.02617001 15.0
-1.17904675 -1.19425035 -1.06075978 15.0
-1.39717805 -0.96724784 0.67346555 15.0
0.77654803 -0.32715282 -1.09379208 15.0
-0.21799257 1.46200395 -0.50891960 15.0
0.77853137 -0.17999835 -1.09475839 15.0
-1.00955629 -1.29838276 -1.06540871 15.0
-1.21048129 0.97799397 1.06999683 15.0
1.02357197 0.93430817 -1.54524195 15.0
1.41995585 0.56996632 0.58288980 15.0
0.97828746 1.41589868 -0.62442952 15.0
1.38804662 -1.04649687 -0.23352489 15.0
1.23053336 0.52069271 -1.07350862 15.0
-0.59048611 0.82384372 -1.11198473 15.0
-1.39805806 -0.24543609 0.57815140 15.0
0.10800157 -0.87724602 -1.11049843 15.0
1.40742445 -0.93546158 0.00114302 15.0
0.20535886 1.46200395 -0.50891960 15.0
-1.37409699 1.22060394 0.68797946 15.0
-1.40257919 1.08804631 0.35643420 15.0
-1.36125040 1.32057679 0.04573691 15.0
1.37545502 -1.13440478 -0.16733380 15.0
-1.37067342 -0.86192709 -1.22287548 15.0
-0.62148821 -0.32914278 -1.09379208 15.0
-0.94344056 0.12987152 1.78104472 15.0
1.35078478 0.63662910 0.78439039 15.0
0.98895115 0.72317052 -1.26946890 15.0
1.15792775 -0.17044468 1.38621700 15.0
-0.80381709 0.47915733 -1.09485269 15.0
-0.89450252 -0.71950781 1.20414197 15.0
-1.34209538 0.46498024 0.86682057 15.0
0.19552805 -1.58204854 -1.03400052 15.0
0.10925812 0.78445113 -1.10600650 15.0
1.04038119 0.00058671 1.70694149 15.0
1.12506676 -1.34272826 -1.05040514 15.0
1.38367736 -1.08873236 -0.11120186 15.0
0.98758471 -0.77485991 1.07390690 15.0
-1.02016056 0.57497191 1.42975581 15.0
-1.25705767 -1.39441526 0.09901123 15.0
-0.79604948 1.19000709 -1.07616580 15.0
1.31090915 1.36637914 -0.54941374 15.0
-0.29409549 -0.58648419 -1.09009874 15.0
1.16815209 -0.45928323 1.17839253 15.0
0.99236262 -0.70647877 1.19519591 15.0
-1.38163757 1.21176052 -0.14519569 15.0
-0.12189533 -0.80995697 -1.10012078 15.0
0.09671243 1.26048112 -1.00566053 15.0
1.38999116 0.06451606 -0.65842092 15.0
0.87085986 -0.26067346 1.73554659 15.0
-1.22668362 0.40780988 -1.07594466 15.0
-0.06882425 -1.65867639 -0.35834298 15.0
-1.12983990 1.46734810 0.54952371 15.0
-1.42725599 0.90989184 0.62789261 15.0
-0.36335167 1.46289432 -0.50891960 15.0
0.07784339 0.56265235 1.49020171 15.0
1.43871796 0.63635969 -0.35253319 15.0
-0.56569314 1.27029824 1.14750588 15.0
1.31901491 0.95530671 0.98231840 15.0
1.35844576 -1.22340155 -0.25732726 15.0
-1.36226010 -1.26671267 -0.29200378 15.0
-0.26687074 0.42961574 -1.09508729 15.0
-0.42756292 -0.73425490 1.20414197 15.0
-0.62358022 0.07004239 -1.09508908 15.0
0.25423703 0.42961574 -1.09508729 15.0
0.90317440 1.03847885 -1.21487117 15.0
-1.35961223 0.99227047 -1.19514382 15.0
-1.37500429 -1.22340155 0.08293252 15.0
-1.44397914 0.45687327 0.04578555 15.0
1.10561967 -1.48764443 -0.12905683 15.0
-1.34436858 -0.89410633 0.75203651 15.0
-0.94250458 1.24768019 -1.01109564 15.0
1.43644321 0.51280332 0.04581866 15.0
0.96696222 -0.59860951 1.37641418 15.0
-1.35961223 0.99227047 -1.19514382 15.0
1.20960772 -0.17593399 -1.07554078 15.0
-0.08737078 0.94526815 1.18255782 15.0
0.22287676 1.39755201 1.15139830 15.0
1.37123799 -1.04637504 -0.66919416 15.0
-1.39808071 0.99227047 -0.60081351 15.0
1.38958955 -0.09885538 -0.65818942 15.0
-1.37724102 -0.82478601 -1.20465374 15.0
-0.96587676 1.44421446 -0.37687877 15.0
1.11723042 1.46130717 0.42836568 15.0
0.22903997 -1.33932269 0.50046331 15.0
-1.02919316 -0.71485937 1.15617347 15.0
0.66794139 -1.64336503 -0.49233341 15.0
1.22829998 1.40830243 0.96472842 15.0
-0.88708812 -0.78945327 1.07890427 15.0
1.26447165 1.32008374 0.96470773 15.0
-0.94176519 0.65448982 -1.10064209 15.0
0.72722477 0.04637774 1.80275619 15.0
-1.41072512 0.90970600 -0.60232019 15.0
-0.59239924 -0.26419365 1.73554659 15.0
0.73952943 -0.26265350 1.73554659 15.0
0.05878476 -1.63003635 -0.26104948 15.0
1.41995585 0.56996632 0.58288980 15.0
1.42211843 0.57185745 -0.64101535 15.0
0.07596382 0.74646765 1.28113663 15.0
-0.79474831 -1.59649169 -0.35867935 15.0
0.07273935 -1.23639631 0.69208515 15.0
-0.25106490 0.41012424 1.61782873 15.0
1.42087805 0.86769027 0.64938968 15.0
-0.79247129 -1.13025117 -1.10854113 15.0
1.35413182 -1.26671267 0.03235078 15.0
-0.08688326 -1.04713881 0.88317174 15.0
1.39782858 -0.86192709 -0.63300401 15.0
0.56820035 -1.06414354 -1.10618210 15.0
-1.07323623 0.41823357 1.49358284 15.0
1.23909116 -1.42469561 -0.25727648 15.0
1.06060243 0.41823357 1.49358284 15.0
-0.11948330 1.14181948 -1.08976555 15.0
-1.32623863 0.77947468 -1.41556180 15.0
-1.45001352 0.68645453 -0.34988698 15.0
-0.93739301 1.52630472 1.01533163 15.0
-0.70935458 -1.39989078 0.30945817 15.0
0.32906851 1.57921493 1.05587113 15.0
-1.39611530 -1.00406289 0.64856124 15.0
-0.62206376 1.48443222 1.15351558 15.0
-1.22450554 0.77786177 1.05346251 15.0
1.39886451 -0.46336016 0.01761762 15.0
0.96445292 1.51388097 0.76928914 15.0
0.33493152 -1.14179838 -1.09181440 15.0
1.05062556 0.34218100 1.55474472 15.0
-0.08816131 -0.85010952 1.01436532 15.0
-1.42392933 0.45687327 -0.65830153 15.0
-1.36384153 0.95121944 -1.21693826 15.0
1.29402304 -0.86490273 -1.44467425 15.0
1.38791192 -0.78860271 -0.91517901 15.0
0.05462544 -1.62773728 -0.68983930 15.0
0.25343049 -0.10245617 -1.09497130 15.0
0.78328502 -1.18084693 -1.08635187 15.0
-0.89900482 0.65407759 1.35552490 15.0
0.75265449 -0.68263322 1.27375817 15.0
0.96675730 0.64602852 1.35463679 15.0
1.35967338 1.27172172 0.22186473 15.0
-1.39408767 -0.38590896 0.51821899 15.0
-0.08749278 1.34270668 -0.89419115 15.0
-1.42996466 -0.75564706 0.18130955 15.0
-1.38690507 1.14813817 -0.34544432 15.0
-0.75891995 -0.67661768 -1.08968222 15.0
1.38144934 1.14873326 0.45056483 15.0
0.10674877 -1.14580274 -1.09181440 15.0
1.38724148 0.14747381 0.60288095 15.0
1.17431283 1.15818810 1.05518210 15.0
-0.23123723 1.44694746 -0.62314820 15.0
-1.41149819 -0.46336016 0.01761762 15.0
0.40202662 1.02912617 1.15832651 15.0
0.74676383 -0.41753209 1.61008608 15.0
1.05974627 0.71570748 -1.33022928 15.0
0.71275818 1.55832136 1.04563046 15.0
-1.41782188 -0.97106314 0.50365037 15.0
-1.42275095 -0.01884437 0.23665467 15.0
0.19690138 1.47661495 -0.37657726 15.0
0.98159570 0.76579255 1.22163105 15.0
1.36237049 -1.22340155 0.08293252 15.0
0.92559510 -0.79389119 -1.18376076 15.0
-0.76299113 0.52237415 1.51665318 15.0
1.38724148 0.14747381 0.60288095 15.0
1.31419718 0.99672294 0.97182792 15.0
-1.15637600 -1.28378427 -1.05239964 15.0
-0.88660520 -1.01728702 0.88317174 15.0
-0.58273029 0.04699285 1.80275619 15.0
-1.06964171 -0.72131622 -1.14039719 15.0
-0.90997678 -1.60176492 -0.51223612 15.0
-0.24613206 -1.18648171 0.75377053 15.0
0.75966316 0.59922296 1.42921007 15.0
0.07273935 -1.23639631 0.69208515 15.0
1.17323458 -0.77100670 -1.35700119 15.0
-1.36456180 1.20582271 -0.60059088 15.0
-1.36806738 1.08823621 -0.88343608 15.0
1.22799754 -0.96598226 0.86597693 15.0
-0.34692127 -1.03040683 -1.11042082 15.0
1.44577479 0.63618934 0.04586907 15.0
1.37150550 1.08804631 -0.59693772 15.0
0.42211983 0.55746657 1.49020171 15.0
-0.79247129 -1.13025117 -1.10854113 15.0
