-0.56534988 0.83590925 0.30915317 55.0
0.63460100 0.92178047 1.05662644 55.0
1.30561888 1.24228525 0.88632089 55.0
-0.40204227 1.23204052 1.44599521 55.0
0.09486306 0.69523907 -1.22316098 55.0
-0.86695910 -0.83637911 0.87912095 55.0
-1.39045238 -0.78479278 0.07140630 55.0
1.02255583 1.02605402 1.37291634 55.0
1.17228198 -0.84143382 1.08850646 55.0
0.83767170 -1.52437258 -0.51345783 55.0
0.97778767 -1.47874248 -0.64247727 55.0
1.15218079 1.14531636 -1.14414895 55.0
1.09261012 -0.75712138 1.05549300 55.0
-0.58758181 1.13700163 -1.19610083 55.0
0.77288795 0.69242555 0.49583361 55.0
-1.40473866 -0.96327865 0.43644542 55.0
0.84020996 1.38382995 -0.78159916 55.0
0.03636564 -1.58967698 -0.49006033 55.0
-0.94613117 -1.12441361 -1.38657081 55.0
-1.18563735 1.42047322 1.20571184 55.0
-1.00180244 -1.38753450 -1.14665139 55.0
-0.43072292 -1.53024638 -0.10592590 55.0
-0.12159187 1.18082106 -1.22088802 55.0
1.37885571 0.75583494 0.71869540 55.0
1.37734413 -0.53856045 0.24874552 55.0
0.19570881 -0.16051698 1.76895356 55.0
1.36900854 -0.39384222 -0.67643964 55.0
1.20935667 1.37321150 1.26751912 55.0
0.92130506 0.39511585 -1.18758047 55.0
-0.23311266 -0.15500218 1.42515039 55.0
1.35075760 -0.82357246 0.26898929 55.0
1.19683230 1.36079848 -0.59006160 55.0
-1.14711654 0.89371824 1.32559323 55.0
0.55798376 -0.94552517 -1.28277946 55.0
0.62612879 0.50400984 0.26273832 55.0
1.01521313 0.93538344 -1.77594101 55.0
0.22538221 -0.26247948 -1.23926878 55.0
0.45201725 0.69817084 0.21618496 55.0
-1.00114834 -1.01211154 -1.67117798 55.0
-1.37293184 0.96972680 1.08082008 55.0
0.90886945 -1.18371046 -1.30741549 55.0
-0.18899523 -1.58755112 -0.24837126 55.0
-1.38401377 0.92618597 -0.27170232 55.0
1.18068254 1.38209093 1.31029165 55.0
-1.39235127 0.96621740 0.80580974 55.0
-1.42279565 -0.18312809 -0.21048619 55.0
1.02427948 -0.40518767 1.07735085 55.0
1.15284359 1.19913960 1.38345206 55.0
1.36900854 -0.39384222 -0.67643964 55.0
-1.22154474 0.39961171 1.35917330 55.0
-1.07532346 1.05032027 -1.54126382 55.0
0.09352919 -0.80712610 -1.25275671 55.0
-0.96834803 1.45134532 1.07026303 55.0
1.05222452 -0.63237071 -1.18214893 55.0
-0.82592160 -1.18604350 0.49030653 55.0
-1.32589054 0.71320486 -1.56953549 55.0
0.03509323 -1.57842553 -0.22043081 55.0
1.37302005 0.30489141 -0.28645009 55.0
-1.29952872 1.17745948 1.32186460 55.0
1.40065670 0.61882418 0.96161085 55.0
0.20126735 1.44432414 -0.14612062 55.0
0.75318623 0.39741480 -1.19021618 55.0
-0.81479073 -0.98245078 -1.31615496 55.0
-1.16048992 -0.03646881 1.00046778 55.0
-1.05236697 -1.29428065 0.51139396 55.0
-1.13863039 1.39168191 1.34482539 55.0
-0.27504548 0.79527771 0.22488587 55.0
0.76870519 1.21871912 -1.15642619 55.0
-1.06411660 -0.93529564 -1.78597701 55.0
0.24175636 -0.24271619 1.93914700 55.0
1.02700543 -1.25068462 -1.16703749 55.0
0.74992853 0.37087885 -1.19056439 55.0
-0.87806416 -1.52437258 -0.51345783 55.0
1.31696713 1.19464624 0.69037831 55.0
0.75135601 -0.95041549 0.81108892 55.0
-1.41751361 -0.18312809 -0.42871866 55.0
-0.43278989 -1.57135677 -0.52997452 55.0
0.56539041 0.73074943 -1.22120500 55.0
0.77653575 -1.18699121 -1.24130034 55.0
0.77327466 0.99983948 1.40504932 55.0
-1.40725458 0.80053496 0.54132158 55.0
1.36730039 -0.62708139 0.39350525 55.0
0.96095854 -1.11950076 -1.54606819 55.0
-1.16087079 -1.16974616 -1.48263097 55.0
-1.28568935 -1.14218795 -1.49066544 55.0
1.38937044 -0.39384222 0.25735891 55.0
-0.13312811 -0.87183923 -1.26884615 55.0
-1.34601140 1.24228525 0.88632089 55.0
-0.61155224 0.35301363 -1.20128667 55.0
1.34290564 1.08814049 0.64131314 55.0
-1.31947541 0.24271925 1.00291908 55.0
0.64397246 -1.42333114 0.08087507 55.0
-1.37776744 -1.14824855 -0.44941249 55.0
-1.05130780 -1.29106057 -1.15475023 55.0
1.22537267 -1.27610290 0.54460245 55.0
-0.09381167 1.42409503 -0.58799744 55.0
1.28192520 -0.16861634 0.79188824 55.0
1.02167308 -1.04333687 -1.78201640 55.0
-1.39469087 0.96621692 0.56206310 55.0
1.34399772 -1.19290292 -0.01392071 55.0
0.75181359 -0.91429305 0.84029746 55.0
-0.08930353 0.97731006 1.41111302 55.0
-0.93334931 -1.44920766 -1.13029540 55.0
0.05660271 -1.12105858 0.69262546 55.0
-0.12159187 1.18082106 -1.22088802 55.0
1.29352105 1.28484678 0.41331887 55.0
1.37066746 0.05707817 -0.03276625 55.0
-0.59988338 0.77475387 -1.22498262 55.0
1.25696766 -0.81998706 1.00315440 55.0
1.24321294 -1.37642288 -0.03533064 55.0
0.06066827 -0.18720838 -1.25409448 55.0
-0.23610133 -0.16051698 1.76895356 55.0
-1.40960670 -0.25648811 -0.71582049 55.0
0.50030792 1.42137873 1.36900377 55.0
1.32405734 0.68200535 1.29026186 55.0
1.33473039 -1.06987679 -0.66230541 55.0
-1.28012013 1.12668574 1.32352614 55.0
-0.10299030 -0.67715400 1.13445711 55.0
0.83558029 -1.32999623 0.27406806 55.0
-1.09002852 1.44148695 1.10138690 55.0
-0.42011681 -0.85132331 0.91991925 55.0
-0.38160002 1.47942245 1.14547336 55.0
0.64453292 -1.15297186 0.58096623 55.0
0.95235866 0.94004977 -1.62633538 55.0
-1.41975439 0.75582832 0.56806850 55.0
-0.07644331 -1.59405923 -0.27843210 55.0
-0.99445629 1.40260041 -0.33052227 55.0
0.99229282 -1.33368754 -1.15213501 55.0
-0.10028107 0.06073582 -1.25424433 55.0
0.64453292 -1.15297186 0.58096623 55.0
0.72823834 -1.55754042 -0.31892607 55.0
-1.33631277 -1.14505804 -1.28336382 55.0
-1.38918400 0.80052388 -0.56465781 55.0
1.34746695 1.04583704 -0.27247098 55.0
0.83645213 -1.53973746 -0.38478225 55.0
1.39632094 0.38864696 0.49430469 55.0
0.69351006 -1.50964022 -1.08807516 55.0
0.57115972 0.35301363 -1.20128667 55.0
-0.89361817 0.35225663 0.90514690 55.0
0.98061657 -1.50542915 -0.30817217 55.0
1.32856464 -1.23791969 0.15891717 55.0
-1.31856871 0.94024217 1.23101199 55.0
-0.49666756 -0.48956525 1.51898801 55.0
1.03493106 1.05032027 -1.54126382 55.0
-0.97192991 0.86703819 1.19959486 55.0
-0.54055113 1.17487037 -1.18925428 55.0
1.31945872 -0.85570782 -0.96957242 55.0
0.32030079 -1.05510044 -1.28307903 55.0
-0.10170514 -0.18738765 2.01253605 55.0
-1.38401377 0.92618597 -0.27170232 55.0
1.14844954 -1.22358823 0.69853151 55.0
1.37318230 -0.25648811 0.64736450 55.0
0.55798376 -0.94552517 -1.28277946 55.0
-0.73932344 1.30461991 -1.13696253 55.0
1.06888723 1.10583949 1.37526667 55.0
-1.25474131 0.52686155 1.38892508 55.0
0.26868457 -1.56284404 -0.63315290 55.0
0.08344180 -0.72682118 -1.24630284 55.0
-1.32355690 0.85800916 1.24130523 55.0
1.34224463 -1.19290292 -0.15651783 55.0
-0.68248558 0.87759173 0.73483473 55.0
-1.40649414 0.80052388 0.22715080 55.0
0.57355422 -0.33235741 -1.20052636 55.0
1.35415840 0.84394413 0.86123121 55.0
0.32053870 -1.12776291 -1.25932884 55.0
1.32225108 0.38937443 -1.00093913 55.0
1.37809300 -0.39384222 0.69336486 55.0
1.08636069 0.55896282 -1.19254923 55.0
0.28395376 0.56436545 -1.22852230 55.0
1.33670068 1.00965631 1.08792698 55.0
1.14338660 0.48104647 1.42225540 55.0
1.01127875 1.20778048 1.40503490 55.0
-0.78401220 -1.02236378 0.74210870 55.0
1.18141246 -0.98456442 1.00881195 55.0
-0.81291074 1.02872384 -1.23878562 55.0
1.04584050 0.27399743 1.32961953 55.0
1.31736708 1.19464624 0.56206775 55.0
-0.39622930 1.46982920 0.40367821 55.0
0.20682988 0.84147072 0.29314527 55.0
0.57078141 -0.18605858 -1.20125425 55.0
1.36812925 0.30485404 0.85104316 55.0
1.25531852 1.23315728 1.31884861 55.0
-0.73676527 1.33805978 -1.08109605 55.0
0.25249347 -0.32521144 1.82340539 55.0
-1.37026310 -0.96327865 0.74245423 55.0
1.06932378 -1.16523445 0.74253768 55.0
0.63206601 -1.19887352 0.50335431 55.0
0.62514639 -1.52784717 -0.79672205 55.0
-1.13314807 -0.33681267 1.00648201 55.0
-1.06819618 -0.83649659 -1.58023179 55.0
0.15171765 -1.56120527 -1.05093932 55.0
0.89334160 0.90359169 -1.41836500 55.0
-1.23017573 0.42634061 1.36774814 55.0
0.54173702 -1.51748574 -0.08611538 55.0
1.15188670 1.09556472 1.34849727 55.0
1.14336622 1.01037288 -1.64867079 55.0
-0.90608990 0.62253928 0.89791220 55.0
0.82594734 -0.98073959 0.77318352 55.0
-1.39049888 -1.10718310 0.24552616 55.0
0.27720368 -1.27496672 -1.20770025 55.0
1.17590117 -0.87664515 1.07728648 55.0
0.55745864 -1.01916838 -1.28310347 55.0
1.08206892 1.43305218 0.40607968 55.0
0.09085485 0.95137769 -1.22912705 55.0
-0.24953860 -0.16405644 1.95192242 55.0
1.02622306 -0.57047576 0.91492349 55.0
-1.26566696 -1.37496471 -0.80143875 55.0
-0.95773166 0.36871356 -1.18792808 55.0
0.95653808 1.44452441 0.51751798 55.0
-0.40283036 1.40223968 -0.80354702 55.0
-0.10070031 -0.10667551 -1.25421429 55.0
0.80623859 -0.48623329 1.34632480 55.0
1.38703609 -0.39384222 -0.12589931 55.0
1.25349402 -0.82725787 -1.50090325 55.0
1.36083698 -0.92720717 0.10709772 55.0
1.34093988 1.08814049 0.85566056 55.0
-0.62508023 0.44502893 -1.19999957 55.0
-1.05680835 0.85234451 -1.82332492 55.0
-1.35619903 0.92618597 -0.96638805 55.0
0.20154631 1.47607028 0.66325986 55.0
-0.62251920 -0.54968983 -1.19737709 55.0
1.19975340 -0.35462445 0.91021240 55.0
-1.38796365 0.96621531 -0.27663302 55.0
0.94062990 -0.12526603 1.06014740 55.0
-1.28519619 0.78301203 1.30658150 55.0
-0.10172743 0.40315077 -1.25358045 55.0
1.26995838 -0.99532473 0.93550581 55.0
1.37691450 0.75582063 0.02514380 55.0
-1.00993586 -1.35030067 0.39763975 55.0
0.97975129 1.35537410 -0.96358943 55.0
0.77672756 -0.87362415 -1.28872728 55.0
1.34839451 0.88572890 0.82980102 55.0
-1.40476155 -0.18312809 -0.73742497 55.0
-0.88855910 1.36155474 -0.96420330 55.0
-1.44425571 0.61889482 0.75996464 55.0
1.17371893 0.16900969 1.12313211 55.0
1.27058113 -1.23597229 -1.01640344 55.0
-1.08922219 -0.02348593 -1.18821537 55.0
-1.36790895 1.13893163 0.87446642 55.0
1.35597754 -0.71826893 0.06630956 55.0
-1.42995787 -0.25648811 0.21761815 55.0
-0.39621136 1.47087431 0.52070099 55.0
0.95686454 1.43845093 0.25708428 55.0
1.35677040 -0.89099044 0.08277102 55.0
-0.77827817 -1.06019068 0.69648886 55.0
1.17371893 0.16900969 1.12313211 55.0
1.40355539 0.49003226 -0.22124146 55.0
-0.69768512 -0.77653056 0.91044152 55.0
0.83665478 1.32008374 1.40660775 55.0
-1.41323423 0.13906081 0.38513660 55.0
1.02874839 -0.92382777 0.95147091 55.0
-0.73403132 1.36863160 -0.96658689 55.0
-1.26325679 -0.80716705 -1.43210185 55.0
0.40502122 0.44656992 -1.21806324 55.0
0.97360283 1.10365319 -1.29510844 55.0
-1.40689063 0.80054456 0.68709022 55.0
-1.29690981 -1.10359716 0.80883396 55.0
-0.40639222 1.37958479 -0.99090117 55.0
1.29491985 -1.32191765 -0.16058026 55.0
-0.70335335 -0.88213354 0.87398535 55.0
-1.23754263 1.39823329 0.29567429 55.0
1.20476449 0.39099005 -1.16341650 55.0
0.73239845 -1.53878284 -0.52283621 55.0
-0.36100575 -0.98199725 -1.28944123 55.0
0.82863915 -1.50264728 -0.79044771 55.0
0.14860269 -1.58755112 -0.24837126 55.0
-1.43964374 0.66790754 0.24231267 55.0
1.19685209 1.40294135 0.56631285 55.0
-1.17476928 1.07481182 -1.44708216 55.0
0.96614581 0.61848491 1.23103869 55.0
1.38451684 -0.18312809 0.35185134 55.0
0.83767170 -1.52437258 -0.51345783 55.0
-0.13280898 -0.98158050 -1.29295766 55.0
0.22249420 0.14501999 -1.23968983 55.0
1.24789047 -0.96442109 -1.70335174 55.0
-0.10132696 -0.40471053 -1.25259590 55.0
0.69637281 1.33805978 -1.08109605 55.0
-1.40342104 -0.99891144 0.16025151 55.0
-0.09521186 0.84334892 0.30937916 55.0
-1.36625528 -0.92720717 -0.98614275 55.0
-0.18752357 -1.57665253 -0.21173498 55.0
-1.42380857 0.34257576 0.79870802 55.0
-1.41245854 0.75582063 -0.23378034 55.0
0.53592223 -0.81261259 0.91546184 55.0
0.77961057 -1.45629191 -1.13061774 55.0
0.35581881 1.47163117 0.65790838 55.0
-1.39857161 -0.10510851 -0.75518888 55.0
-0.45844403 -1.31271970 -1.18541276 55.0
-0.26420692 0.31576359 -1.23968279 55.0
1.30561888 1.24228525 0.88632089 55.0
-1.23999655 0.36482707 -1.16389894 55.0
-1.08181477 0.35526237 1.39087808 55.0
0.32099694 1.06746972 -1.21111333 55.0
-0.79357862 0.39741480 -1.19021618 55.0
-0.94937736 -0.87182641 -1.39368498 55.0
-0.38124460 -0.15525599 1.39671791 55.0
0.76237011 0.90672070 -1.26222777 55.0
-0.87965387 -1.53395104 -0.44749242 55.0
-1.21088552 -0.00798260 0.97237372 55.0
0.72779089 -1.14711702 0.57408899 55.0
-1.37724996 0.96621531 -0.58664995 55.0
0.05802917 -1.36268294 -1.21652222 55.0
-1.12276435 1.42816949 0.26208040 55.0
0.96253127 -0.77352881 0.95081025 55.0
-1.39363849 0.05865575 0.59635943 55.0
-0.74021256 0.56582415 -1.19739985 55.0
-1.42164052 0.66842479 -0.58260953 55.0
-1.22972441 -0.10532814 -1.16924286 55.0
-1.35246849 -1.14722514 -1.00031710 55.0
1.33737504 -1.14824855 -0.44941249 55.0
1.06132936 -0.39695624 -1.18663871 55.0
1.14338660 0.48104647 1.42225540 55.0
-0.83347625 0.69415289 -1.24277043 55.0
0.56726992 0.23584127 -1.20142186 55.0
-0.29548907 -0.64043623 -1.23340344 55.0
-0.87558275 0.07917589 0.91119200 55.0
-1.21002793 -0.80923074 1.09283376 55.0
-1.45029473 0.48908249 0.78772855 55.0
-1.28671288 0.41616991 1.29431939 55.0
0.82656670 -0.83637911 0.87912095 55.0
-1.39579773 -0.96327865 -0.32336414 55.0
-1.26325679 -0.80716705 -1.43210185 55.0
1.38457477 -0.46303698 0.42212954 55.0
0.75588626 -0.73339474 0.91889745 55.0
0.39674169 -0.33330107 -1.21871841 55.0
1.09473670 -0.93558967 1.00625944 55.0
-0.54034406 1.47268105 1.06129456 55.0
0.51418293 1.42327952 -0.33521897 55.0
-1.44277453 0.55509800 -0.21844657 55.0
0.06066827 -0.18720838 -1.25409448 55.0
-1.41744769 -0.46303698 -0.33326989 55.0
-1.21681452 0.65617806 -1.46062171 55.0
-0.84195560 1.45840681 1.05733764 55.0
-0.55819565 1.41181493 -0.55835897 55.0
0.90460294 0.05872348 -1.18821537 55.0
0.73381114 -1.54875827 -0.45729044 55.0
-0.78977984 -0.40025422 -1.18927276 55.0
0.63537282 -1.50514174 -0.06854441 55.0
-0.13244157 1.03262210 -1.21625519 55.0
1.33297217 0.92618597 -0.58475012 55.0
-0.84449351 -0.66599470 0.96808100 55.0
-1.24262333 1.08439827 1.32229042 55.0
0.63632327 0.69567013 0.25678578 55.0
-0.67555708 -1.55453610 -0.16557446 55.0
0.76228023 -1.41774178 0.11467154 55.0
-0.71637881 0.83205914 0.53220952 55.0
-0.43278989 -1.57135677 -0.52997452 55.0
0.21625347 -1.00122726 0.82651311 55.0
-1.30504024 1.34365499 0.64122915 55.0
0.68001729 -1.50114489 -0.03270199 55.0
1.25457132 1.00708103 -1.55280745 55.0
1.14440012 1.30273259 1.38191092 55.0
-1.10706043 0.39299244 -1.18758047 55.0
1.18463612 0.14009562 -1.16702151 55.0
1.35682666 -0.99891144 0.53322387 55.0
1.23494232 -0.23031604 0.85754049 55.0
-1.01830840 -0.78315985 -1.25080073 55.0
1.38886523 0.71094829 0.01790890 55.0
-1.38263702 -1.19290292 -0.15651783 55.0
0.22381438 0.31576359 -1.23968279 55.0
1.03828955 -0.80267280 -1.38573289 55.0
1.35477781 1.04583704 0.31795406 55.0
1.06153083 -0.25832102 -1.18781328 55.0
-1.31041586 -0.00656021 0.82009417 55.0
-1.10927963 1.10583949 1.37526667 55.0
-1.21122217 0.07801990 1.03878760 55.0
0.83231479 -1.50408912 -0.69996274 55.0
-1.42935801 -0.32605231 -0.14377210 55.0
1.33406830 -0.17927931 0.71254617 55.0
0.07031779 0.50870842 0.27077547 55.0
-1.17652965 -1.43330669 -0.53373456 55.0
-0.42164344 -1.35609484 -1.18274093 55.0
-1.39436424 -0.71826893 -0.13058780 55.0
-1.40468514 0.80052388 0.02121284 55.0
-1.00457418 0.55201840 1.23873651 55.0
0.23465295 0.79527771 0.22488587 55.0
-0.24722241 0.84147072 0.29314527 55.0
0.57136303 -1.34373450 0.24197884 55.0
-0.08991269 1.47376502 1.33826089 55.0
1.06932378 -1.16523445 0.74253768 55.0
1.06586027 0.68467343 -1.55379748 55.0
-1.11823773 1.43637836 0.86756462 55.0
1.04738712 0.05816964 -1.18821537 55.0
0.83869243 -1.50390482 0.06586536 55.0
-0.61155224 0.35301363 -1.20128667 55.0
1.33184183 0.56782925 1.29494750 55.0
1.34093988 1.08814049 0.85566056 55.0
1.34432352 0.75582063 -0.96033788 55.0
0.35092014 1.09574664 1.51374984 55.0
-0.86270690 -1.51174867 -1.00803280 55.0
1.38341618 0.34257576 0.79870802 55.0
-1.22180498 -0.98456442 1.00881195 55.0
0.08030317 0.56364506 -1.24050808 55.0
-0.11071031 0.50870842 0.27077547 55.0
-1.34572709 -0.10516565 -1.04186559 55.0
1.40982282 0.55460995 0.62130731 55.0
0.03649634 -1.59865820 -0.38202116 55.0
-0.30554327 -1.55773735 -0.92308450 55.0
-1.05265367 0.64499873 -1.30387568 55.0
-0.80701375 0.55912250 0.50322831 55.0
-0.68436491 -1.42333114 0.08087507 55.0
0.99229282 -1.33368754 -1.15213501 55.0
-1.40478647 -0.62708139 0.52459371 55.0
1.38394403 0.55736876 1.16688561 55.0
1.37098324 0.05707817 0.33126357 55.0
-1.06724083 -0.86436027 -1.65888524 55.0
1.25476551 1.32250738 -0.62199664 55.0
1.32898521 0.88924485 1.08726835 55.0
1.34380925 -0.99891144 -0.63473898 55.0
-1.38796365 0.96621531 -0.27663302 55.0
0.73795509 -1.54166031 -0.08906517 55.0
-1.25751007 0.61678362 -1.23663056 55.0
-1.39880657 1.00614893 0.28801066 55.0
1.26447034 1.34394002 0.81999391 55.0
0.35652852 1.13648129 1.47277546 55.0
1.20079148 0.74969345 1.34603250 55.0
-0.98973989 -0.17633727 1.07732975 55.0
-1.07593405 -1.21591806 -1.22853935 55.0
1.29491985 -1.32191765 -0.16058026 55.0
-0.67382699 -1.56676877 -0.40668932 55.0
1.31755066 -0.32638884 -1.01934147 55.0
0.58443308 -1.54842114 -0.15482271 55.0
0.09319751 -0.82281816 -1.25653768 55.0
-1.05688393 -0.66822451 0.93645632 55.0
-1.41604388 -0.53856045 0.53955650 55.0
-0.98026389 -1.14303637 0.62370074 55.0
0.52005416 1.28476059 1.42532456 55.0
0.55403888 0.82066590 -1.22860014 55.0
1.35789800 1.00614893 0.56467354 55.0
0.23309992 -0.02283082 0.39891684 55.0
-1.30730057 -1.18182874 -1.24566555 55.0
0.84020996 1.38382995 -0.78159916 55.0
-1.19690216 1.10789967 -1.22512555 55.0
-0.09862013 1.28412330 -1.21477473 55.0
1.20168710 1.13786566 1.35292947 55.0
1.32306659 -1.23769307 -0.51489687 55.0
-0.86483449 -0.80090165 0.89007330 55.0
1.38271034 0.36277059 -0.25354299 55.0
-1.23498261 -0.46499780 -1.16274798 55.0
-1.28785145 -1.28031850 -1.01996493 55.0
0.37568817 -1.07337129 0.72688919 55.0
-0.30643341 -1.58511734 -0.23807210 55.0
1.39618206 0.38816759 0.68190813 55.0
0.77174926 -0.78734356 -1.21655738 55.0
-1.20584083 0.88261068 1.31015730 55.0
-1.36041117 0.96621531 -0.96101004 55.0
-1.20033991 -1.17856658 0.77211207 55.0
1.09265757 -0.89951921 1.03096342 55.0
-0.39635375 1.45324683 0.06442592 55.0
-1.07204592 -0.81660271 -1.49401236 55.0
-0.97930813 -1.28254080 0.45249119 55.0
-1.39235127 0.96621740 0.80580974 55.0
1.29021239 -0.24226627 0.80437851 55.0
-1.23242915 -0.59945393 0.94592744 55.0
-0.36271811 -1.21183562 -1.21684337 55.0
-1.04626143 0.66286683 -1.39134026 55.0
-1.39660263 0.84391719 0.36244974 55.0
-1.42925775 0.71094829 0.01790890 55.0
0.48930845 1.46107090 1.30080295 55.0
1.36926460 -0.53856045 0.68609500 55.0
-1.42164052 0.66842479 -0.58260953 55.0
-1.42742860 -0.39384222 -0.12589931 55.0
1.30267644 -0.37958002 0.84990340 55.0
-0.81808674 1.09321761 -1.22317159 55.0
0.26515076 -1.55773735 -0.92308450 55.0
1.18203378 -0.94893175 1.03665626 55.0
1.14838493 0.71772897 1.39094949 55.0
1.24321294 -1.37642288 -0.03533064 55.0
0.15016173 -1.56521273 -0.64529169 55.0
1.13987720 -1.43596804 -0.42845368 55.0
1.27417541 -0.79596800 -1.25675058 55.0
1.21534991 0.91285193 1.28267729 55.0
0.96198517 -1.15164542 -1.48239231 55.0
1.40452898 0.43348786 0.28353021 55.0
0.80953556 -1.26719475 0.34481451 55.0
-0.10144019 -0.33473685 -1.25334036 55.0
-0.27033725 -0.55227137 -1.23555827 55.0
0.49555945 0.56535935 -1.21198905 55.0
-0.57608885 -1.03176105 0.75978458 55.0
-0.99379295 0.85662144 -1.66289258 55.0
-1.07755697 1.09828508 -1.33238721 55.0
-0.40787131 1.34877777 -1.10767496 55.0
0.05694523 -1.07853520 0.75047594 55.0
-0.18790418 -1.58396471 -0.23385672 55.0
-0.12159187 1.18082106 -1.22088802 55.0
-0.78774607 0.35124844 -1.19074106 55.0
-0.79960114 0.45567209 0.51109570 55.0
0.57565337 0.39938015 -1.20075798 55.0
-1.37633038 1.08808589 -0.26973078 55.0
-1.39356112 -0.92720717 -0.33370900 55.0
-0.57938904 -0.99528754 0.79751021 55.0
-1.10706043 0.39299244 -1.18758047 55.0
0.67482078 1.45922363 0.51570117 55.0
-0.13645537 0.64655030 -1.22775137 55.0
1.26289248 -1.32191765 0.24876915 55.0
-0.71521324 1.45922363 0.51570117 55.0
0.05307351 1.47852731 0.52672559 55.0
1.30227280 -0.89099044 -1.35306811 55.0
-1.39138913 0.05707817 -0.74403483 55.0
-1.31190193 1.29857886 1.21254694 55.0
0.78612095 0.72991151 -1.24791658 55.0
-0.42238924 -0.92555892 0.87380838 55.0
-0.56631839 -0.11428113 0.87894785 55.0
-0.77834761 -1.54166031 -0.08906517 55.0
-1.00081408 1.40072179 1.35642529 55.0
-1.25751007 0.61678362 -1.23663056 55.0
1.37726808 -0.32605231 0.67536569 55.0
1.03206527 1.06606746 1.37389898 55.0
0.96016079 -1.04794693 -1.64598644 55.0
-1.11388731 -0.22598876 1.01934707 55.0
0.57314354 0.37272909 -1.20110869 55.0
0.62004817 -0.57864028 1.28552842 55.0
0.51189631 1.37436128 1.40438211 55.0
-1.24118388 0.74969345 1.34603250 55.0
0.27074602 -1.59441340 -0.36729509 55.0
-1.38371563 1.08814049 0.36399290 55.0
-1.39527416 0.96621615 0.41432604 55.0
-1.18563735 1.42047322 1.20571184 55.0
-1.40639102 0.39417234 1.09189045 55.0
-1.17565978 -0.80088431 -1.39899349 55.0
-0.55228889 1.37436128 1.40438211 55.0
-1.31010258 0.58093858 1.35737419 55.0
0.46601361 -1.34926784 0.23318867 55.0
-1.21088552 -0.00798260 0.97237372 55.0
1.38240314 -0.18312809 -0.21048619 55.0
0.38980967 -1.54993403 -0.71733737 55.0
0.76662135 0.55912250 0.50322831 55.0
-0.51029533 -1.56461596 -0.17992452 55.0
1.01197457 -1.29428065 0.51139396 55.0
-1.25184715 0.65750611 1.39463675 55.0
-1.28839135 -0.92830390 -1.67829835 55.0
-0.51891464 -1.57135165 -0.20233633 55.0
-1.37330115 0.88570577 -0.57985449 55.0
-1.40960670 -0.25648811 -0.71582049 55.0
0.63537282 -1.50514174 -0.06854441 55.0
1.28667581 1.24201250 -0.63733912 55.0
0.66085458 -0.84522659 0.89287519 55.0
1.16427696 -1.13402700 0.83767921 55.0
0.96016079 -1.04794693 -1.64598644 55.0
-1.29309428 1.31086767 1.27261579 55.0
-1.34374881 0.22940560 -1.01162565 55.0
1.32881427 0.92970896 1.07946479 55.0
-1.35951746 -0.85577744 0.75777084 55.0
0.44662553 -0.64017165 -1.21340406 55.0
1.04168487 0.41664013 1.41748643 55.0
0.64370012 -1.33698368 0.25409639 55.0
0.39306462 -1.58980751 -0.29719305 55.0
0.96409476 -1.24029064 0.53468657 55.0
0.93306196 -0.63505417 -1.18214893 55.0
1.19875240 -0.39546651 -1.16406131 55.0
1.27459431 -0.08937842 0.79689318 55.0
1.17225230 -1.05553186 0.93800515 55.0
1.36370623 -0.99891144 0.43255293 55.0
0.63296616 -1.56071424 -0.45729044 55.0
0.95924485 -0.57056296 0.95169067 55.0
0.81822592 -1.42276931 0.17366512 55.0
-0.09411968 1.29597282 1.46727681 55.0
0.64725685 1.08696270 1.46865237 55.0
1.13677883 -0.89503330 -1.74474013 55.0
-0.10134207 -0.26293164 -1.25382400 55.0
1.15486050 0.53769773 1.42149639 55.0
0.86605817 1.26059294 -1.15046358 55.0
-1.43512201 0.38800374 0.83559334 55.0
-0.67499352 0.92178047 1.05662644 55.0
0.20544964 1.40647590 -0.81799406 55.0
0.93757141 1.15950358 -1.16883099 55.0
0.76442248 -1.22815263 0.41490793 55.0
0.33758339 1.46613610 1.31370544 55.0
-1.31041801 0.07434075 0.85494035 55.0
-0.61155224 0.35301363 -1.20128667 55.0
1.40950549 0.55480593 0.27796581 55.0
-1.28480244 -1.10699618 -1.56502819 55.0
-1.03268528 -1.33368754 -1.15213501 55.0
-1.17269409 1.34333014 1.37669146 55.0
1.19706416 1.38951242 0.09939792 55.0
1.39033258 0.36259422 0.48608413 55.0
1.23543310 -1.37475348 -0.58241302 55.0
-1.31041801 0.07434075 0.85494035 55.0
0.62627947 0.74597865 0.25057662 55.0
0.48411322 -1.27150440 -1.18872523 55.0
1.09019768 1.35041380 -0.94929582 55.0
-0.98497981 0.64807993 -1.25400972 55.0
0.91420460 0.34918201 -1.18810439 55.0
0.93891567 -1.28254080 0.45249119 55.0
-1.10927963 1.10583949 1.37526667 55.0
1.12031925 0.05721764 1.07854033 55.0
-0.69768512 -0.77653056 0.91044152 55.0
1.05577469 -1.21026063 0.66761649 55.0
-0.81461072 -1.12730670 -1.28128946 55.0
-1.43152833 0.71095163 0.57767540 55.0
-1.39498758 -0.89099044 -0.12160620 55.0
1.33593798 1.08808589 -0.26973078 55.0
-1.36199725 -0.01729853 0.70191377 55.0
1.35092437 -0.82357246 0.40573823 55.0
-1.18884194 -1.22358823 0.69853151 55.0
-1.21411133 0.16900969 1.12313211 55.0
-0.78977984 -0.40025422 -1.18927276 55.0
0.31616023 0.86594027 -1.23456609 55.0
-1.09336829 -0.10552963 -1.18818676 55.0
-0.55569518 1.46475172 0.40194947 55.0
-0.87070668 -1.26235366 -1.16402876 55.0
-1.11188745 -0.67886740 0.97626275 55.0
-0.39621136 1.47087431 0.52070099 55.0
0.57123029 -0.18953416 1.90281236 55.0
-0.95256156 -1.20460856 -1.24877906 55.0
1.38271034 0.36277059 -0.25354299 55.0
0.90567768 -0.90746409 0.84378934 55.0
1.32978952 1.13893163 0.54576313 55.0
0.25256157 0.40979204 0.25682995 55.0
-0.75314981 -1.34614050 -1.15470624 55.0
-0.86932075 1.36063969 1.39319396 55.0
-1.40590060 -0.02382295 -0.46580705 55.0
-0.73676527 1.33805978 -1.08109605 55.0
-1.40504277 0.80055147 0.89918381 55.0
1.39069092 0.71094829 0.23467949 55.0
1.38397384 0.71096885 -0.24359760 55.0
-0.56044668 1.28476059 1.42532456 55.0
-0.71637881 0.83205914 0.53220952 55.0
-1.17470729 1.09215295 -1.34560084 55.0
0.04897785 0.88946325 0.60158545 55.0
-1.15761364 0.38689908 1.41343832 55.0
1.02171707 -1.07929599 -1.72539949 55.0
0.97129798 1.05512381 -1.45341039 55.0
0.39645329 0.37414780 -1.21930814 55.0
1.38124800 0.66842479 -0.58260953 55.0
-0.43118569 0.06018937 -1.21960175 55.0
-0.07682404 -1.59583974 -0.44003564 55.0
-1.16971743 -0.81330413 -1.50141776 55.0
-0.62846392 -1.51223242 -0.08446302 55.0
1.41111791 0.48941520 0.63801622 55.0
1.28857625 -1.32191765 -0.40788421 55.0
-1.38129652 1.08814049 -0.03321045 55.0
0.96554255 -0.20320673 1.11732507 55.0
1.31869316 -1.06987679 -0.99649763 55.0
1.38992548 0.55626637 -0.59845304 55.0
-1.36994040 1.09164500 1.09894097 55.0
0.61793935 0.15817027 0.18232305 55.0
1.35175908 -0.71826893 0.52434111 55.0
1.30561888 1.24228525 0.88632089 55.0
1.10197878 0.93549067 1.32973516 55.0
1.34034216 1.00614893 -0.58552784 55.0
0.36243784 1.40223968 -0.80354702 55.0
1.18046474 -0.15850328 0.90380651 55.0
-1.35985112 -0.85570782 -0.96957242 55.0
-0.76485378 -1.51610970 -0.79698730 55.0
-1.06344175 -0.97170365 -1.81651080 55.0
-0.67335868 -1.56071424 -0.45729044 55.0
1.33616006 1.04934287 1.09496975 55.0
-0.09153716 -0.16050977 1.78873539 55.0
1.35087895 0.88571513 0.45744729 55.0
1.06132936 -0.39695624 -1.18663871 55.0
-1.39517021 1.04583704 0.31795406 55.0
-1.37336457 0.92618597 -0.58475012 55.0
0.67737848 1.17047620 1.42749596 55.0
0.15098184 -1.58791173 -0.48283470 55.0
-0.87019736 1.16389465 1.41790879 55.0
-1.37876475 0.84391427 -0.57175124 55.0
0.21642797 -0.89096814 0.91668367 55.0
-0.89361817 0.35225663 0.90514690 55.0
-0.86263722 -1.54238379 -0.27109680 55.0
-1.26766634 -0.15840161 0.85513449 55.0
-1.39132178 0.92619032 0.42955530 55.0
-1.41608536 0.67143345 1.16473114 55.0
1.26446152 1.33701503 0.15422224 55.0
-0.94032729 -0.79968202 0.89975345 55.0
1.35481811 0.96621549 0.28449926 55.0
-0.36100575 -0.98199725 -1.28944123 55.0
0.08030317 0.56364506 -1.24050808 55.0
-0.59056544 0.86522949 -1.22956395 55.0
-1.28834176 -0.43547469 0.89248103 55.0
-1.31550574 1.28108287 -0.63746500 55.0
1.10672414 0.89371824 1.32559323 55.0
-1.41291296 0.13912709 0.02443864 55.0
-1.36521530 1.08786774 -0.58762568 55.0
-1.34502220 1.24228525 -0.03290436 55.0
-1.07593405 -1.21591806 -1.22853935 55.0
1.25429642 -1.14478219 0.75061446 55.0
-1.26109838 0.99330705 1.28865266 55.0
-1.08903909 0.44394806 1.41388178 55.0
1.38411534 0.49216673 1.14624655 55.0
-0.10104983 -0.47613427 -1.25155675 55.0
1.01641595 0.85234451 -1.82332492 55.0
0.34085205 -0.15525599 1.39671791 55.0
-1.28839135 -0.92830390 -1.67829835 55.0
-1.28272128 -0.29882109 0.87064821 55.0
1.36921418 -0.25648811 -0.71582049 55.0
-0.39621136 1.47163117 0.65790838 55.0
1.38689625 -0.39384222 0.57463753 55.0
-0.09346602 1.47928798 0.66713923 55.0
1.00036979 -1.15348136 0.68685955 55.0
0.05372717 1.29597282 1.46727681 55.0
-1.41773665 -0.53856045 0.40451035 55.0
0.60562706 -0.24368216 1.85538638 55.0
0.38197929 -0.96215552 0.84396803 55.0
-1.41773665 -0.53856045 0.24874552 55.0
1.31127834 -0.18328385 -1.03551948 55.0
-1.41604388 -0.53856045 0.53955650 55.0
-1.33397818 0.92618597 -1.36831117 55.0
0.05310126 1.46081090 0.05978822 55.0
1.30462980 1.24228525 -0.03290436 55.0
-1.44541752 0.43335676 0.48727763 55.0
1.31945872 -0.85570782 -0.96957242 55.0
0.62983692 -1.53836727 -0.61418253 55.0
-0.07755157 -1.53860021 -0.13074681 55.0
-0.93999141 -0.26495457 1.40403008 55.0
1.17835832 1.40955889 1.07746053 55.0
0.05292379 1.43565583 -0.35680449 55.0
-1.39639199 1.00614893 -0.04612185 55.0
1.19051337 0.79455280 1.32849085 55.0
-0.80418324 0.94815671 -1.25518143 55.0
1.38984013 0.36277059 0.26334658 55.0
-0.39633703 1.46469426 0.25695866 55.0
-0.66044074 -0.57864028 1.28552842 55.0
-1.22397566 -0.49924210 0.90778530 55.0
-0.10138400 0.37627584 -1.25394392 55.0
1.12551498 1.24858809 -1.12783444 55.0
0.51532924 -1.56293452 -0.52426398 55.0
0.76228023 -1.41774178 0.11467154 55.0
1.19960403 0.36482707 -1.16389894 55.0
0.66193312 -0.99123132 0.78674519 55.0
1.21711755 0.61678362 -1.23663056 55.0
0.07076797 -0.64062810 -1.24790180 55.0
-1.16278541 1.14823484 1.38105214 55.0
-0.68787497 -0.48809975 1.47488558 55.0
-0.42238924 -0.92555892 0.87380838 55.0
1.30021155 -0.02377721 -1.04403877 55.0
-1.43996727 0.66790819 0.58857441 55.0
-0.08295533 -1.45030880 0.05687125 55.0
1.18465889 -0.02364705 -1.16954923 55.0
0.05534556 1.35581541 -1.13970208 55.0
1.24789047 -0.96442109 -1.70335174 55.0
0.09276075 0.77552420 -1.23145604 55.0
0.95380712 0.77682656 1.19240022 55.0
0.23037040 -0.67582935 1.12311113 55.0
-0.61353606 0.37272909 -1.20110869 55.0
1.36812925 0.30485404 0.85104316 55.0
-1.33391345 1.28484678 0.41331887 55.0
-0.18934697 -1.55451035 -0.83423704 55.0
1.32507527 0.14418226 0.77160013 55.0
-0.24193881 1.47531080 0.52419364 55.0
-0.93823361 -1.33958888 0.33809531 55.0
-0.94253415 -0.83498466 0.88877392 55.0
0.77251828 1.02872384 -1.23878562 55.0
-1.31856871 0.94024217 1.23101199 55.0
1.29929399 1.24223077 -0.28706285 55.0
0.32030079 -1.05510044 -1.28307903 55.0
-1.03259242 1.35257328 1.38955009 55.0
-1.36968970 -0.99891144 0.72513449 55.0
-1.38871658 0.88570577 -0.02111380 55.0
1.38124800 0.66842479 -0.58260953 55.0
0.64968348 -1.10756457 0.64815539 55.0
-1.42550743 0.34350979 0.23051040 55.0
1.30873501 0.80052388 -1.37886631 55.0
-1.35748732 0.72504479 1.27425706 55.0
0.80953556 -1.26719475 0.34481451 55.0
1.28316438 0.85800916 1.24130523 55.0
-1.39643979 0.84393674 0.64050132 55.0
0.86645627 0.68840283 0.89032608 55.0
1.39632094 0.38864696 0.49430469 55.0
-0.31759623 -1.27496672 -1.20770025 55.0
-0.43860826 0.40088806 -1.21895301 55.0
0.63516456 -1.55453610 -0.16557446 55.0
-1.32652569 1.28206897 -0.29405242 55.0
-0.98001170 0.66626644 -1.29914248 55.0
1.08060765 1.40466845 -0.12933022 55.0
-1.30730057 -1.18182874 -1.24566555 55.0
-1.14711654 0.89371824 1.32559323 55.0
1.08435833 -1.04219162 0.90794235 55.0
-0.67382699 -1.56676877 -0.40668932 55.0
-0.80291367 0.50137448 0.50715518 55.0
-0.24193881 1.47607028 0.66325986 55.0
0.90629315 0.99354380 1.37058794 55.0
-0.78977984 -0.40025422 -1.18927276 55.0
-0.95126504 0.31002074 -1.18821311 55.0
0.67482078 1.45997477 0.65024787 55.0
-0.36203721 1.09688938 -1.20931113 55.0
-1.29496372 1.00708103 -1.55280745 55.0
-0.27863848 -1.31641245 -1.20503294 55.0
-1.08711374 0.02301923 1.09864056 55.0
0.22344002 -0.10655249 -1.23965538 55.0
0.22307682 0.23763391 -1.23970878 55.0
1.02277529 0.94541079 1.32744193 55.0
1.28275979 1.25628579 1.22675669 55.0
-1.41766047 -0.32605231 0.67536569 55.0
-0.83362794 0.50021255 -1.18843246 55.0
-1.35794306 -0.32638884 -1.01934147 55.0
0.26604086 -1.58511734 -0.23807210 55.0
0.33445719 0.97216970 1.37708175 55.0
-0.59988338 0.77475387 -1.22498262 55.0
1.22532642 0.32871613 1.21348238 55.0
-1.34424198 -0.44875568 0.86664045 55.0
-0.96335703 -1.18808949 0.54702073 55.0
-0.82039702 0.95885223 1.29567659 55.0
0.90318727 0.81677502 -1.41429996 55.0
0.54173702 -1.51748574 -0.08611538 55.0
-0.29548907 -0.64043623 -1.23340344 55.0
-0.60547560 0.05981896 -1.20139873 55.0
0.74361980 -1.02236378 0.74210870 55.0
1.39957452 0.66790819 0.58857441 55.0
-1.42238998 -0.25648811 -0.39608651 55.0
-1.35281897 -1.23678601 -0.75440252 55.0
0.74456996 -0.77269065 0.90296656 55.0
-0.53089130 1.01014054 1.50415134 55.0
1.14451635 -1.44265151 -0.25061977 55.0
-1.31041801 0.07434075 0.85494035 55.0
1.31628692 -1.27968454 -0.24777372 55.0
-0.55228889 1.37436128 1.40438211 55.0
-0.66541433 -1.53840673 -0.11595998 55.0
-0.55364710 1.46813488 0.81148601 55.0
-0.65603298 -1.24146211 0.42643479 55.0
0.67482078 1.45922363 0.51570117 55.0
-0.86629695 1.45232499 0.65182072 55.0
0.05298134 1.44747472 -0.15008382 55.0
-1.19755280 -1.24199486 -1.14974499 55.0
0.39645329 0.37414780 -1.21930814 55.0
0.52495730 0.83590925 0.30915317 55.0
-0.70471311 1.46385372 0.94925129 55.0
1.14972675 -0.41305077 0.92968732 55.0
0.05102526 1.43373907 1.40892291 55.0
-1.28720140 1.28078341 1.31896782 55.0
1.26379263 -0.88740408 0.98989493 55.0
-1.00188386 0.73348427 1.20696068 55.0
1.28549814 0.71320486 -1.56953549 55.0
1.29341912 1.28531241 0.69444346 55.0
-1.23257649 1.40549660 0.93680811 55.0
-1.33320391 1.28536940 0.87652475 55.0
0.20154631 1.47607028 0.66325986 55.0
-1.06451893 -0.85154414 0.99530554 55.0
0.15137739 -1.59687424 -0.37583229 55.0
-1.44529867 0.61894792 0.60549104 55.0
1.34093988 1.08814049 0.85566056 55.0
0.68707299 -1.54058313 -0.09075718 55.0
1.21568978 1.31883776 -0.91917777 55.0
-0.61117393 -0.18605858 -1.20125425 55.0
-0.07648716 -1.56692994 -0.65409154 55.0
-1.24118388 0.74969345 1.34603250 55.0
-0.70232564 -0.99123132 0.78674519 55.0
-0.31080595 -1.59160900 -0.42398497 55.0
-0.23122540 1.48404872 1.23600399 55.0
-0.55236304 -1.54160428 -0.71027732 55.0
1.22537267 -1.27610290 0.54460245 55.0
0.38345915 -1.58144653 -0.22756374 55.0
-1.16130602 0.40883440 1.42311883 55.0
0.36599967 1.37958479 -0.99090117 55.0
1.27817631 0.94024217 1.23101199 55.0
1.04738712 0.05816964 -1.18821537 55.0
1.37092257 -0.32605231 -0.69396657 55.0
-0.77420354 -1.54875827 -0.45729044 55.0
-1.06275237 -1.00766873 -1.81505513 55.0
-0.08295533 -1.45030880 0.05687125 55.0
-0.67555708 -1.55453610 -0.16557446 55.0
-1.44806695 0.55480593 0.05824135 55.0
-1.35775959 1.19464624 0.56206775 55.0
-0.22674489 0.93214709 1.04327416 55.0
0.05307351 1.47928798 0.66713923 55.0
1.12932503 -0.81330413 -1.50141776 55.0
0.87452072 -1.13776052 0.57776546 55.0
-0.95522183 -0.54528874 -1.18422997 55.0
-1.12468040 1.38225114 -0.56334919 55.0
-1.17714345 -0.58771819 0.93210596 55.0
0.22468764 0.35554227 -1.23957014 55.0
0.62514639 -1.52784717 -0.79672205 55.0
-0.60382700 -0.80973291 -1.24216688 55.0
1.27218926 1.22167563 1.28474748 55.0
1.39907801 0.43309787 0.96628296 55.0
-0.33384496 -0.72765267 -1.23274696 55.0
1.13017774 -0.16982536 0.95158166 55.0
-0.13124737 0.95137769 -1.22912705 55.0
-1.00237763 -1.15164542 -1.48239231 55.0
-0.56509554 1.39738786 -0.79045260 55.0
1.07784534 1.43637836 0.86756462 55.0
1.36434627 -0.96327865 0.43644542 55.0
-0.79220599 -0.91429305 0.84029746 55.0
-0.09349377 1.46081090 0.05978822 55.0
1.35947144 0.80052388 -0.23318554 55.0
-0.36131567 -1.16033840 -1.24313176 55.0
0.86255467 -1.33965886 -1.15213501 55.0
0.55245280 0.99083751 -1.21633685 55.0
-1.34374881 0.22940560 -1.01162565 55.0
1.34443927 -0.78479278 0.52990645 55.0
1.29113746 1.28298485 -0.04128315 55.0
0.25514820 0.56569672 0.24666049 55.0
-0.10104983 -0.47613427 -1.25155675 55.0
-1.06078970 1.44525945 1.21257448 55.0
1.30646694 1.24228525 0.20227461 55.0
0.90573871 -1.12441361 -1.38657081 55.0
0.96554255 -0.20320673 1.11732507 55.0
-1.19755280 -1.24199486 -1.14974499 55.0
0.48411322 -1.27150440 -1.18872523 55.0
1.27193904 -1.32171988 -0.78535819 55.0
-0.38124460 -0.15525599 1.39671791 55.0
1.30335629 0.22940560 -1.01162565 55.0
0.06065732 -0.47613427 -1.25155675 55.0
1.30424035 -0.53958833 -1.00698292 55.0
-1.37185180 0.80052388 -0.96293527 55.0
0.08119936 1.18082106 -1.22088802 55.0
-0.85861838 -1.42276931 0.17366512 55.0
1.14338660 0.48104647 1.42225540 55.0
1.35482609 -0.92720717 0.53529894 55.0
1.11722124 0.38689908 1.41343832 55.0
-1.32355690 0.85800916 1.24130523 55.0
-1.28537643 -1.37520945 -0.33195233 55.0
0.87507606 -1.27216351 0.38736421 55.0
0.55936164 -0.87338078 -1.26446104 55.0
-1.20740938 1.00481427 1.31610882 55.0
0.94723576 0.26736534 1.21098697 55.0
0.55721110 -1.09205270 -1.26989019 55.0
0.36561739 -0.11828719 0.88940585 55.0
1.37114406 0.05707817 0.15904237 55.0
1.33290863 0.88570577 -0.57985449 55.0
-0.11026873 0.43551803 0.27959043 55.0
-0.58758181 1.13700163 -1.19610083 55.0
1.34362137 0.92618597 -0.27170232 55.0
-1.12675321 0.55896282 -1.19254923 55.0
-1.39743328 -0.53902030 -0.66890401 55.0
1.34552681 0.80407220 1.12798131 55.0
1.37936187 0.75582832 0.56806850 55.0
0.54173702 -1.51748574 -0.08611538 55.0
0.80185217 0.64939159 -1.22330749 55.0
-0.81590360 -0.90845573 -1.30272567 55.0
-1.41881406 -0.10510851 0.13949069 55.0
-1.40509725 -0.62708139 -0.12302610 55.0
0.07181860 0.70193118 0.25881398 55.0
-0.13075620 1.14191759 -1.21869516 55.0
-0.73403132 1.36863160 -0.96658689 55.0
-1.24014580 -0.35462445 0.91021240 55.0
-0.09856361 -0.96675909 0.87029070 55.0
0.65880668 -0.80934501 0.90384752 55.0
1.17049301 -0.00798260 0.97237372 55.0
1.37318230 -0.25648811 0.64736450 55.0
0.22648102 -0.18706603 1.99520957 55.0
-1.18877745 0.71772897 1.39094949 55.0
0.91482937 -0.54528874 -1.18422997 55.0
1.35604739 0.84393674 0.64050132 55.0
-0.09115773 -1.30028784 0.37142333 55.0
1.13184249 -0.69061458 1.01131010 55.0
1.32507527 0.14418226 0.77160013 55.0
-0.21012941 -1.44784927 0.05720723 55.0
-1.27600932 0.88690174 -1.70494723 55.0
0.27074602 -1.59441340 -0.36729509 55.0
0.66432059 1.46385372 0.94925129 55.0
1.38992548 0.55626637 -0.59845304 55.0
0.57451087 -1.56423640 -0.20130710 55.0
0.82270879 1.45389712 0.81083924 55.0
-1.06275237 -1.00766873 -1.81505513 55.0
0.77769428 1.09321761 -1.22317159 55.0
-1.40649414 0.80052388 0.22715080 55.0
0.52528983 -1.15772951 0.59023851 55.0
-1.30148983 -1.06629062 0.85949153 55.0
0.06094955 -0.26293164 -1.25382400 55.0
1.01867545 -0.33470348 1.13597393 55.0
-1.05680835 0.85234451 -1.82332492 55.0
-1.41773665 -0.53856045 0.40451035 55.0
-0.81652260 1.06421399 -1.23170495 55.0
-1.18320417 -1.43965411 -0.32693705 55.0
0.63206601 -1.19887352 0.50335431 55.0
1.35540533 -0.96327865 -0.32336414 55.0
-1.35667932 -1.27968454 -0.24777372 55.0
-1.37010992 1.13893163 0.39716995 55.0
-1.34060395 -0.02377721 -1.04403877 55.0
1.01262164 0.89452583 -1.81450856 55.0
-1.07532346 1.05032027 -1.54126382 55.0
-0.48397574 0.32723805 0.17878842 55.0
-1.30294561 1.33201718 -0.07188839 55.0
0.62325460 0.40709457 0.26732659 55.0
0.36089835 1.17990315 1.45444345 55.0
-1.42315769 -0.46303698 0.56321281 55.0
0.67394328 -1.27797353 0.35004386 55.0
-1.39131677 -0.82357246 0.40573823 55.0
-1.44908702 0.55439717 0.77261549 55.0
1.33970439 0.30905813 0.97722161 55.0
0.34592003 -0.16052701 1.74166572 55.0
0.51527709 1.46654797 0.65305817 55.0
-0.31453952 -1.53382516 -0.11546480 55.0
-1.39402330 -0.85577744 0.27060181 55.0
1.40277541 0.61899704 0.04380476 55.0
0.04897785 0.88946325 0.60158545 55.0
-1.14237130 0.93549067 1.32973516 55.0
1.34900105 0.84391427 -0.24660110 55.0
-0.84932131 -1.09576285 0.63484496 55.0
-0.07755157 -1.53860021 -0.13074681 55.0
0.94723576 0.26736534 1.21098697 55.0
0.63329530 -1.53479016 -1.00624931 55.0
-1.38605678 -0.85577744 -0.32974228 55.0
0.48065761 -1.52451277 -0.09523743 55.0
0.32157901 -0.87248707 -1.26700318 55.0
1.11691904 1.42570567 1.24858975 55.0
1.01641595 0.85234451 -1.82332492 55.0
1.26379263 -0.88740408 0.98989493 55.0
0.55824953 -1.16039395 -1.24187243 55.0
0.64111483 1.45452142 1.29332745 55.0
0.09553911 0.66838241 -1.22506857 55.0
0.09231323 -1.05483806 -1.28622973 55.0
0.86280459 0.55573094 0.90499568 55.0
-0.09346952 1.47747672 0.40696827 55.0
-1.26576507 -1.27610290 0.54460245 55.0
0.70299345 -1.41772103 0.07717695 55.0
1.30043447 1.15294290 1.23425567 55.0
1.06932378 -1.16523445 0.74253768 55.0
-0.81590360 -0.90845573 -1.30272567 55.0
1.38271034 0.36277059 -0.25354299 55.0
0.49483100 -0.15590452 1.35248840 55.0
1.23105681 0.36886376 1.26000762 55.0
0.76662135 0.55912250 0.50322831 55.0
-1.05042863 1.20634770 -1.15385175 55.0
0.23309992 -0.02283082 0.39891684 55.0
-0.78774607 0.35124844 -1.19074106 55.0
-0.59811652 -0.98257202 -1.28459060 55.0
0.95741689 -1.50741017 -0.16001144 55.0
-0.81214166 -0.78734356 -1.21655738 55.0
-0.13178185 0.99269658 -1.22220767 55.0
0.56587398 -0.02299211 -1.20139873 55.0
-0.95387280 -0.46870360 -1.18564475 55.0
1.34252751 -0.92720717 -0.62637001 55.0
-1.34601915 1.00627279 -1.30656135 55.0
-1.02792358 0.72383118 -1.53580916 55.0
-1.11734903 -0.48177859 0.93779284 55.0
-0.59056544 0.86522949 -1.22956395 55.0
1.40065670 0.61882418 0.96161085 55.0
-0.11071031 0.50870842 0.27077547 55.0
-1.32355690 0.85800916 1.24130523 55.0
0.39134851 -0.02289919 -1.21960175 55.0
-1.20370734 0.96481526 1.31202900 55.0
1.19325721 1.37026823 -0.32544956 55.0
0.56814700 -0.10619693 -1.20136976 55.0
-0.99914646 1.39128268 -0.55440623 55.0
-0.07665218 -1.57947516 -0.55858862 55.0
-1.24938929 -0.70393991 1.02439415 55.0
0.26604086 -1.58511734 -0.23807210 55.0
0.95939016 -1.01992702 0.79090941 55.0
1.22623372 1.36336851 1.22584820 55.0
0.90585256 -0.02331485 -1.18821537 55.0
0.05436328 1.40954661 -0.82846725 55.0
1.35980916 -1.03424990 0.29271299 55.0
-0.78500909 0.31188878 -1.19084990 55.0
-0.93334931 -1.44920766 -1.13029540 55.0
0.05309801 1.47231615 0.25682017 55.0
0.09276075 0.77552420 -1.23145604 55.0
0.09231652 -1.09161258 -1.27595723 55.0
-0.80909759 1.21871912 -1.15642619 55.0
0.63174242 -1.55069184 -0.52283621 55.0
0.21487416 -1.03792977 0.78780121 55.0
-0.68492538 -1.15297186 0.58096623 55.0
0.69363886 1.36863160 -0.96658689 55.0
0.76055819 0.33809787 0.48018104 55.0
-0.81406039 -1.09156573 -1.29743111 55.0
1.32876790 -1.23791969 -0.35328394 55.0
-0.94622761 0.14192614 -1.18822002 55.0
-0.08844554 0.93421674 1.05824852 55.0
-1.29952872 1.17745948 1.32186460 55.0
-1.42507112 -0.18312809 0.17250893 55.0
-0.82839590 1.44701123 1.29135644 55.0
0.05988856 0.06073582 -1.25424433 55.0
0.73946649 0.05931969 -1.19085228 55.0
1.37302196 -0.02382295 0.13368155 55.0
-1.44310653 0.43348786 0.05150437 55.0
-1.27847326 0.92743313 -1.67260277 55.0
-0.71544558 1.45309079 0.25707373 55.0
-1.17379904 -1.11016595 -1.66402316 55.0
-0.24963108 1.31906140 -1.18398511 55.0
-0.67245853 -1.19887352 0.50335431 55.0
-0.48470771 0.50592107 0.22307450 55.0
-1.00081408 1.40072179 1.35642529 55.0
1.13017774 -0.16982536 0.95158166 55.0
1.35482609 -0.92720717 0.53529894 55.0
0.32076645 -0.94484216 -1.28718030 55.0
1.01197457 -1.29428065 0.51139396 55.0
0.94275224 1.11401963 1.40010345 55.0
1.40509427 0.61898464 0.44670787 55.0
-0.38544962 1.47778523 1.07121980 55.0
1.23768699 0.38995942 1.27834511 55.0
-1.41975439 0.75582832 0.56806850 55.0
0.48930845 1.46107090 1.30080295 55.0
-0.42916918 -1.58599424 -0.25320056 55.0
-1.05236697 -1.29428065 0.51139396 55.0
-1.37223423 0.56782925 1.29494750 55.0
-1.17165458 -1.43277562 -0.65253544 55.0
-1.31456780 -0.79596800 -1.25675058 55.0
0.91318589 1.10934532 -1.24121904 55.0
1.19325721 1.37026823 -0.32544956 55.0
-0.86523253 1.42107153 -0.13211027 55.0
0.98407179 1.32510149 -1.07720268 55.0
1.08201385 1.43476546 0.68448073 55.0
0.51197046 -1.54160428 -0.71027732 55.0
0.53184634 -1.06995642 0.71375024 55.0
1.02622306 -0.57047576 0.91492349 55.0
1.35817921 -0.10510851 -0.75518888 55.0
0.94024444 -0.02046685 1.08624697 55.0
-0.09141777 1.43373907 1.40892291 55.0
0.98753113 0.72383118 -1.53580916 55.0
-1.00059140 -1.08407474 -1.60245574 55.0
0.97360283 1.10365319 -1.29510844 55.0
-1.26325679 -0.80716705 -1.43210185 55.0
-1.19270074 0.66855252 1.41655242 55.0
1.19119024 0.30666625 -1.16441441 55.0
-1.39716280 -0.89099044 0.08277102 55.0
1.12358344 0.89030629 -1.83486629 55.0
1.13911510 0.80470997 -1.81815803 55.0
-1.35667932 -1.27968454 -0.24777372 55.0
1.38726068 -0.25648811 -0.17367998 55.0
-0.23437619 -1.47904360 -1.18012786 55.0
0.21714462 1.28131664 -1.20059431 55.0
1.32396662 1.00627840 -0.95254529 55.0
1.12551498 1.24858809 -1.12783444 55.0
-0.43451962 -1.59038007 -0.35871217 55.0
1.35482609 -0.92720717 0.53529894 55.0
1.10792923 1.01595616 1.34365368 55.0
-1.05265367 0.64499873 -1.30387568 55.0
-0.24148571 1.43252993 -0.35085765 55.0
-0.76349616 0.02129272 0.59159315 55.0
0.61221445 1.22424591 -1.16672289 55.0
-1.43781328 0.66790754 0.02412063 55.0
-1.38483167 -0.78479278 0.52990645 55.0
-0.68409264 -1.33698368 0.25409639 55.0
-1.37840044 0.71150470 -1.32064533 55.0
0.04250735 -1.53676927 -1.14956844 55.0
-0.36084923 -1.01870036 -1.28793395 55.0
0.52895886 -1.40662599 -1.15951514 55.0
1.34839451 0.88572890 0.82980102 55.0
1.31099939 0.40446773 1.20311189 55.0
1.38881111 -0.39384222 0.06474647 55.0
1.35947144 0.80052388 -0.23318554 55.0
-0.36336946 -0.82363170 -1.25534081 55.0
1.13311088 -1.03898966 -1.79765940 55.0
-1.20370734 0.96481526 1.31202900 55.0
-0.96420300 -0.48394725 1.15640950 55.0
-0.25526667 -1.03792977 0.78780121 55.0
-1.19257319 1.14531636 -1.14414895 55.0
0.39232877 0.23680130 -1.21962500 55.0
-0.86657977 1.44547570 0.25708428 55.0
0.66296089 -0.88213354 0.87398535 55.0
0.82928395 -0.94512582 0.80477774 55.0
-1.28519619 0.78301203 1.30658150 55.0
-1.05560565 0.93538344 -1.77594101 55.0
-1.19755280 -1.24199486 -1.14974499 55.0
-1.41341448 -0.02382295 0.13368155 55.0
1.02700543 -1.25068462 -1.16703749 55.0
-1.35781574 -0.82322407 -0.96256930 55.0
-1.39701819 0.71114314 -0.95962065 55.0
-0.40428337 -1.20769370 0.52269500 55.0
0.32099694 1.06746972 -1.21111333 55.0
0.76709533 -0.25217697 1.67619693 55.0
-0.94613117 -1.12441361 -1.38657081 55.0
0.06018779 0.23823750 -1.25426817 55.0
-1.01169038 1.05512381 -1.45341039 55.0
-0.23610133 -0.16051698 1.76895356 55.0
1.37302196 -0.02382295 0.13368155 55.0
-1.41345048 0.22859032 0.61716712 55.0
1.01003611 1.20634770 -1.15385175 55.0
0.56587398 -0.02299211 -1.20139873 55.0
-1.39880657 1.00614893 0.28801066 55.0
-1.39651167 0.22904018 -0.67025763 55.0
-1.40020156 -1.03424990 0.29271299 55.0
-0.76818335 -1.14711702 0.57408899 55.0
-0.36336946 -0.82363170 -1.25534081 55.0
1.32929718 -0.99891144 0.72513449 55.0
1.05437720 -1.44303298 0.19968288 55.0
-1.24231064 -1.31833768 0.47042608 55.0
0.20163028 1.45763195 0.06173730 55.0
-1.17899013 -1.44446242 -0.16526543 55.0
0.90898490 -0.87182641 -1.39368498 55.0
1.04963601 1.44148695 1.10138690 55.0
0.15115424 -1.59625435 -0.31435889 55.0
0.75657350 -1.30309689 -1.15732634 55.0
-1.15827858 -1.32803321 -1.13573718 55.0
0.84178543 0.78182715 0.87709492 55.0
0.44671309 0.56390953 0.21982194 55.0
-0.87908483 -1.50390482 0.06586536 55.0
-1.17513382 -0.96767318 -1.83317268 55.0
-1.42839038 0.71095663 0.93779850 55.0
-0.78401220 -1.02236378 0.74210870 55.0
-0.59161198 1.27300978 -1.16330397 55.0
0.95011371 0.89900053 -1.65579021 55.0
1.36899698 -0.02350743 0.45788524 55.0
-0.60766244 0.23584127 -1.20142186 55.0
-0.76349616 0.02129272 0.59159315 55.0
1.35175908 -0.71826893 0.52434111 55.0
1.34947979 -0.89099044 -0.33614427 55.0
-1.39459276 1.04583704 0.15245990 55.0
1.13463104 1.20058739 -1.12984073 55.0
-1.09261703 -0.63237071 -1.18214893 55.0
0.55429536 -0.78621453 -1.22461319 55.0
1.06932378 -1.16523445 0.74253768 55.0
-0.59837633 -0.94552517 -1.28277946 55.0
0.62981510 -0.32443243 1.74847174 55.0
-0.86967641 -0.94512582 0.80477774 55.0
-1.09226763 -0.72208679 -1.19805658 55.0
-1.36851406 0.63282901 1.30275631 55.0
1.09019768 1.35041380 -0.94929582 55.0
-0.43072292 -1.53024638 -0.10592590 55.0
-1.44548690 0.61898464 0.44670787 55.0
-0.79484600 0.18896298 0.44824946 55.0
-1.18375874 1.01037288 -1.64867079 55.0
1.33685756 0.96621531 -0.58664995 55.0
-1.29690981 -1.10359716 0.80883396 55.0
-0.84216750 -1.14065874 0.56777787 55.0
0.35013804 1.47554028 0.96282506 55.0
-0.73676527 1.33805978 -1.08109605 55.0
0.89604145 0.86099809 -1.42291272 55.0
-1.06938767 -0.74536705 1.00637722 55.0
-0.67020762 -0.32443243 1.74847174 55.0
-1.42082894 0.30425477 0.56978554 55.0
-0.97796381 1.15950358 -1.16883099 55.0
-1.00237763 -1.15164542 -1.48239231 55.0
-1.39743328 -0.53902030 -0.66890401 55.0
0.76662135 0.55912250 0.50322831 55.0
-1.06824017 -0.95946068 0.92263561 55.0
0.09254326 1.06841040 -1.21174538 55.0
-0.23243883 1.01679635 1.54860818 55.0
1.27459431 -0.08937842 0.79689318 55.0
-0.80484265 0.86394238 -1.26512861 55.0
1.31696713 1.19464624 0.69037831 55.0
-0.68764937 1.08696270 1.46865237 55.0
1.39907801 0.43309787 0.96628296 55.0
1.22681701 1.28169537 -0.96552688 55.0
-0.28705764 0.50383508 -1.23487878 55.0
1.39121377 0.71094906 0.41914481 55.0
-0.43278989 -1.57135677 -0.52997452 55.0
0.48903841 -1.57430756 -0.21746090 55.0
0.96075583 -1.01211154 -1.67117798 55.0
-1.32661498 -1.27968454 0.31439444 55.0
1.35092938 0.92619032 0.42955530 55.0
-0.53598428 -1.47085977 -1.14335907 55.0
-0.23437619 -1.47904360 -1.18012786 55.0
-1.42218840 -0.39384222 -0.34333366 55.0
-1.40974057 0.13918856 0.52480912 55.0
1.19897676 -0.25744414 -1.16707957 55.0
1.30174947 1.10215819 1.24043417 55.0
1.36599863 0.39417234 1.09189045 55.0
1.37302005 0.30489141 -0.28645009 55.0
1.38371778 -0.32605231 -0.36567280 55.0
0.39412707 -1.59038007 -0.35871217 55.0
0.54238743 -1.23534346 -1.19611382 55.0
1.18046474 -0.15850328 0.90380651 55.0
0.56173223 -0.82475364 -1.25368977 55.0
-1.38263702 -1.19290292 -0.15651783 55.0
-0.23118505 1.47055876 1.32794118 55.0
0.85263890 0.45231295 0.91664541 55.0
-0.43655300 -0.40292400 -1.21799099 55.0
-1.35167074 -0.18328385 -1.03551948 55.0
0.96554255 -0.20320673 1.11732507 55.0
-1.28746784 -1.00009882 -1.70187318 55.0
0.98598224 -0.22935545 1.15594149 55.0
-1.17899013 -1.44446242 -0.16526543 55.0
-0.29316875 0.46155456 0.25547254 55.0
0.69363886 1.36863160 -0.96658689 55.0
-1.40020156 -1.03424990 0.29271299 55.0
-0.98837608 0.44878978 1.25636101 55.0
-1.42893982 0.36193573 0.83505249 55.0
1.16711140 -1.09283984 0.89258945 55.0
1.33689129 -0.72056860 -0.65648812 55.0
1.01641595 0.85234451 -1.82332492 55.0
0.06520008 -1.31908929 -1.21925640 55.0
-1.01399529 1.10365319 -1.29510844 55.0
0.55949086 0.77475387 -1.22498262 55.0
1.32978952 1.13893163 0.54576313 55.0
-1.22166407 -1.37684417 -1.02800786 55.0
-0.72744763 1.39111352 -0.78286600 55.0
1.06295490 -1.36289418 0.43382987 55.0
1.36439395 -0.62708139 0.52459371 55.0
0.20454177 1.18348992 1.47058582 55.0
1.37794280 -0.10510851 -0.05038958 55.0
-0.93373400 0.90359169 -1.41836500 55.0
-1.05167115 1.20778048 1.40503490 55.0
0.92381054 -0.48394725 1.15640950 55.0
-1.35794306 -0.32638884 -1.01934147 55.0
-1.41744769 -0.46303698 -0.33326989 55.0
-1.16398287 -1.43425453 -0.84016961 55.0
0.52528983 -1.15772951 0.59023851 55.0
0.91482937 -0.54528874 -1.18422997 55.0
0.78533137 1.46018076 1.20338202 55.0
0.50287563 -1.57820916 -0.24205151 55.0
1.34790826 -1.14836729 0.16623880 55.0
0.56539041 0.73074943 -1.22120500 55.0
0.05076522 -1.30028784 0.37142333 55.0
-1.39321601 0.13912709 -0.70710146 55.0
0.69454700 -1.23513365 0.42142594 55.0
-0.79220599 -0.91429305 0.84029746 55.0
-1.15745735 0.34682384 1.38069272 55.0
-1.35139179 0.40446773 1.20311189 55.0
-0.41145167 -1.16143858 0.60184193 55.0
1.18465889 -0.02364705 -1.16954923 55.0
-0.88855910 1.36155474 -0.96420330 55.0
0.06636001 -0.24318890 1.95506108 55.0
-0.99978256 -1.01992702 0.79090941 55.0
-1.09364247 -0.14439169 1.00219178 55.0
0.05022637 1.48711812 1.16609752 55.0
0.77765912 1.11368883 -1.20783150 55.0
0.06043149 0.31653216 -1.25424194 55.0
0.77366787 -1.09156573 -1.29743111 55.0
0.07137826 0.63486707 0.26328936 55.0
-1.21475136 -0.08723392 0.92662460 55.0
-1.28828287 -0.96442109 -1.70335174 55.0
-1.00448716 -1.24029064 0.53468657 55.0
1.32881427 0.92970896 1.07946479 55.0
-1.20750380 -1.09283984 0.89258945 55.0
-1.17717123 -0.89503330 -1.74474013 55.0
-1.02540326 -1.19851148 0.61102593 55.0
0.03636564 -1.58967698 -0.49006033 55.0
1.28438628 -0.71468663 0.94015855 55.0
-0.98026389 -1.14303637 0.62370074 55.0
0.32872021 -1.35352981 0.23587260 55.0
1.38956535 -0.25648811 0.21761815 55.0
0.43807855 0.15125297 0.13854721 55.0
-0.42385164 -1.58144653 -0.22756374 55.0
-0.52045918 0.92601973 1.01661062 55.0
0.57070136 -0.47257629 -1.19880474 55.0
0.56062770 -1.21050608 -1.20969963 55.0
1.13431478 1.09215295 -1.34560084 55.0
-0.55566961 1.46654797 0.65305817 55.0
-0.67671579 0.69567013 0.25678578 55.0
1.37578011 0.38880679 -0.63335508 55.0
-0.66002411 0.50213665 -1.19846344 55.0
0.63329530 -1.53479016 -1.00624931 55.0
-1.36152911 0.06360243 0.72210443 55.0
0.73946649 0.05931969 -1.19085228 55.0
-0.25664598 -1.00122726 0.82651311 55.0
-0.92451686 -0.66239458 0.92005056 55.0
1.14281178 -1.43965411 -0.32693705 55.0
-0.79085398 -0.33116341 -1.18998611 55.0
1.35664701 -1.03424990 -0.08080690 55.0
0.20154631 1.47607028 0.66325986 55.0
-0.18847030 -1.56009102 -0.93915087 55.0
0.50030792 1.42137873 1.36900377 55.0
1.13126206 -1.43277562 -0.65253544 55.0
0.07264827 -0.49178821 1.54561758 55.0
-0.38160002 1.47942245 1.14547336 55.0
1.34274507 1.08814049 0.17652838 55.0
0.56173223 -0.82475364 -1.25368977 55.0
0.05660271 -1.12105858 0.69262546 55.0
-0.18934697 -1.55451035 -0.83423704 55.0
-0.52696186 0.88163924 0.58515602 55.0
-1.35775959 1.19464624 0.56206775 55.0
1.23561692 0.88690174 -1.70494723 55.0
0.09275728 1.09798062 -1.20995617 55.0
-1.42765319 -0.25648811 -0.17367998 55.0
-0.99445629 1.40260041 -0.33052227 55.0
1.25905466 0.45991006 1.31706750 55.0
1.14072454 -0.83236873 -1.58745360 55.0
1.34892106 -1.10718310 -0.00370867 55.0
-0.24391703 1.29314125 1.45571864 55.0
1.31659269 0.36330515 -1.00232935 55.0
1.37285411 -0.02382295 0.31033456 55.0
-1.07546723 1.44378841 1.15952003 55.0
1.24933648 -1.37616432 -0.13291387 55.0
-0.95357835 1.10934532 -1.24121904 55.0
-1.41638160 0.34391198 0.92433292 55.0
-1.44627964 0.48883566 0.96351719 55.0
-0.35789722 0.99191517 -1.21974039 55.0
1.01782715 -1.03043127 0.85319990 55.0
1.14972675 -0.41305077 0.92968732 55.0
0.36477834 0.83887982 0.27075180 55.0
0.49049872 1.01014054 1.50415134 55.0
-0.09337386 1.44747472 -0.15008382 55.0
-0.99050617 0.89900053 -1.65579021 55.0
-0.63763875 -1.30850554 -1.16762960 55.0
-0.37484971 0.97216970 1.37708175 55.0
0.47852212 -1.57135165 -0.20233633 55.0
0.39134079 0.14445701 -1.21960640 55.0
-0.93502498 -1.01436210 0.74559116 55.0
1.32325244 0.75582063 -1.35549784 55.0
1.08435833 -1.04219162 0.90794235 55.0
0.69637281 1.33805978 -1.08109605 55.0
-1.35246849 -1.14722514 -1.00031710 55.0
0.89784122 -1.33958888 0.33809531 55.0
1.29429519 0.81462467 1.25417638 55.0
1.36610174 0.80052388 0.22715080 55.0
0.39479455 -0.18651204 -1.21945536 55.0
0.35652852 1.13648129 1.47277546 55.0
-0.36138949 1.06746972 -1.21111333 55.0
1.22471929 -1.32333183 -1.02547932 55.0
1.13120914 -1.26535833 0.62511247 55.0
0.19398369 -1.47904360 -1.18012786 55.0
1.37565136 -0.53856045 0.53955650 55.0
-0.81479073 -0.98245078 -1.31615496 55.0
-0.23495303 -1.29765046 0.36514813 55.0
1.07847524 -1.07950151 0.86312008 55.0
1.30873501 0.80052388 -1.37886631 55.0
-0.58910477 0.90815115 -1.22697544 55.0
1.36134017 0.22907948 0.74183327 55.0
-1.28606999 0.96751302 -1.62103629 55.0
0.87507606 -1.27216351 0.38736421 55.0
0.73019868 -1.52651572 -0.61418253 55.0
-0.24881491 1.35285759 -1.12624204 55.0
0.91756481 -0.80928051 -1.28383791 55.0
-0.19211017 -1.56120527 -1.05093932 55.0
-0.41979778 -1.57800090 -0.21144237 55.0
1.28186727 0.98025405 1.23585474 55.0
-0.60944355 0.31348339 -1.20139635 55.0
1.19552553 0.34547269 -1.16408658 55.0
-1.30418515 -0.88740408 0.98989493 55.0
-0.29279026 0.43450245 0.25888294 55.0
1.36465025 0.80055147 0.89918381 55.0
-1.00614595 -0.98428035 0.82832468 55.0
-1.21122217 0.07801990 1.03878760 55.0
1.30694485 -1.27948678 -0.53504020 55.0
-1.24783719 0.70666957 1.37206984 55.0
0.58443308 -1.54842114 -0.15482271 55.0
-1.38835692 -0.78479278 -0.12915969 55.0
0.43807855 0.15125297 0.13854721 55.0
-0.74338597 -1.41772103 0.07717695 55.0
1.24480379 0.78301203 1.30658150 55.0
1.36357832 -0.96327865 0.14621380 55.0
0.85127532 0.40413359 0.92105538 55.0
-0.25753716 1.28131664 -1.20059431 55.0
0.97975129 1.35537410 -0.96358943 55.0
-0.52979839 1.47447658 1.21120822 55.0
1.30562675 1.00627279 -1.30656135 55.0
-0.61162281 -0.18953416 1.90281236 55.0
-0.13392171 -0.80712610 -1.25275671 55.0
1.12047839 -1.16974616 -1.48263097 55.0
-1.08181477 0.35526237 1.39087808 55.0
0.35663000 1.33814204 1.43323302 55.0
-1.28834176 -0.43547469 0.89248103 55.0
-0.99978256 -1.01992702 0.79090941 55.0
0.27007526 -1.58547699 -0.47286731 55.0
1.14524496 1.42047322 1.20571184 55.0
-1.41534746 -0.53856045 -0.11679680 55.0
-0.70471311 1.46385372 0.94925129 55.0
-0.38544962 1.47778523 1.07121980 55.0
1.36934817 0.13918856 0.52480912 55.0
0.92381054 -0.48394725 1.15640950 55.0
-0.87270725 -1.50408912 -0.69996274 55.0
-1.09616721 -1.21026063 0.66761649 55.0
1.21226072 0.43590912 -1.16235948 55.0
0.44204906 0.43310156 0.23031858 55.0
0.43807855 0.15125297 0.13854721 55.0
-1.35985112 -0.85570782 -0.96957242 55.0
0.15118125 -1.59406173 -0.43329006 55.0
0.74456996 -0.77269065 0.90296656 55.0
-0.94357967 0.81677502 -1.41429996 55.0
-0.38124460 -0.15525599 1.39671791 55.0
0.05694523 -1.07853520 0.75047594 55.0
1.25089717 -1.18931890 0.68515635 55.0
0.07000128 0.46262741 0.27594778 55.0
-0.43356436 -1.58147347 -0.46383327 55.0
1.01867545 -0.33470348 1.13597393 55.0
-1.42920351 -0.39384222 0.06474647 55.0
-0.99275106 0.94004977 -1.62633538 55.0
1.31072867 -1.19290292 0.44462714 55.0
-0.98301774 0.82201833 1.18612015 55.0
-0.13337480 -1.21279955 -1.22202218 55.0
0.73381114 -1.54875827 -0.45729044 55.0
0.51189631 1.37436128 1.40438211 55.0
1.17371893 0.16900969 1.12313211 55.0
-1.40762866 -0.62708139 0.24713477 55.0
-1.42585731 0.34277460 0.64330012 55.0
1.12787426 0.84831148 -1.84390414 55.0
-1.38483167 -0.78479278 0.52990645 55.0
0.89295685 -1.44920766 -1.13029540 55.0
1.08127213 1.36984706 -0.78865445 55.0
0.25827613 0.70035088 0.24089843 55.0
0.20163028 1.45763195 0.06173730 55.0
0.94559538 0.35905901 1.24857378 55.0
-0.85351419 1.45618439 0.95243430 55.0
-0.71679801 -0.09671579 0.92745090 55.0
0.68707299 -1.54058313 -0.09075718 55.0
-0.09537536 -0.11743075 0.93966198 55.0
0.79802454 0.66822451 -1.23799920 55.0
0.64124131 1.46786940 1.20437813 55.0
0.89588076 1.21228421 -1.15385175 55.0
0.50015855 1.17487037 -1.18925428 55.0
-1.28272128 -0.29882109 0.87064821 55.0
1.35195887 0.96621740 0.80580974 55.0
1.31580663 0.92618597 -0.96638805 55.0
0.91090196 -0.84383339 -1.36433136 55.0
-1.24938929 -0.70393991 1.02439415 55.0
-0.96456152 0.72754580 -1.36244094 55.0
-1.40649414 0.80052388 0.22715080 55.0
0.51325458 1.46813488 0.81148601 55.0
-1.28746784 -1.00009882 -1.70187318 55.0
-0.36437330 -0.80822170 -1.24830616 55.0
0.21654406 -1.35991418 -1.20232499 55.0
1.33213603 -1.23791969 -0.20908992 55.0
-1.39115000 -0.82357246 0.26898929 55.0
-0.41786429 -0.78209817 0.93783283 55.0
0.95380712 0.77682656 1.19240022 55.0
-1.42995787 -0.25648811 0.21761815 55.0
1.17313778 0.33787832 1.30505347 55.0
1.28991175 -1.32191765 0.04411574 55.0
0.75580996 -1.23208535 -1.18603003 55.0
1.30174947 1.10215819 1.24043417 55.0
0.80848938 1.40757585 1.35852122 55.0
1.38058221 0.30473223 0.38341314 55.0
0.62462354 -1.56943727 -0.26736429 55.0
-1.34722388 1.24228525 0.69966465 55.0
-1.40709233 0.80052656 0.39798960 55.0
1.23494232 -0.23031604 0.85754049 55.0
-1.25566804 0.59251451 1.39803123 55.0
0.14751166 -1.58396471 -0.23385672 55.0
-1.38040900 -1.03424990 -0.64620596 55.0
-0.07665218 -1.57947516 -0.55858862 55.0
0.39033043 -1.53024638 -0.10592590 55.0
1.39974451 0.66790771 0.42823327 55.0
1.08127213 1.36984706 -0.78865445 55.0
0.93144876 -0.40641513 1.26024866 55.0
0.22994474 -0.55227137 -1.23555827 55.0
0.05827748 -0.74578255 1.00301099 55.0
-1.29468882 -1.14478219 0.75061446 55.0
-0.96169752 0.39511585 -1.18758047 55.0
0.05420972 1.23849010 1.47364199 55.0
-0.47764423 -1.52726853 -1.10036910 55.0
1.38590169 0.61982751 -0.58634478 55.0
1.13289225 -1.14310408 -1.57711470 55.0
1.32016504 -0.62350261 0.86905324 55.0
0.50015855 1.17487037 -1.18925428 55.0
0.83926147 -1.53395104 -0.44749242 55.0
-0.36115897 -0.94484216 -1.28718030 55.0
0.82594496 1.45054555 0.40069756 55.0
0.90092480 -0.97863263 0.78298420 55.0
0.52934742 -1.11212528 0.65791482 55.0
-0.71671259 1.32750559 1.41053677 55.0
1.29231668 0.88570577 -1.38478029 55.0
0.52114457 1.17579377 1.43904507 55.0
-0.07561152 -1.58572137 -0.24208100 55.0
1.00505555 -0.27221876 1.16526377 55.0
-1.01309335 -0.73474598 0.95014966 55.0
1.11747980 1.05588114 1.34543443 55.0
-0.52970099 1.46107090 1.30080295 55.0
-0.69919914 -0.80934501 0.90384752 55.0
0.98673749 1.15662432 1.40339804 55.0
-0.84888178 1.40757585 1.35852122 55.0
0.21698385 -0.92812097 0.88947266 55.0
1.34695673 -0.62938100 -0.66689622 55.0
0.63206601 -1.19887352 0.50335431 55.0
-0.12982053 -1.23999369 -1.22187567 55.0
-1.38401377 0.92618597 -0.27170232 55.0
-1.40938950 -0.02350743 0.45788524 55.0
-1.32477868 -0.71468663 0.94015855 55.0
0.95690793 1.42720079 0.06862763 55.0
-0.81214166 -0.78734356 -1.21655738 55.0
-1.31797194 0.89978451 1.23262644 55.0
0.36243784 1.40223968 -0.80354702 55.0
-1.43072510 0.36259422 0.48608413 55.0
-0.31453952 -1.53382516 -0.11546480 55.0
-0.60578287 0.73074943 -1.22120500 55.0
1.36470473 -0.62708139 -0.12302610 55.0
-1.45151055 0.48941520 0.63801622 55.0
-1.35631537 -0.25673664 -1.02766776 55.0
1.32396662 1.00627840 -0.95254529 55.0
-1.33789599 0.84391427 -1.38871193 55.0
0.55121952 1.27300978 -1.16330397 55.0
-0.36260152 -0.84419626 -1.25914073 55.0
-1.41713905 -0.53856045 0.06889856 55.0
-0.54499191 1.09191823 1.49422312 55.0
-0.79484600 0.18896298 0.44824946 55.0
-1.17436171 -1.00347924 -1.83171403 55.0
-0.68820608 1.46770632 1.12835753 55.0
1.21937621 1.29201651 1.35303068 55.0
-1.01109219 -0.91327620 0.88913786 55.0
0.73946649 0.05931969 -1.19085228 55.0
1.13120914 -1.26535833 0.62511247 55.0
1.30965650 1.19437349 -0.28059760 55.0
0.34397283 -1.29401231 0.35649177 55.0
-0.68436491 -1.42333114 0.08087507 55.0
-0.09096713 -1.48171735 -1.19411004 55.0
1.17082977 0.07801990 1.03878760 55.0
0.70698297 -1.32984674 0.24538220 55.0
0.57272661 -0.40174788 -1.19980764 55.0
0.36389083 -1.20769370 0.52269500 55.0
1.36429250 0.80052388 0.02121284 55.0
1.24450386 -1.07115400 -1.62702477 55.0
-1.12979305 -0.86330462 1.04936957 55.0
1.35025024 0.92618597 0.14746943 55.0
0.62627947 0.74597865 0.25057662 55.0
-1.35906589 -1.27968454 -0.11756624 55.0
-1.14237130 0.93549067 1.32973516 55.0
-0.35655275 0.86594027 -1.23456609 55.0
-0.98598784 0.35905901 1.24857378 55.0
0.05076522 -1.30028784 0.37142333 55.0
-1.21411133 0.16900969 1.12313211 55.0
0.62765360 -1.52946913 -0.70851219 55.0
-0.43713418 -0.33330107 -1.21871841 55.0
-1.39001906 0.34879863 1.04158020 55.0
-0.80291367 0.50137448 0.50715518 55.0
1.38332939 0.34350979 0.00002090 55.0
1.23213160 0.82770789 1.29584491 55.0
1.28699243 1.28871810 1.08264649 55.0
1.34287047 -0.78488475 -0.34144884 55.0
-1.08842194 0.15302186 1.22057950 55.0
-0.24391703 1.29314125 1.45571864 55.0
1.04864669 0.44394806 1.41388178 55.0
1.11706483 0.34682384 1.38069272 55.0
-1.02540326 -1.19851148 0.61102593 55.0
-1.00712526 -0.84096289 0.93364465 55.0
1.27218926 1.22167563 1.28474748 55.0
-1.02792358 0.72383118 -1.53580916 55.0
0.89959902 -0.26495457 1.40403008 55.0
-1.33190119 1.20865142 1.22940397 55.0
-1.04035032 -1.44286716 -1.11691999 55.0
0.74686265 -0.18549624 -1.19070876 55.0
0.52524453 -1.43480372 0.07523647 55.0
-0.97178978 -1.25630009 -1.16461062 55.0
-0.09521186 0.84334892 0.30937916 55.0
0.94024444 -0.02046685 1.08624697 55.0
-0.29288599 -0.32521144 1.82340539 55.0
1.37682617 0.75583977 0.92546040 55.0
-1.40211189 -0.92720717 0.41802630 55.0
-1.41341448 -0.02382295 0.13368155 55.0
1.06535161 1.43887877 1.01031291 55.0
0.98501092 -1.19851148 0.61102593 55.0
-1.41840374 0.34350979 -0.26460201 55.0
0.75863230 0.40583810 0.51345164 55.0
1.29491985 -1.32191765 -0.16058026 55.0
-0.98102230 -0.12526603 1.06014740 55.0
-1.37252843 -1.23791969 -0.20908992 55.0
1.05325007 -0.14439169 1.00219178 55.0
0.32045674 -1.01870036 -1.28793395 55.0
0.38877663 -1.58599424 -0.25320056 55.0
0.64968348 -1.10756457 0.64815539 55.0
1.02217066 -1.11463141 -1.65245569 55.0
1.32987070 -0.96327865 0.74245423 55.0
0.06751786 1.23494959 -1.21831703 55.0
0.48482126 0.96875393 1.35398901 55.0
0.53592223 -0.81261259 0.91546184 55.0
-1.38358438 -1.14836729 -0.25280032 55.0
-1.40762866 -0.62708139 0.24713477 55.0
-1.00588655 1.12286830 -1.21681464 55.0
0.56586295 0.14380528 -1.20140326 55.0
-0.94032729 -0.79968202 0.89975345 55.0
-0.87806416 -1.52437258 -0.51345783 55.0
-1.29571104 1.23315728 1.31884861 55.0
0.52592587 -0.11428113 0.87894785 55.0
1.35604739 0.84393674 0.64050132 55.0
0.08942800 -1.23999369 -1.22187567 55.0
-0.18998206 -1.55617428 -0.74296713 55.0
0.86081851 0.56460172 -1.19030249 55.0
-0.95256156 -1.20460856 -1.24877906 55.0
-1.19525290 0.53769773 1.42149639 55.0
0.76379085 0.94815671 -1.25518143 55.0
1.03507471 1.44378841 1.15952003 55.0
-1.01008844 -0.94892442 0.86010975 55.0
1.29876077 1.08801949 -0.94557279 55.0
-0.22674489 0.93214709 1.04327416 55.0
0.39479455 -0.18651204 -1.21945536 55.0
0.21053378 -1.16468942 0.61382198 55.0
0.39810133 -0.18662237 1.97130883 55.0
0.53460318 -0.77965581 0.92210394 55.0
0.35663000 1.33814204 1.43323302 55.0
-0.95119625 -0.78626293 -1.22652149 55.0
1.35430777 1.04583704 0.59423101 55.0
-1.23158264 0.30666625 -1.16441441 55.0
0.32801756 0.69508433 -1.22240281 55.0
1.32913899 1.13893163 0.19323459 55.0
-1.39310277 -0.45946664 0.80531102 55.0
-1.28600287 1.07290173 1.29592073 55.0
1.34962666 0.34879863 1.04158020 55.0
1.30174947 1.10215819 1.24043417 55.0
-1.40762866 -0.62708139 0.24713477 55.0
1.31729305 1.19464624 0.41040367 55.0
-1.10927963 1.10583949 1.37526667 55.0
-0.71521324 1.45922363 0.51570117 55.0
1.35915101 -1.03424990 0.13358290 55.0
1.35294247 -0.62708139 0.69705808 55.0
-1.12833333 -1.43750787 -1.03094780 55.0
-1.33976746 0.96621531 -1.34203804 55.0
-1.00372219 -1.22157049 -1.21155107 55.0
0.06520008 -1.31908929 -1.21925640 55.0
-0.11304078 -0.49178821 1.54561758 55.0
-1.00055325 -1.04794693 -1.64598644 55.0
-0.07548575 -1.57842553 -0.22043081 55.0
0.32165518 0.77520055 -1.22873545 55.0
-0.09812421 -0.85536855 0.94801676 55.0
0.25005627 0.15225938 0.16783255 55.0
-0.43020216 -1.54993403 -0.71733737 55.0
-1.37185180 0.80052388 -0.96293527 55.0
-1.23364961 1.37026823 -0.32544956 55.0
1.30683148 1.24228525 0.69966465 55.0
1.38332939 0.34350979 0.00002090 55.0
-0.48710561 0.56390953 0.21982194 55.0
1.27417541 -0.79596800 -1.25675058 55.0
-0.41145167 -1.16143858 0.60184193 55.0
1.35611928 0.22904018 -0.67025763 55.0
-1.40468097 -0.96327865 0.32223764 55.0
0.04953350 1.48728347 1.24543285 55.0
1.24630380 1.19497895 -0.96839178 55.0
-0.76485378 -1.51610970 -0.79698730 55.0
-1.18026960 -1.43596804 -0.42845368 55.0
-1.00292385 -0.77352881 0.95081025 55.0
0.63460100 0.92178047 1.05662644 55.0
-0.95129436 -0.84383339 -1.36433136 55.0
1.29749858 1.19328189 -0.62536299 55.0
0.82892835 1.36063969 1.39319396 55.0
0.66419506 -0.95521182 0.81839687 55.0
0.49483100 -0.15590452 1.35248840 55.0
1.34695673 -0.62938100 -0.66689622 55.0
0.93153745 0.86703819 1.19959486 55.0
-0.36069331 -1.05510044 -1.28307903 55.0
1.29749858 1.19328189 -0.62536299 55.0
1.29876077 1.08801949 -0.94557279 55.0
-0.78862655 -0.84101903 0.88543206 55.0
-1.29049385 -0.85732782 -1.57223678 55.0
-1.28671288 0.41616991 1.29431939 55.0
-1.36851406 0.63282901 1.30275631 55.0
-0.56044668 1.28476059 1.42532456 55.0
1.38457477 -0.46303698 0.42212954 55.0
0.92416912 0.72754580 -1.36244094 55.0
1.07014954 0.67788613 1.38240349 55.0
-0.39956591 1.28923512 1.43977523 55.0
1.13859761 -1.44446242 -0.16526543 55.0
1.08761501 0.61429155 -1.23931217 55.0
-0.43849388 -0.18662237 1.97130883 55.0
1.40386319 0.61889482 0.75996464 55.0
-1.30025077 -0.85219157 0.99974751 55.0
-1.39600945 1.00614893 0.81016362 55.0
1.10197878 0.93549067 1.32973516 55.0
0.65880668 -0.80934501 0.90384752 55.0
-1.10706127 0.72717059 1.35936940 55.0
1.37640762 0.43719015 1.11893785 55.0
-0.95126504 0.31002074 -1.18821311 55.0
1.20191813 -1.31833768 0.47042608 55.0
0.84816670 1.36155474 -0.96420330 55.0
0.07807278 -1.27747655 -1.22145605 55.0
0.83231479 -1.50408912 -0.69996274 55.0
-1.39678979 0.84392619 0.49795634 55.0
0.56173223 -0.82475364 -1.25368977 55.0
-0.35479325 1.13985169 -1.20919955 55.0
0.41805148 -1.31271970 -1.18541276 55.0
-0.77834761 -1.54166031 -0.08906517 55.0
-1.30879140 0.75685239 -1.64290833 55.0
-0.43118569 0.06018937 -1.21960175 55.0
-0.77420354 -1.54875827 -0.45729044 55.0
1.14281178 -1.43965411 -0.32693705 55.0
-1.40068519 0.30489141 -0.64784813 55.0
0.50718725 1.47044361 0.95423067 55.0
-1.37633038 1.08808589 -0.26973078 55.0
0.74361980 -1.02236378 0.74210870 55.0
-0.97192991 0.86703819 1.19959486 55.0
-0.94668555 0.99354380 1.37058794 55.0
-0.09318671 -1.25666702 0.45952842 55.0
0.75181359 -0.91429305 0.84029746 55.0
-0.80481488 -1.22815263 0.41490793 55.0
0.53385270 1.31051910 -1.14711797 55.0
1.35195887 0.96621740 0.80580974 55.0
1.21226072 0.43590912 -1.16235948 55.0
-1.39829040 1.00614893 0.56467354 55.0
-1.23158264 0.30666625 -1.16441441 55.0
0.27036759 -1.59379518 -0.30618617 55.0
1.02499628 1.15380967 -1.17206132 55.0
-1.22154474 0.39961171 1.35917330 55.0
1.36899698 -0.02350743 0.45788524 55.0
1.20899689 -0.70393991 1.02439415 55.0
1.38270974 0.36346614 0.95808834 55.0
-1.33391345 1.28484678 0.41331887 55.0
1.37254679 -0.02382295 -0.05841012 55.0
1.21434891 0.52686155 1.38892508 55.0
-1.17502344 1.20058739 -1.12984073 55.0
-0.09381167 1.42409503 -0.58799744 55.0
0.97791594 -0.78315985 -1.25080073 55.0
-0.08289987 -1.53676927 -1.14956844 55.0
-1.30907679 1.11519384 1.29349899 55.0
-0.38160002 1.47942245 1.14547336 55.0
1.25696766 -0.81998706 1.00315440 55.0
1.35789800 1.00614893 0.56467354 55.0
-1.39503455 -0.99891144 -0.32299203 55.0
0.49446943 1.47431290 1.13463640 55.0
0.05310126 1.46081090 0.05978822 55.0
0.07137826 0.63486707 0.26328936 55.0
-1.36199725 -0.01729853 0.70191377 55.0
1.32160485 -0.01729853 0.70191377 55.0
-0.24053884 1.38330448 1.43422842 55.0
-0.09838334 -0.89274698 0.92830312 55.0
-0.81034803 0.81952757 -1.26286316 55.0
-1.38893211 -0.32249182 0.76341295 55.0
0.66419506 -0.95521182 0.81839687 55.0
-1.16826665 0.84831148 -1.84390414 55.0
0.56508309 0.05981896 -1.20139873 55.0
-0.76485378 -1.51610970 -0.79698730 55.0
1.35464215 -0.99891144 -0.32299203 55.0
0.93961930 0.66626644 -1.29914248 55.0
1.08206892 1.43305218 0.40607968 55.0
0.61221445 1.22424591 -1.16672289 55.0
1.02698874 -0.88775778 0.97673839 55.0
-0.58112890 -0.95911187 0.82939160 55.0
-0.07688886 -1.59865820 -0.38202116 55.0
-0.98393643 0.40077862 1.26036656 55.0
-0.24110131 1.47766709 0.82583022 55.0
-0.39692107 1.13648129 1.47277546 55.0
-0.77149552 -1.52377760 -1.00750649 55.0
-1.12240994 1.43404555 0.52653551 55.0
-0.24202280 1.45763195 0.06173730 55.0
-0.98973989 -0.17633727 1.07732975 55.0
1.01017797 1.26389897 1.40226305 55.0
0.73019868 -1.52651572 -0.61418253 55.0
0.56587398 -0.02299211 -1.20139873 55.0
-0.66364712 0.40709457 0.26732659 55.0
1.21634531 -1.37654126 0.15620784 55.0
1.32396662 1.00627840 -0.95254529 55.0
-1.01169038 1.05512381 -1.45341039 55.0
-1.34700501 0.76992053 1.26488864 55.0
-0.55796683 -1.58187568 -0.35084769 55.0
-0.27349246 -0.02283082 0.39891684 55.0
-1.12475073 -1.04219162 0.90794235 55.0
-1.17350328 -1.03898966 -1.79765940 55.0
-1.38939345 0.84391427 -0.24660110 55.0
-1.22972441 -0.10532814 -1.16924286 55.0
-0.24584216 1.40647590 -0.81799406 55.0
-1.33976746 0.96621531 -1.34203804 55.0
1.31127834 -0.18328385 -1.03551948 55.0
-1.42925775 0.71094829 0.01790890 55.0
-1.39215159 -0.71826893 0.52434111 55.0
0.54073644 -0.95911187 0.82939160 55.0
-1.30171859 -0.78120834 0.98939562 55.0
1.08201385 1.43476546 0.68448073 55.0
1.31659269 0.36330515 -1.00232935 55.0
-0.95583713 1.45307183 1.13580990 55.0
0.91090196 -0.84383339 -1.36433136 55.0
-0.58112890 -0.95911187 0.82939160 55.0
-0.08992602 1.48728347 1.24543285 55.0
1.25516248 0.73814481 1.32006633 55.0
-0.71433574 -1.27797353 0.35004386 55.0
1.37936187 0.75582832 0.56806850 55.0
0.22550914 0.37538147 -1.23938763 55.0
-0.09549975 -1.41787863 -1.21084917 55.0
-0.13312811 -0.87183923 -1.26884615 55.0
1.07165837 0.54661947 1.39601576 55.0
-1.22085714 -0.15850328 0.90380651 55.0
-1.41969216 0.75582260 0.41613251 55.0
-1.30485392 1.33701503 0.15422224 55.0
1.29766238 -0.31181040 0.82641137 55.0
1.15188670 1.09556472 1.34849727 55.0
-1.42967153 -0.39384222 0.43183839 55.0
-0.71671259 1.32750559 1.41053677 55.0
-0.87965387 -1.53395104 -0.44749242 55.0
1.40271389 0.43348786 0.05150437 55.0
0.72310370 0.02129272 0.59159315 55.0
-1.37223423 0.56782925 1.29494750 55.0
1.22049963 0.87108433 1.28685987 55.0
-0.29369497 0.32846674 0.20777178 55.0
-0.66804606 -1.52946913 -0.70851219 55.0
-1.41011691 -0.53865236 -0.33467183 55.0
-1.06661546 -0.57047576 0.91492349 55.0
-1.00614595 -0.98428035 0.82832468 55.0
-1.23721600 1.40351784 0.73860747 55.0
-0.95365697 0.77121389 -1.39273298 55.0
-0.79220599 -0.91429305 0.84029746 55.0
-1.30907679 1.11519384 1.29349899 55.0
-1.39469087 0.96621692 0.56206310 55.0
1.26109743 -1.06629062 0.85949153 55.0
1.21527565 0.59251451 1.39803123 55.0
-0.97930813 -1.28254080 0.45249119 55.0
-0.82313025 -0.81057954 -1.24669349 55.0
-1.38378417 1.08814049 0.50626463 55.0
-0.64601958 -0.24368216 1.85538638 55.0
-0.40600991 -0.11828719 0.88940585 55.0
-0.55499595 1.43499982 -0.13569900 55.0
1.39244473 0.66801107 -0.24060875 55.0
0.80410105 -0.66599470 0.96808100 55.0
-1.26815152 1.03322542 1.29400599 55.0
-0.36187714 -1.18829572 -1.22776616 55.0
0.91544473 1.45307183 1.13580990 55.0
-0.56044668 1.28476059 1.42532456 55.0
-0.10028107 0.06073582 -1.25424433 55.0
-0.13430284 0.73129833 -1.22547030 55.0
-1.21429026 0.26269099 1.22220635 55.0
-0.07629810 -1.55787230 -0.75271338 55.0
0.90318727 0.81677502 -1.41429996 55.0
-0.68787497 -0.48809975 1.47488558 55.0
-1.31308711 0.64958352 -1.39908218 55.0
-1.23364961 1.37026823 -0.32544956 55.0
-1.41448212 0.22904018 -0.09972570 55.0
1.33616006 1.04934287 1.09496975 55.0
-0.81214166 -0.78734356 -1.21655738 55.0
-1.20776546 -0.78089869 -1.26199198 55.0
-0.13359003 -0.82281816 -1.25653768 55.0
1.39121377 0.71094906 0.41914481 55.0
-1.35735953 1.19464624 0.69037831 55.0
1.05538774 0.72013372 -1.65142393 55.0
1.11899424 0.85033679 1.32933700 55.0
0.55430317 -1.56213725 -0.19036470 55.0
-1.18490875 -1.44265151 -0.25061977 55.0
-0.24298488 1.42099345 -0.57983190 55.0
-0.11117756 0.56699228 0.26611686 55.0
0.52592587 -0.11428113 0.87894785 55.0
-0.09573808 1.35581541 -1.13970208 55.0
-0.11056767 0.32935727 0.22878304 55.0
1.31099939 0.40446773 1.20311189 55.0
-0.36197153 -0.87248707 -1.26700318 55.0
1.40502489 0.43335676 0.48727763 55.0
-0.52774835 -1.28986061 0.34953755 55.0
0.50997996 -1.53995788 -0.79858106 55.0
1.35296357 -1.03424990 0.49606860 55.0
-0.68764937 1.08696270 1.46865237 55.0
-1.35735953 1.19464624 0.69037831 55.0
-1.41871059 0.30489141 -0.04102863 55.0
-0.99324143 1.44683313 0.82800919 55.0
1.24632049 0.41616991 1.29431939 55.0
0.97360283 1.10365319 -1.29510844 55.0
0.51336163 1.13251698 1.45585775 55.0
0.97015828 -0.82026064 -1.42962205 55.0
-1.42629421 0.61982751 -0.58634478 55.0
-1.33631277 -1.14505804 -1.28336382 55.0
-0.98772454 -1.09846783 0.69042796 55.0
1.35798025 0.36874276 1.07047856 55.0
-1.40587437 0.13912709 -0.38601971 55.0
-0.89805728 0.49804488 0.91134632 55.0
-0.94607013 -0.90746409 0.84378934 55.0
1.22056520 -0.08094934 0.87495440 55.0
-0.42291772 -0.74228650 0.97472912 55.0
-0.57938904 -0.99528754 0.79751021 55.0
-1.25673771 -1.37654126 0.15620784 55.0
-1.00712526 -0.84096289 0.93364465 55.0
1.12787426 0.84831148 -1.84390414 55.0
-0.23610133 -0.16051698 1.76895356 55.0
-1.09817362 -0.18427677 -1.18807220 55.0
1.31867349 -1.27968454 -0.11756624 55.0
1.22049963 0.87108433 1.28685987 55.0
-0.66002411 0.50213665 -1.19846344 55.0
0.66296089 -0.88213354 0.87398535 55.0
0.39317188 -1.58147347 -0.46383327 55.0
-0.94780928 -0.90650761 -1.42376781 55.0
-1.03268528 -1.33368754 -1.15213501 55.0
-1.14508736 0.97594565 1.33809447 55.0
1.33795762 -1.19290292 0.22165088 55.0
0.09319751 -0.82281816 -1.25653768 55.0
1.38937044 -0.39384222 0.25735891 55.0
-1.21681452 0.65617806 -1.46062171 55.0
-1.17502344 1.20058739 -1.12984073 55.0
0.36625576 -1.41113150 -1.17719746 55.0
1.02277529 0.94541079 1.32744193 55.0
0.36561739 -0.11828719 0.88940585 55.0
0.84475791 1.21535659 1.41653597 55.0
-1.40960670 -0.25648811 -0.71582049 55.0
0.95284897 1.44683313 0.82800919 55.0
-0.09360433 1.14244962 1.50104821 55.0
1.28699243 1.28871810 1.08264649 55.0
-0.61095864 -1.51974106 -1.09055018 55.0
1.36610174 0.80052388 0.22715080 55.0
0.39239737 -1.57135677 -0.52997452 55.0
-1.39660203 0.13989230 0.64565372 55.0
1.11199653 -1.44529057 0.00843661 55.0
-0.38160002 1.47942245 1.14547336 55.0
1.21701252 0.95330209 1.28389418 55.0
-0.36069331 -1.05510044 -1.28307903 55.0
-0.66535693 0.32864809 0.22108968 55.0
0.75046158 -0.33116341 -1.18998611 55.0
-1.04544795 -0.27221876 1.16526377 55.0
1.34873044 -0.71872884 -0.34705013 55.0
-1.30634999 0.64594173 1.35922050 55.0
-1.40478647 -0.62708139 0.52459371 55.0
-1.35781574 -0.82322407 -0.96256930 55.0
1.07695651 -0.48177859 0.93779284 55.0
-1.30398226 1.26930559 1.28333044 55.0
-1.25608230 1.31883776 -0.91917777 55.0
0.40502122 0.44656992 -1.21806324 55.0
0.97360283 1.10365319 -1.29510844 55.0
1.37302196 -0.02382295 0.13368155 55.0
1.40277541 0.61899704 0.04380476 55.0
1.39019620 0.36206493 0.67986643 55.0
-0.61322957 -0.26115072 -1.20099294 55.0
0.20126735 1.44432414 -0.14612062 55.0
1.26619792 -1.03066337 0.90190095 55.0
-0.08844554 0.93421674 1.05824852 55.0
0.80623859 -0.48623329 1.34632480 55.0
0.82484013 1.42107153 -0.13211027 55.0
-0.94904459 -1.50690532 0.00514987 55.0
0.55741698 0.61944574 -1.21233058 55.0
1.16105592 1.41463733 1.15646172 55.0
-0.91491312 -1.13776052 0.57776546 55.0
-1.35608757 -0.39426446 -1.01225245 55.0
-0.53486198 1.47431290 1.13463640 55.0
0.74456996 -0.77269065 0.90296656 55.0
-1.25474131 0.52686155 1.38892508 55.0
1.07314134 0.61273468 1.39218795 55.0
-0.59785116 -1.01916838 -1.28310347 55.0
0.69893098 1.30461991 -1.13696253 55.0
-0.38544962 1.47778523 1.07121980 55.0
-0.59056544 0.86522949 -1.22956395 55.0
-0.07608825 -1.55620492 -0.84486759 55.0
0.09204904 1.03262210 -1.21625519 55.0
-0.94780928 -0.90650761 -1.42376781 55.0
-1.42097473 0.30473223 0.38341314 55.0
-1.41721880 0.75583977 0.92546040 55.0
-1.17160153 -1.26535833 0.62511247 55.0
-1.23500228 -0.28816566 0.90500820 55.0
-1.12979305 -0.86330462 1.04936957 55.0
0.31440073 1.13985169 -1.20919955 55.0
0.05561525 1.32194793 -1.19800460 55.0
0.49705833 1.05107296 1.53034377 55.0
-0.23573999 1.43061721 1.39792502 55.0
0.66439980 -0.91889489 0.84765857 55.0
-1.20776546 -0.78089869 -1.26199198 55.0
1.21527565 0.59251451 1.39803123 55.0
0.18635236 0.93214709 1.04327416 55.0
1.34814882 0.92619669 0.81239337 55.0
-1.28596961 -1.03548205 -1.67417872 55.0
-0.95387280 -0.46870360 -1.18564475 55.0
0.33970943 1.01369500 1.52984333 55.0
-0.27033725 -0.55227137 -1.23555827 55.0
-1.41656053 -0.10510851 -0.24133150 55.0
0.77771962 0.77376896 -1.25620294 55.0
1.30712295 1.24228525 0.57227570 55.0
0.51527709 1.46579337 0.51753539 55.0
-0.35569134 0.90898728 -1.23184979 55.0
-0.55228889 1.37436128 1.40438211 55.0
-0.36146662 -0.90753752 -1.27884066 55.0
-1.35698521 0.36330515 -1.00232935 55.0
0.89604145 0.86099809 -1.42291272 55.0
-0.79220599 -0.91429305 0.84029746 55.0
0.49995157 1.47268105 1.06129456 55.0
-1.06294823 1.02605402 1.37291634 55.0
0.74675876 -0.47077692 -1.18827689 55.0
0.95686454 1.43845093 0.25708428 55.0
-1.44934642 0.48978865 0.06034708 55.0
1.38942981 -0.25648811 0.39442155 55.0
1.26379263 -0.88740408 0.98989493 55.0
0.06349969 -0.02229335 0.42023146 55.0
1.39632094 0.38864696 0.49430469 55.0
1.13126206 -1.43277562 -0.65253544 55.0
0.54079574 -0.92263758 0.85886544 55.0
-1.05969012 -0.78413624 1.01207685 55.0
0.67505306 1.45309079 0.25707373 55.0
0.55850554 -0.90832913 -1.27525067 55.0
-0.87704718 1.32008374 1.40660775 55.0
1.40460682 0.61899704 0.26199934 55.0
1.37936187 0.75582832 0.56806850 55.0
0.03643154 -1.59583974 -0.44003564 55.0
-0.40925536 1.31507981 -1.16464627 55.0
1.40355825 0.43268657 0.81318563 55.0
-1.04686034 0.61724001 -1.22566926 55.0
0.30159408 -1.53151226 -1.11731601 55.0
-0.69532156 1.46608162 1.05554402 55.0
-1.11353374 0.61273468 1.39218795 55.0
-1.09817362 -0.18427677 -1.18807220 55.0
-1.29128969 -1.18931890 0.68515635 55.0
-0.79357862 0.39741480 -1.19021618 55.0
0.90805835 0.23310305 -1.18823826 55.0
-1.19640064 -1.37315166 0.36474866 55.0
-0.90137130 0.73822588 0.88335997 55.0
0.59766209 -1.28453255 0.34855834 55.0
-0.38569987 1.42631078 1.38275397 55.0
1.13526738 -0.80088431 -1.39899349 55.0
1.27757955 0.89978451 1.23262644 55.0
0.82941759 1.39809942 -0.55165327 55.0
1.20744467 0.70666957 1.37206984 55.0
-1.39281273 0.96621531 -0.04546610 55.0
1.36465025 0.80055147 0.89918381 55.0
-0.89303142 0.45231295 0.91664541 55.0
1.05297577 -0.10552963 -1.18818676 55.0
-1.12504411 -0.27426785 1.02082264 55.0
1.34443927 -0.78479278 0.52990645 55.0
-1.39321601 0.13912709 -0.70710146 55.0
-1.06411660 -0.93529564 -1.78597701 55.0
-0.26590163 0.37538147 -1.23938763 55.0
0.98407179 1.32510149 -1.07720268 55.0
0.22307682 0.23763391 -1.23970878 55.0
-0.93643391 0.86099809 -1.42291272 55.0
0.09275728 1.09798062 -1.20995617 55.0
