1.32223487 -1.31424236 0.54146212 15.0
1.29725611 -0.08061735 0.83897710 15.0
1.09662557 0.57407105 -1.05711031 15.0
1.30168557 0.17231011 0.85520726 15.0
-0.70868802 -1.44584739 -1.05921972 15.0
1.19871187 -0.98402923 -1.58329773 15.0
1.37939215 -0.72509378 -0.63808852 15.0
1.18806159 1.38209379 -0.35447878 15.0
-1.31505299 1.09006095 -0.60328412 15.0
-1.43154728 -0.97447842 0.47084630 15.0
-0.41310877 -1.55102718 0.47333694 15.0
-1.20846975 0.36540723 1.13293588 15.0
1.25885487 1.04859006 1.09604275 15.0
1.44067514 -0.89959812 -0.39403224 15.0
-0.57258379 1.17345357 1.18112397 15.0
-0.56932765 1.20341659 1.14338243 15.0
-1.24295843 -0.92185384 0.93293113 15.0
-0.28291076 0.50254983 -1.02179492 15.0
-1.43202913 -1.01150239 0.11410037 15.0
1.33940196 0.87780076 -1.21744740 15.0
-1.35141063 -0.85637414 0.89924836 15.0
-0.26315370 1.28144646 -0.85892481 15.0
0.61454570 -0.02268320 1.87624943 15.0
1.09292281 0.41426918 -1.05590641 15.0
-1.32831025 0.49328446 -0.64368522 15.0
1.37679434 -0.24613361 0.18042748 15.0
-0.08241966 0.68496197 1.75780904 15.0
-1.36554718 0.69659293 0.01035707 15.0
1.02296317 0.91026670 1.41265321 15.0
-1.02323830 -1.48516119 -0.81370258 15.0
-0.98979318 -0.87995636 -1.36307633 15.0
1.18806159 1.38209379 -0.35447878 15.0
1.09804726 0.76076925 1.43350601 15.0
-1.37509251 0.83448988 0.48561803 15.0
-1.35278440 0.56558013 -0.16895044 15.0
-0.08307420 -0.62248135 1.11328030 15.0
-1.13614595 1.41698623 0.88648403 15.0
-1.34091496 -0.68017292 -0.64159650 15.0
-1.07017899 0.08525287 -1.05599165 15.0
-1.31183088 0.74312168 -1.19593966 15.0
-1.21914113 0.48545873 1.12180042 15.0
-0.07770639 1.35739684 -0.77922451 15.0
0.39694837 1.05674195 -1.01774955 15.0
-0.07593400 -1.52958119 0.59164935 15.0
-1.35085261 -0.00042380 -0.16916129 15.0
0.82711118 1.12663567 -1.07265317 15.0
1.37342834 0.52647620 0.18814623 15.0
0.86809474 0.62977564 -1.10238135 15.0
0.60741699 1.52809429 0.69478226 15.0
-0.82743651 -0.76910585 -1.09865081 15.0
-0.60626417 1.12642205 -1.03928709 15.0
-0.76074624 -1.63525438 -0.37805369 15.0
0.09903535 1.40523708 1.12010920 15.0
1.08057404 0.67408586 -1.34083414 15.0
-1.02937794 -1.29733872 -1.03751755 15.0
-1.11304843 1.38691235 -0.71149111 15.0
-1.35469890 0.56558013 0.01028551 15.0
-1.28445971 -0.33690912 -0.91216266 15.0
0.72253484 -1.59120417 -0.13697585 15.0
0.29309052 -0.62241340 1.10032201 15.0
1.37629580 0.46371853 0.34547254 15.0
0.11078382 0.08526662 -0.98742026 15.0
-0.43305928 -0.10504165 1.82469583 15.0
1.14461470 -1.34325218 -1.01134849 15.0
0.66387224 1.53819454 -0.77688521 15.0
1.37771308 0.16854069 0.01022820 15.0
1.27024138 1.19291484 -0.35316280 15.0
0.90400088 -1.52085376 0.50773913 15.0
-0.81248838 1.44756305 -0.81677467 15.0
0.70206434 -1.64218390 -0.38955197 15.0
-0.46330521 -0.25035638 -1.06720459 15.0
0.63125551 0.54589635 1.82694614 15.0
-0.59622294 -1.00327122 0.95235455 15.0
-0.81555682 -0.95417953 -1.14906049 15.0
0.10200270 -1.54738009 0.01642539 15.0
0.43752614 -1.45175076 0.65321499 15.0
1.35835600 1.09077370 0.32807630 15.0
0.73511404 1.22676396 1.10787737 15.0
-1.33453107 1.09077370 0.18336070 15.0
-0.06744701 1.61437535 0.07413740 15.0
-0.28006437 -0.44269726 -1.02157712 15.0
-0.46330521 -0.25035638 -1.06720459 15.0
-1.27604628 0.00366778 0.84695214 15.0
-0.82599717 1.48582876 1.00839043 15.0
-0.75531787 -1.62036324 -0.70609415 15.0
0.99963850 1.21771502 1.08161497 15.0
-1.34628272 0.08346324 -0.36691821 15.0
-0.08304640 0.54585493 1.84845376 15.0
-0.11480557 -1.27077103 -0.96724510 15.0
1.09490299 -0.96313006 0.93387276 15.0
-1.36130500 1.00370991 -0.16789466 15.0
0.69857919 1.19578981 -0.99776065 15.0
0.39884445 -0.95416343 -1.04048157 15.0
1.39601159 -1.22904503 -0.32949385 15.0
-1.00165737 0.68299663 1.60635006 15.0
0.10314570 1.52807820 0.75129199 15.0
0.11072273 0.44894823 -0.98719788 15.0
0.60121971 -1.30837405 0.77705777 15.0
0.65725642 0.08532000 -1.09939933 15.0
-1.22313368 0.51518810 1.11613333 15.0
1.15272450 0.98545212 1.24302304 15.0
0.10679884 0.57672167 1.83031166 15.0
-0.35329115 -0.73491025 -1.01706254 15.0
-1.29768932 0.56918168 0.85997194 15.0
-1.14183128 0.84294927 -1.59150970 15.0
-1.37579703 0.91977507 0.01050518 15.0
-1.40942359 -1.12562585 -0.25105360 15.0
-0.08289617 0.51908273 1.86235571 15.0
0.57993078 -1.52948582 0.53004652 15.0
0.39884445 -0.95416343 -1.04048157 15.0
1.24933326 -0.68138009 0.92057264 15.0
-0.56458884 -1.64438903 -0.38370574 15.0
1.45302010 -0.93715161 0.25146857 15.0
-0.95344281 1.38963318 1.03548670 15.0
0.37389374 1.14775205 -0.97336632 15.0
1.25067222 -1.07402456 0.87167776 15.0
-1.00650990 -0.47488511 1.20412922 15.0
-1.18236578 -0.62238795 -1.03004515 15.0
-0.94147199 -0.44330701 -1.07449102 15.0
0.76964742 -1.04188573 0.92048299 15.0
-1.15339446 -1.41260934 -0.79137021 15.0
0.30381700 -0.44269726 -1.02157712 15.0
-1.42302787 -1.08432698 0.42565915 15.0
1.37589073 -0.16560884 0.34714282 15.0
-0.55320990 1.45642018 1.06098843 15.0
-1.30503273 -1.05079818 -1.45404315 15.0
0.10025916 -1.55136204 0.51707727 15.0
0.10277835 1.55264139 0.46329460 15.0
1.41276538 -1.17559111 -0.45267987 15.0
1.01992500 0.77034485 1.53817761 15.0
1.41632342 -0.76816875 0.13839234 15.0
0.44394290 -1.63284981 -0.19578329 15.0
1.02818429 1.08177674 1.22345710 15.0
1.37653708 0.56558013 -0.16895044 15.0
1.21165955 1.30578673 0.92735773 15.0
-0.78058320 -1.33007324 -1.07365048 15.0
-1.08214140 0.63468874 1.52350616 15.0
-0.44383323 0.51901382 1.85112977 15.0
-0.60652250 0.51912487 1.84129190 15.0
-1.35121286 1.04894495 0.01061259 15.0
0.29115197 0.68491721 1.75173306 15.0
-0.97925109 -0.02261996 1.74372375 15.0
1.33847678 1.04582679 -1.11202300 15.0
0.14554785 0.67500347 -0.99212974 15.0
1.31671834 0.56963593 -0.90085989 15.0
-1.14143801 1.13337445 -0.99106210 15.0
-0.57587755 1.14764524 -1.01741934 15.0
1.20722306 -0.53688049 -1.03121805 15.0
0.45925319 -1.35436082 -1.03893244 15.0
-0.57592595 -1.52238762 0.25063747 15.0
-0.95312124 1.14959013 -1.02923059 15.0
0.43283042 1.34386230 1.10559392 15.0
1.29490328 0.34909832 0.85802686 15.0
0.14162664 -1.14338779 -0.99105722 15.0
-0.51487881 -0.69153821 -1.06271589 15.0
0.37704381 -0.73491025 -1.01706254 15.0
-0.28291076 0.50254983 -1.02179492 15.0
1.32685232 -1.17030394 -1.28727758 15.0
-0.11778029 -1.06731021 -1.00184059 15.0
0.58711100 -1.45197308 0.63433176 15.0
0.97045499 0.71267790 -1.23569870 15.0
1.42593956 -1.06292999 0.73336577 15.0
-1.36284268 0.69659948 0.49387518 15.0
0.45853487 -1.04074943 0.95229316 15.0
-0.94281650 -0.34246537 -1.07504523 15.0
-1.31472421 1.04582679 -1.11202300 15.0
1.19442499 -1.02134395 -1.58218157 15.0
1.20540500 1.17894161 1.03832006 15.0
1.40191257 -1.22904503 0.14593463 15.0
1.35328269 0.26177233 -0.64486057 15.0
0.30455664 -0.25040171 -1.02249563 15.0
0.99418020 1.24294722 1.07147026 15.0
0.63106996 -0.71262115 1.02085888 15.0
-1.35125554 -1.27294004 0.09778563 15.0
-1.34628272 0.08346324 -0.36691821 15.0
-1.32981563 0.69679505 -0.88317621 15.0
-0.49171564 1.60581195 -0.40591410 15.0
1.37613332 -0.43494707 -0.18561710 15.0
-1.06490612 -0.27904424 1.38495386 15.0
0.14411417 -0.76979160 -0.98381293 15.0
1.09070563 -0.69079351 -1.05133355 15.0
1.36235106 0.83855444 0.85810125 15.0
-1.03395665 -1.18235815 -1.35151660 15.0
-1.24705791 0.67228401 1.08662009 15.0
1.07985401 -1.12996054 0.86283183 15.0
0.91435337 0.41662133 1.81930912 15.0
1.28031957 0.88011771 -1.47758853 15.0
0.66120815 0.62964594 -1.06496847 15.0
-1.18505275 -0.33923066 -1.03250134 15.0
1.06881380 -0.71311879 0.98192209 15.0
-0.67987448 -1.53095055 0.51773262 15.0
-0.07823619 1.13115358 1.28145134 15.0
-0.59830213 0.81996524 1.62066269 15.0
1.35634172 0.08346324 -0.64485168 15.0
-1.34705102 -0.33609360 0.47965771 15.0
1.37788343 -0.33609360 0.17384735 15.0
1.19441819 1.36221457 0.48119527 15.0
-1.15339446 -1.41260934 -0.79137021 15.0
-1.16023254 0.66817677 -1.34300911 15.0
-1.15352035 1.38091052 -0.54552245 15.0
-0.79224771 -0.44307691 -1.09892988 15.0
-0.83189934 -1.44492412 -1.03546667 15.0
-0.55743754 -1.61908937 -0.85443640 15.0
-1.16430891 1.38209379 -0.35447878 15.0
-1.30211580 -1.30420518 -0.73300195 15.0
1.41157937 -0.86019349 -0.89113420 15.0
-0.28051275 -0.34202075 -1.02213407 15.0
1.27081060 0.67228401 1.08662009 15.0
-0.63445336 0.64834058 -1.06783175 15.0
0.98439795 -0.69264954 -1.07099676 15.0
-0.60627556 -0.76412052 1.01460123 15.0
0.11072273 0.44894823 -0.98719788 15.0
1.14573669 1.11353242 1.13359177 15.0
-0.56056255 -1.53035307 -1.02998090 15.0
0.81600034 -0.44307691 -1.09892988 15.0
-1.33769143 0.78947484 -0.88986695 15.0
-1.03123808 1.10739934 -1.12303650 15.0
-0.95444179 0.53755152 -1.07393503 15.0
-1.38690972 -0.83976889 0.80344898 15.0
-0.28051275 -0.34202075 -1.02213407 15.0
-0.92021173 -1.06823635 -1.27306008 15.0
-1.42915094 -1.04814517 0.09862451 15.0
-1.13345063 -0.29228860 1.22009420 15.0
1.43332589 -0.85621506 0.65104616 15.0
0.80957437 -1.52527046 -1.00806594 15.0
1.33488309 -1.30481887 -0.54122806 15.0
1.45257497 -0.93715161 0.47401461 15.0
1.06544876 -1.26888680 -1.07146502 15.0
1.06005740 -1.21971405 -1.24683976 15.0
-1.10109830 1.18012357 1.08306086 15.0
1.35780513 0.74312168 -0.88708049 15.0
0.57696259 1.45642018 1.06098843 15.0
0.24100088 1.59765387 -0.61168760 15.0
0.45681924 0.14854194 1.94782186 15.0
1.34518731 -0.43486178 0.61599040 15.0
-0.97026610 -1.22245634 -1.21383476 15.0
-0.97092396 -0.99376714 -1.45799387 15.0
-0.88616055 0.86828005 1.51757395 15.0
-1.23618555 -1.36058807 -0.76558036 15.0
1.38709307 -1.12489498 -1.16435051 15.0
0.93444484 -0.76524913 0.98502815 15.0
-0.75531787 -1.62036324 -0.70609415 15.0
0.10677062 -0.71269524 1.06728780 15.0
-1.06732154 1.30957198 1.04103315 15.0
-1.02361155 1.40951538 -0.78426164 15.0
-0.70697510 1.57528079 0.17262261 15.0
0.28974965 0.77251589 1.68230605 15.0
-1.18236578 -0.62238795 -1.03004515 15.0
0.95610362 0.80522913 -1.28194451 15.0
-1.06515336 -0.80787247 -1.26073360 15.0
-1.32952988 0.26177233 -0.64486057 15.0
1.37164128 -1.27294004 -0.23460484 15.0
0.99029011 -1.27255845 -1.08028877 15.0
1.34675896 -0.74842495 0.81817704 15.0
0.76367021 0.95801014 1.44795108 15.0
-1.29746151 -1.26482582 0.70579749 15.0
-0.37268814 0.97928089 -1.01913273 15.0
0.92406094 -1.53563190 -0.92153221 15.0
1.39923501 -0.72429454 -0.02734406 15.0
-0.41090485 1.29002237 1.11792982 15.0
-1.33079886 1.00348330 -0.87491077 15.0
-0.40063903 1.45208681 -0.80400312 15.0
1.29949033 0.44191876 0.86074322 15.0
-1.36769903 -1.22885346 -0.48392007 15.0
0.76039493 -1.18869066 0.85241991 15.0
0.10594213 0.72714382 1.72550988 15.0
1.38489234 0.65196371 -0.16877660 15.0
-0.08301798 -0.71269524 1.06728780 15.0
0.08977928 1.61816370 -0.04026964 15.0
0.12142394 -0.69170552 -0.98272645 15.0
0.74749565 1.51257563 0.89244682 15.0
-0.86207271 1.55133808 0.38356704 15.0
-1.24609685 -1.36146390 -0.58977103 15.0
-0.37319571 1.05674195 -1.01774955 15.0
-1.35006261 0.49304757 0.18786690 15.0
-1.37802124 -1.22904503 0.04791566 15.0
-1.26562524 -1.35742962 -0.00798942 15.0
1.39157832 -0.72445434 -0.38959840 15.0
-0.82935023 1.56377065 -0.65397447 15.0
1.37852454 -0.61644894 0.15767279 15.0
0.27692685 -1.44552326 -0.98240644 15.0
0.64342463 -0.91579968 -1.08236659 15.0
0.76711977 1.59582746 -0.00788921 15.0
0.45856380 -0.18696618 1.74334371 15.0
-1.08920932 1.47780573 -0.22643425 15.0
-0.97344154 1.11059868 -1.11919558 15.0
-0.46356985 -0.16835551 -1.06740963 15.0
1.37823081 0.16852348 0.18786293 15.0
-0.07646167 1.57676971 0.25482467 15.0
0.97287202 -0.76738119 -1.11135411 15.0
-0.57017457 -1.44534838 -1.05814719 15.0
-0.94576323 -0.84873289 -1.20509255 15.0
-1.34950960 0.52618569 0.34743094 15.0
-1.38782668 -0.86019349 -0.89113420 15.0
1.10859728 0.53577948 1.58192480 15.0
0.27722138 -1.36693585 0.76170492 15.0
-1.27031052 0.96381420 -1.41337657 15.0
1.07490981 -1.48075914 0.46829939 15.0
1.30747485 0.44171706 -0.91333503 15.0
1.45302010 -0.93715161 0.25146857 15.0
-1.07017899 0.08525287 -1.05599165 15.0
1.17617249 0.51473314 1.38700104 15.0
0.95506245 1.55466509 0.17683111 15.0
0.92618424 0.57753903 1.74624693 15.0
-1.27082682 1.16383076 0.01074469 15.0
-0.59190214 -0.10503618 1.81465816 15.0
0.09942083 1.34409213 1.13441348 15.0
-1.26857328 1.14218569 -0.60747200 15.0
1.30673158 -0.16598441 -0.91315734 15.0
-0.28087622 0.44892386 -1.02258539 15.0
0.10594213 0.72714382 1.72550988 15.0
1.44694448 -1.08493507 0.29511929 15.0
-1.06052554 -0.87705290 -1.44438803 15.0
-1.19706666 -1.25814140 0.76626664 15.0
0.62566400 0.72718054 1.70008016 15.0
-0.44149762 -0.85185897 1.01657617 15.0
-0.94733810 0.60936707 -1.10522485 15.0
1.39517212 0.96128345 0.47334516 15.0
0.10316588 -1.23237920 0.89069325 15.0
-1.26995635 -0.24203360 0.81586349 15.0
1.37751162 -0.67953354 -0.38026389 15.0
-1.32006180 -0.33609360 0.62480003 15.0
-0.84140611 1.29089200 1.07076669 15.0
0.99663854 1.51335299 0.66940206 15.0
1.37606430 -0.16560884 0.18533012 15.0
-1.40411365 -0.81589758 -0.21318878 15.0
0.43741015 -1.61978459 -0.82439590 15.0
1.25067222 -1.07402456 0.87167776 15.0
0.59090281 -1.63225532 -0.22107725 15.0
0.10507037 -1.00335288 1.00090122 15.0
-1.14121628 -0.39096409 1.11886311 15.0
-1.00443161 1.08177674 1.22345710 15.0
-0.97126663 1.08885765 -1.19255865 15.0
0.88509661 -1.38817775 -1.04405892 15.0
-0.89060068 0.41662133 1.81930912 15.0
-1.36284268 0.69659948 0.49387518 15.0
-0.08304640 0.54585493 1.84845376 15.0
-0.58683950 -1.18756270 0.86711979 15.0
-1.37332547 -0.72429454 -0.20475148 15.0
-0.80986661 -1.02990615 -1.14868224 15.0
0.40352398 -0.76971096 -1.01916420 15.0
1.25528514 -1.03310704 0.88788730 15.0
1.05910611 -1.42412901 -1.00160265 15.0
1.38302553 -0.67937368 -0.19452475 15.0
0.30471963 -0.16839190 -1.02269816 15.0
-1.35323274 0.44034556 0.18758301 15.0
1.45228004 -0.97455448 -0.20939140 15.0
0.86127687 1.34433985 1.05865061 15.0
0.63052809 0.61014450 1.78674281 15.0
-1.14121628 -0.39096409 1.11886311 15.0
-0.64197379 -0.62754285 -1.09621739 15.0
0.10406388 -1.13335156 0.94606847 15.0
1.03585637 -1.32722521 -1.03029561 15.0
0.51548362 0.53651488 -1.06570780 15.0
0.93476719 1.19732714 -0.97663975 15.0
-1.07425058 -0.84949511 0.96349055 15.0
-0.98282248 -0.91730320 -1.40935266 15.0
-0.38327554 -0.82731241 -1.02638412 15.0
0.12142394 -0.69170552 -0.98272645 15.0
0.98931491 1.28136694 1.06170177 15.0
-0.44264627 -0.81134981 1.02451384 15.0
0.83624113 1.44756305 -0.81677467 15.0
-1.34515202 -0.00042380 -0.36691821 15.0
1.28626359 -1.21161592 -1.20072806 15.0
1.30280137 -0.52674550 0.75756544 15.0
0.74878043 -1.38763630 -1.06793797 15.0
0.11077774 -0.08602245 -0.98739809 15.0
0.99354964 0.89584321 -1.45757723 15.0
-0.75076002 -0.96685714 0.95421481 15.0
-1.35563934 -0.72509378 -0.63808852 15.0
0.74786782 1.59218669 -0.39977458 15.0
-1.29519653 -1.27312899 -0.91663045 15.0
0.30473989 0.41465390 -1.02272320 15.0
0.28362924 -1.18753254 0.90326130 15.0
-1.06732154 1.30957198 1.04103315 15.0
1.33529270 1.12110281 0.18295410 15.0
1.27665496 1.19428539 0.60877430 15.0
-0.80983120 1.19700933 -0.99926043 15.0
1.45287430 -1.04799318 0.32736543 15.0
1.03267086 0.54429948 1.69630706 15.0
0.61799288 -1.04090226 0.93566805 15.0
0.45856380 -0.18696618 1.74334371 15.0
1.40545595 -0.76808345 0.49791750 15.0
0.45696282 -1.08203995 0.93554813 15.0
0.10277835 1.55264139 0.46329460 15.0
0.58637798 -1.63909662 -0.56462485 15.0
-0.37711552 -0.91591746 -1.03745806 15.0
0.11069833 -0.25043759 -0.98710918 15.0
-1.18505275 -0.33923066 -1.03250134 15.0
1.34121549 0.34577751 0.64681077 15.0
-0.68469220 -1.63043225 -0.22807468 15.0
1.03993666 -0.55911833 1.08393812 15.0
0.90632969 -0.18713646 1.67261589 15.0
-0.49171564 1.60581195 -0.40591410 15.0
-1.28852165 1.14265275 0.01071971 15.0
0.30526611 1.22971785 -0.89570630 15.0
1.02170062 -0.37772068 1.34874868 15.0
0.89298952 -1.51269209 -0.98931748 15.0
1.02958667 -0.78903723 -1.15872526 15.0
1.21049631 -1.25434601 -1.06811798 15.0
0.96816278 0.26742503 -1.07573593 15.0
-1.33392811 1.09077370 0.01065344 15.0
-1.34617889 0.34796950 -0.16916114 15.0
0.30480981 0.08527357 -1.02281010 15.0
0.14162664 -1.14338779 -0.99105722 15.0
-1.35621071 1.00368476 -0.35441568 15.0
-1.35179329 -0.53180075 -0.18598196 15.0
1.39454973 0.91978604 0.64507729 15.0
-1.01210368 -1.32722521 -1.03029561 15.0
1.43750405 -1.08508718 -0.41970205 15.0
-1.03630471 -1.21971405 -1.24683976 15.0
0.76672441 -0.10509790 1.79325163 15.0
-1.03463674 1.45904386 0.95627695 15.0
0.10219595 -1.30846369 0.83102387 15.0
-1.33859837 0.83855444 0.85810125 15.0
0.84974986 1.48582876 1.00839043 15.0
-0.90030819 -1.53563190 -0.92153221 15.0
1.34884858 -0.90186775 -1.42240763 15.0
-1.37423933 -0.81523204 -0.88375789 15.0
-0.70868802 -1.44584739 -1.05921972 15.0
-1.36128509 -0.67937368 -0.02051517 15.0
1.08260608 1.47781587 0.67128992 15.0
-1.34997475 -0.08470963 -0.17012110 15.0
0.99501932 1.08885765 -1.19255865 15.0
1.18806159 1.38209379 -0.35447878 15.0
-1.27824724 0.46622792 0.86091733 15.0
-1.42302787 -1.08432698 0.42565915 15.0
1.18398511 0.66817677 -1.34300911 15.0
0.74460459 -1.29892540 -1.07523489 15.0
-1.33319461 -0.61660874 -0.64272302 15.0
1.37412679 -1.04145384 0.83732098 15.0
-0.96377033 1.34596503 -0.84925276 15.0
-0.44264627 -0.81134981 1.02451384 15.0
1.37362421 -0.16560884 -0.17396021 15.0
0.56263596 -1.29872894 -1.04322493 15.0
-1.35375881 -0.67953354 -0.38026389 15.0
-0.25346875 -1.36693585 0.76170492 15.0
0.27115613 1.34399056 1.12168086 15.0
-0.24461238 1.45629120 1.09314215 15.0
1.45102060 -1.00661027 0.61862707 15.0
1.35356832 0.69679505 -0.88317621 15.0
-0.22673382 1.54439676 -0.70390785 15.0
-0.07814787 -1.59253347 -0.04734083 15.0
0.78149766 0.48088503 1.83696914 15.0
-1.06576705 -0.54066515 -1.05401778 15.0
0.90898627 0.32862514 1.84500682 15.0
-0.26925486 0.57668626 1.82501006 15.0
-0.84434199 0.62977564 -1.10238135 15.0
0.87270337 1.22624540 1.09184062 15.0
-0.37618089 0.80430543 -1.04288912 15.0
-1.18884552 0.60766470 -1.07287884 15.0
0.48681977 0.47318324 -1.06701994 15.0
1.14912164 -0.04064793 1.40775418 15.0
1.19886518 -0.57037371 0.96189094 15.0
-1.15616775 0.57811385 1.35975718 15.0
1.37064528 -0.00042380 0.48866248 15.0
1.16212952 1.32981634 1.00157678 15.0
1.18490279 0.62695777 -1.14536262 15.0
-1.12879992 -0.20224710 1.30408335 15.0
-0.56262535 -1.63909662 -0.56462485 15.0
1.37342834 0.52647620 0.18814623 15.0
-0.85884005 1.17453003 1.14525235 15.0
-1.31874847 0.70066375 0.86030149 15.0
-1.08947146 1.20026803 1.07070649 15.0
-1.27264869 0.40784833 0.85960102 15.0
-1.37246704 0.78947484 -0.16847479 15.0
1.08099890 -0.76318008 0.97711337 15.0
-0.26582876 -0.92830110 1.01688027 15.0
-0.46210432 -0.44263101 -1.06627381 15.0
1.26671112 -0.92185384 0.93293113 15.0
-1.18884552 0.60766470 -1.07287884 15.0
1.27386868 1.16373730 -0.60296488 15.0
-0.86949927 1.08650112 1.26322997 15.0
1.14461470 -1.34325218 -1.01134849 15.0
-1.35752034 0.91977507 -0.59198046 15.0
0.43097678 1.40499532 1.09094393 15.0
1.35455155 1.00348330 -0.87491077 15.0
0.81868529 -0.08600756 -1.10015714 15.0
0.10301108 1.04192877 1.39950860 15.0
1.42367864 -0.97455448 -0.90387499 15.0
-1.37579703 0.91977507 0.01050518 15.0
-1.05110157 -1.18409824 0.83527559 15.0
0.90470999 0.95826983 1.41658068 15.0
-0.82174361 -1.45352161 0.61369169 15.0
0.58417487 -1.55126619 0.45309550 15.0
0.65605694 -0.34200004 -1.09870911 15.0
0.45853487 -1.04074943 0.95229316 15.0
1.39039445 -1.08508718 -1.19069338 15.0
-1.03463674 1.45904386 0.95627695 15.0
1.37896574 0.56552935 0.18844055 15.0
1.15720344 -0.29228860 1.22009420 15.0
-0.92579257 1.08806503 -1.14674854 15.0
0.88215852 1.51120090 0.88042802 15.0
1.09345245 -0.08583211 -1.05596972 15.0
-0.28561431 -0.62754637 -1.01969349 15.0
-0.94232142 -0.62845927 -1.07261634 15.0
0.77797657 -0.37915519 1.44386685 15.0
-0.89798075 -0.47679016 1.25476682 15.0
0.83453953 0.93710637 -1.13338637 15.0
0.81723541 -0.34229517 -1.09949434 15.0
-0.88632494 -1.57401800 -0.12304255 15.0
0.48746654 0.35463730 -1.06752133 15.0
1.35053730 0.34796950 -0.64485079 15.0
-1.15503645 -1.42433560 -0.49668092 15.0
0.63125551 0.54589635 1.82694614 15.0
1.35253203 0.40687916 -0.64480883 15.0
-0.38806900 0.62969643 -1.02028906 15.0
-0.88717878 -1.18895423 0.84126204 15.0
1.39056802 -1.20837998 0.65392870 15.0
0.14153294 -1.06731021 -1.00184059 15.0
0.14199924 -1.22054923 -0.97858602 15.0
0.39824134 -1.24824727 -1.00790405 15.0
0.91007763 -1.57401800 -0.12304255 15.0
0.09980080 1.29024172 1.14645851 15.0
-1.05252469 -0.02596601 1.62423766 15.0
1.09998298 -0.88762677 0.95564425 15.0
-1.41345966 -1.12524569 0.38300100 15.0
-0.07941323 -1.23237920 0.89069325 15.0
0.84549624 -1.45352161 0.61369169 15.0
1.08673203 -0.84054673 -1.35935009 15.0
-0.26392633 0.86705303 1.59413493 15.0
-0.37932020 -0.87998253 -1.03144276 15.0
-0.61275083 -1.18282509 -1.06436872 15.0
-0.08689617 0.47324315 -0.98692894 15.0
-1.39421499 -1.12546444 -0.64960915 15.0
0.69336903 -1.59289253 -0.96417642 15.0
1.34826136 0.08346324 0.64291054 15.0
1.32878542 -1.05079818 -1.45404315 15.0
-0.81193817 0.89435548 -1.14601159 15.0
0.94501799 -1.03087878 -1.28224802 15.0
-0.81422794 -1.24828112 -1.09104419 15.0
-0.82599717 1.48582876 1.00839043 15.0
0.45083833 -1.23210645 0.85598296 15.0
-0.46368697 -0.08597331 -1.06750047 15.0
-1.24439728 1.15925288 0.95889312 15.0
0.44531974 -1.52215362 0.27239618 15.0
1.37729824 -0.33609360 -0.00801469 15.0
0.10499968 0.86711347 1.60187602 15.0
-1.36339331 0.65196437 0.34964254 15.0
1.37679434 -0.24613361 0.18042748 15.0
-0.80902386 -1.06722701 -1.14589822 15.0
0.29245111 -0.76411581 1.04770923 15.0
-0.42242172 -1.30817604 0.79487145 15.0
-0.64011955 1.53819454 -0.77688521 15.0
0.46817160 -0.71252394 1.03684568 15.0
-0.63294601 -0.25037548 -1.09907842 15.0
1.24313951 -0.80683565 0.95777637 15.0
-0.37212661 -1.06720400 -1.03738427 15.0
-1.34762549 0.49318343 -0.16908796 15.0
-1.42234647 -1.08508718 -0.06922623 15.0
1.16519070 1.13337445 -0.99106210 15.0
-1.40902698 -1.04814517 -0.63748330 15.0
0.29300821 0.54582220 1.84334552 15.0
-1.41232133 -1.12562585 -0.09485711 15.0
-1.33384776 0.56490523 0.65462339 15.0
1.37679434 -0.24613361 0.18042748 15.0
-0.55580336 -1.59486270 -0.96242648 15.0
1.09139633 -0.80935490 0.97118229 15.0
1.17992043 0.57811385 1.35975718 15.0
0.39755249 1.08684599 -1.01092589 15.0
-1.36279464 0.78950298 0.65643269 15.0
1.37342834 0.52647620 0.18814623 15.0
-1.40372181 -1.12559354 -0.43086651 15.0
1.20540500 1.17894161 1.03832006 15.0
0.40515581 -0.85097778 -1.02759326 15.0
-1.20694184 0.02003410 1.13076377 15.0
1.44244826 -1.07943940 0.58608049 15.0
-0.61381423 -1.22027886 -1.05847538 15.0
-0.96638572 1.49778259 0.87339163 15.0
0.65342563 -0.82720429 -1.07114482 15.0
1.17884314 0.70561540 -1.44851327 15.0
1.20819187 0.46919039 -1.03277767 15.0
-0.92551577 -1.57043076 -0.21085508 15.0
0.94596422 -1.18412519 -1.19708788 15.0
1.34833872 -1.28524554 0.58014905 15.0
0.10205106 1.51102924 0.95736724 15.0
0.27445090 1.22540009 1.15524781 15.0
-1.33460343 1.09077370 0.32807630 15.0
0.78189814 -0.47670010 1.28353298 15.0
-1.17511249 -0.57037371 0.96189094 15.0
1.00672913 0.57565916 -1.07564497 15.0
-1.25536704 -1.36242545 -0.33793759 15.0
0.95501095 1.17277849 -1.00050306 15.0
1.40659320 -1.15493381 0.68786448 15.0
1.34965944 -1.18637681 0.76794058 15.0
-0.27943859 -0.54133707 -1.02079976 15.0
-1.07115030 -0.96313006 0.93387276 15.0
-0.99486113 0.86461163 1.45716131 15.0
1.37579942 0.16854069 -0.16916159 15.0
-0.70868802 -1.44584739 -1.05921972 15.0
-1.34929442 1.04894495 -0.16774935 15.0
1.34409249 -1.30497229 -0.27173656 15.0
-1.27794588 0.08755480 0.85225934 15.0
-0.74297172 -0.10509790 1.79325163 15.0
-0.87152308 -1.30991411 0.75346875 15.0
1.37683976 0.43979672 0.34519467 15.0
-0.83752382 -0.79997277 -1.10767221 15.0
0.14166209 -1.02998853 -1.00298512 15.0
-1.28372216 0.44171706 -0.91333503 15.0
-1.31122613 1.12117994 0.45501426 15.0
-0.84434199 0.62977564 -1.10238135 15.0
0.65710241 0.41472021 -1.09931076 15.0
-1.38059103 -1.12534916 -0.90180093 15.0
-1.20304406 -0.14513350 1.08547306 15.0
-1.43112361 -0.97455448 -0.03383205 15.0
-0.21840446 1.61359203 -0.20207159 15.0
1.41430438 -0.76815170 0.36464131 15.0
1.03093028 0.51760608 1.71010387 15.0
-0.40063903 1.45208681 -0.80400312 15.0
-1.25471020 1.19291484 0.32402709 15.0
1.45208824 -0.93715161 -0.03263038 15.0
-1.15172589 0.97102326 -1.50548625 15.0
1.37679434 -0.24613361 0.18042748 15.0
-1.07429445 0.76076925 1.43350601 15.0
0.78469408 -0.76483136 0.99885756 15.0
-0.62663311 -0.85086703 -1.07237017 15.0
-0.87758136 0.06329685 1.85595357 15.0
1.37304723 1.04894495 -0.16774935 15.0
-1.22313368 0.51518810 1.11613333 15.0
0.94833684 0.89527804 -1.28092313 15.0
-1.32907188 -0.61559618 0.57974851 15.0
1.30821240 -0.33690912 -0.91216266 15.0
-0.74594384 -0.18711700 1.71186531 15.0
0.30666342 0.50254983 -1.02179492 15.0
0.63125551 0.54589635 1.82694614 15.0
-1.33258903 0.08346324 -0.64485168 15.0
0.66074675 0.50262141 -1.09836280 15.0
-1.12638688 1.37789941 0.98636943 15.0
0.53863150 -0.69153821 -1.06271589 15.0
1.40191603 -1.22904503 0.29114529 15.0
0.28110006 1.55244100 0.44339570 15.0
0.69960958 -1.63688624 -0.56919050 15.0
-0.26167110 -0.02272313 1.89163470 15.0
-0.83325541 1.40474761 1.04424882 15.0
-0.07814787 -1.59253347 -0.04734083 15.0
1.18443727 1.01186144 -1.43552828 15.0
1.01769316 0.81756812 1.49902987 15.0
1.16496909 -0.39096409 1.11886311 15.0
-1.06865096 -0.34156913 -1.05532777 15.0
-1.35413253 -0.61644894 -0.01597047 15.0
-1.39257073 -0.76816875 0.13839234 15.0
-0.75350046 0.77340639 1.64219499 15.0
1.37806070 0.16847189 0.34631655 15.0
0.11078382 0.08526662 -0.98742026 15.0
-1.37438309 0.78947484 0.01041481 15.0
-0.07770639 1.35739684 -0.77922451 15.0
-0.12154468 -0.82739800 -0.99095649 15.0
0.48746654 0.35463730 -1.06752133 15.0
-0.92579257 1.08806503 -1.14674854 15.0
-1.28490055 0.16902740 -0.91351992 15.0
1.00300384 -0.02261996 1.74372375 15.0
-0.69508123 -0.69163191 -1.09455585 15.0
-1.02323830 -1.48516119 -0.81370258 15.0
-0.94441009 0.26742503 -1.07573593 15.0
-1.05499363 0.14346087 1.68179238 15.0
1.11992073 1.21142280 -0.91221523 15.0
-1.17302430 1.36236441 0.90801632 15.0
-1.33053017 -0.16560884 -0.64463639 15.0
0.14290185 0.80436039 -1.00728714 15.0
0.27880284 -1.54723239 -0.00824539 15.0
-1.02655315 -1.30455685 0.74865985 15.0
0.10145905 1.35739684 -0.77922451 15.0
-0.99222815 1.22536540 -0.93118471 15.0
1.13106036 1.18007147 -0.93830103 15.0
0.77874511 -1.58607960 -0.94248194 15.0
0.84190321 0.80439520 -1.15217924 15.0
0.93496072 -0.81244463 0.97901654 15.0
-0.87797129 1.00102234 1.36684287 15.0
1.28900266 -1.35520577 0.31674752 15.0
-1.34495080 1.00358391 -0.59176666 15.0
-0.75350046 0.77340639 1.64219499 15.0
-0.46371388 0.35463730 -1.06752133 15.0
1.19441819 1.36221457 0.48119527 15.0
-0.64197379 -0.62754285 -1.09621739 15.0
1.03267086 0.54429948 1.69630706 15.0
-1.29848218 -1.31424236 0.54146212 15.0
-0.62993765 -0.54132837 -1.09734690 15.0
0.46301800 0.77244991 1.67370272 15.0
-0.74122524 -1.35585904 -1.07157707 15.0
-0.57258379 1.17345357 1.18112397 15.0
-0.08188938 -0.92839539 1.03072035 15.0
-0.12090845 0.71189785 -0.99768853 15.0
-1.39257073 -0.76816875 0.13839234 15.0
-0.25519344 1.51091325 0.94274408 15.0
1.18406022 1.23735952 1.02218866 15.0
1.22858751 -0.31556457 1.00797021 15.0
1.33957899 0.61255115 -0.88844818 15.0
-0.22673382 1.54439676 -0.70390785 15.0
1.39583337 -1.17436922 -0.90068054 15.0
0.91124475 1.14903474 -1.05127168 15.0
-0.43926534 0.77244991 1.67370272 15.0
0.65637559 0.47328645 -1.09889245 15.0
0.14411417 -0.76979160 -0.98381293 15.0
-0.86207271 1.55133808 0.38356704 15.0
0.10440817 -0.10509451 1.83654571 15.0
1.19256842 -1.09565914 -1.51155436 15.0
-1.37771463 0.87780321 0.18661410 15.0
-1.16114998 0.62695777 -1.14536262 15.0
0.09903535 1.40523708 1.12010920 15.0
-0.59275270 0.91293532 1.51956642 15.0
-1.34709477 0.69670016 -0.59656006 15.0
-0.35329115 -0.73491025 -1.01706254 15.0
0.48658499 -0.34196547 -1.06683803 15.0
-1.15778041 0.61447626 1.34350944 15.0
-1.42882240 -0.93715161 0.47401461 15.0
-1.34628272 0.08346324 -0.36691821 15.0
-0.08098615 1.28154254 -0.82526654 15.0
-0.82579440 1.57444477 -0.52926666 15.0
1.02388835 -1.36286855 0.69581538 15.0
-1.24992168 1.12232697 -0.86506081 15.0
-1.18269002 1.35786295 0.72721207 15.0
-0.68559062 1.45091987 -0.83654928 15.0
-0.25424805 -1.63304567 -0.16255355 15.0
1.40659320 -1.15493381 0.68786448 15.0
0.42829886 1.45615077 1.07667434 15.0
-1.35141063 -0.85637414 0.89924836 15.0
1.02170062 -0.37772068 1.34874868 15.0
-1.15339446 -1.41260934 -0.79137021 15.0
-0.94435596 -0.08602547 -1.07569587 15.0
1.43786025 -0.97455448 -0.62580061 15.0
0.96951586 -0.84873289 -1.20509255 15.0
0.28592718 -0.10507116 1.83131027 15.0
-1.28306711 -0.08487643 -0.91344506 15.0
-1.12666512 0.04376534 1.44075811 15.0
-1.00583398 -0.78903723 -1.15872526 15.0
1.39876962 0.78947771 0.18772613 15.0
-0.25849518 -1.23225868 0.87535799 15.0
-0.89216816 -1.57764900 -0.53674835 15.0
0.89164776 1.52798462 0.67323983 15.0
-0.57611573 1.13117993 1.24185514 15.0
1.34826136 0.08346324 0.64291054 15.0
-1.35221648 -0.61644894 -0.18773304 15.0
1.32723391 -1.12679255 -1.36525023 15.0
-1.30309963 -1.17030394 -1.28727758 15.0
-0.59424025 -1.04090226 0.93566805 15.0
-1.24992168 1.12232697 -0.86506081 15.0
1.36336052 -1.27275491 -0.51527101 15.0
1.04281676 -1.49792790 -0.66789389 15.0
-1.13375580 0.30438349 1.43850052 15.0
0.24260086 1.61631143 -0.06554567 15.0
0.94788128 1.05792952 -1.18901813 15.0
0.73266643 -1.53697515 0.37330827 15.0
1.38539207 -0.93137467 0.88043654 15.0
-1.07525051 1.47439992 -0.53783828 15.0
1.39039445 -1.08508718 -1.19069338 15.0
0.97719544 1.38963318 1.03548670 15.0
-0.38140315 -0.85097778 -1.02759326 15.0
-1.37807536 -0.86034292 -1.16728032 15.0
0.65637559 0.47328645 -1.09889245 15.0
-1.34399986 0.40532082 0.48709449 15.0
0.39927214 1.54274642 -0.74436402 15.0
-1.31897759 0.40434751 0.64780277 15.0
1.38738453 0.69659293 -0.16868667 15.0
-1.02803290 0.89334542 -1.57192159 15.0
1.14972544 -0.12164663 1.36292875 15.0
0.48717508 0.44889301 -1.06729543 15.0
1.43625355 -1.01150239 -0.63137919 15.0
1.38347507 -1.17209804 -1.12533009 15.0
0.11862113 1.19576526 -0.88892382 15.0
-0.98979318 -0.87995636 -1.36307633 15.0
-1.27014303 -0.33198780 0.79973501 15.0
1.38515639 1.00370991 0.63642091 15.0
0.29183212 -0.81145626 1.04166877 15.0
-1.18488073 -0.08535129 -1.03322434 15.0
-1.19779420 1.15876532 1.04783416 15.0
-0.82743651 -0.76910585 -1.09865081 15.0
1.39454973 0.91978604 0.64507729 15.0
1.30794036 -0.53312129 -0.91102916 15.0
1.35064256 0.74720198 0.85995591 15.0
-1.00650990 -0.47488511 1.20412922 15.0
0.76964742 -1.04188573 0.92048299 15.0
-1.35365307 0.60911143 -0.36030129 15.0
-0.71881980 1.17465103 1.16420174 15.0
1.02177143 1.12692666 1.17297876 15.0
1.43099594 -0.81589758 0.13684110 15.0
1.09107423 1.30957198 1.04103315 15.0
1.45292473 -1.04814517 0.22076809 15.0
0.73125136 1.50219262 0.98173344 15.0
0.37389374 1.14775205 -0.97336632 15.0
0.14153294 -1.06731021 -1.00184059 15.0
-1.15123928 -1.21277380 -1.24976969 15.0
-0.62840033 1.60417855 -0.01250944 15.0
-1.27547204 1.04455364 -1.27082348 15.0
1.37040269 -0.61648089 -0.37383577 15.0
1.08062005 -1.43011928 0.59454304 15.0
1.25149035 1.23997843 0.78765613 15.0
-1.35119319 0.26142836 0.34622017 15.0
1.37852454 -0.61644894 0.15767279 15.0
-0.62398374 -0.76960915 -1.06382871 15.0
-1.35238075 -0.43494707 -0.18561710 15.0
1.39763260 0.91977507 -0.16814314 15.0
1.37170124 -0.43493000 0.47227925 15.0
0.94776839 -1.22162223 -1.15805018 15.0
-1.37208056 -1.17436922 -0.90068054 15.0
0.44617438 -1.30817604 0.79487145 15.0
-1.39720607 -1.17575240 -0.13630742 15.0
-1.12638688 1.37789941 0.98636943 15.0
-0.81078678 0.93710637 -1.13338637 15.0
-0.98413002 0.23414406 1.79649365 15.0
-1.06744003 0.50206792 -1.05499482 15.0
0.28592718 -0.10507116 1.83131027 15.0
1.16460788 0.88671356 -1.58459353 15.0
0.38188568 1.60783732 -0.52208853 15.0
-0.08218947 0.72714382 1.72550988 15.0
0.39644080 0.97928089 -1.01913273 15.0
-1.29343832 0.89808333 1.03896451 15.0
1.37334502 1.04894495 0.63062489 15.0
0.28088129 -1.26843381 0.84843814 15.0
-1.02803290 0.89334542 -1.57192159 15.0
-0.44043520 0.72703439 1.71097672 15.0
0.27880284 -1.54723239 -0.00824539 15.0
0.97045499 0.71267790 -1.23569870 15.0
-1.17067230 -1.02134395 -1.58218157 15.0
-1.03463674 1.45904386 0.95627695 15.0
-1.35354555 -0.33609360 -0.00801469 15.0
0.40307286 -0.87998253 -1.03144276 15.0
0.29256323 0.51905227 1.85739625 15.0
-1.22143006 -1.12459266 0.84941238 15.0
0.10685562 -0.66693556 1.07878113 15.0
0.24260086 1.61631143 -0.06554567 15.0
0.28943148 0.41597584 1.89841866 15.0
-1.00497591 0.95422846 1.36535788 15.0
-1.00762665 0.60835999 1.65764213 15.0
0.99354964 0.89584321 -1.45757723 15.0
-0.63310510 0.44899219 -1.09916997 15.0
-1.35057998 -0.24613361 -0.17981973 15.0
-0.12091248 -0.85106540 -0.99215287 15.0
-1.19257033 1.29295719 -0.55758291 15.0
1.09318471 0.44850120 -1.05577099 15.0
-1.29746151 -1.26482582 0.70579749 15.0
1.29499137 -0.16151378 0.82868516 15.0
-1.23153245 -1.03310704 0.88788730 15.0
1.36592066 0.60880226 0.65671307 15.0
0.39329931 1.61059093 0.01969158 15.0
0.45965606 0.86697668 1.58435464 15.0
-0.42396465 1.08493090 1.32102263 15.0
-1.25656688 0.88011771 -1.47758853 15.0
0.10005978 1.50065625 1.04451036 15.0
-0.08697007 0.44894823 -0.98719788 15.0
1.11854911 -1.37356579 -1.00874937 15.0
-1.19504189 -0.83271557 -1.36206770 15.0
-0.63745546 0.62964594 -1.06496847 15.0
0.77907056 -1.62036324 -0.70609415 15.0
1.39983869 0.87781876 0.48160172 15.0
-1.31183088 0.74312168 -1.19593966 15.0
0.80433589 -1.33007324 -1.07365048 15.0
1.43326735 -1.12073481 0.55715179 15.0
0.62544072 -0.89022303 0.99227786 15.0
1.44678044 -1.08432698 0.42565915 15.0
-0.94147199 -0.44330701 -1.07449102 15.0
-1.21287918 1.29364526 0.01044038 15.0
1.30869544 -0.43601766 -0.91165823 15.0
-1.29084241 -0.68180948 -0.90439343 15.0
1.38127303 0.91977507 -0.59198046 15.0
-0.08700072 -0.16842072 -0.98730946 15.0
0.10205106 1.51102924 0.95736724 15.0
-1.20457637 -0.06424823 1.11111641 15.0
1.44488049 -0.93715161 -0.39472514 15.0
0.86896807 1.25191593 1.08084595 15.0
-0.08703214 0.17192052 -0.98742378 15.0
-0.08702508 -0.08602245 -0.98739809 15.0
0.10146873 -1.36706793 0.77824080 15.0
-0.74991393 -0.27874199 1.59426022 15.0
-0.62398374 -0.76960915 -1.06382871 15.0
1.07874644 0.14346087 1.68179238 15.0
-1.42917204 -1.04814517 0.22076809 15.0
0.62866443 -0.81146377 1.00843418 15.0
1.41802227 -1.10421121 0.71429563 15.0
0.99992633 -0.95561200 -1.44115734 15.0
-0.26881057 0.51905227 1.85739625 15.0
-0.79223037 -1.27068245 -1.08080101 15.0
-1.05351770 -0.91483140 -1.50546193 15.0
-1.18674350 -1.25434601 -1.06811798 15.0
1.38939488 0.83449715 0.65415657 15.0
0.27850023 -1.59238195 -0.07269239 15.0
1.20611846 -0.62238795 -1.03004515 15.0
0.92406094 -1.53563190 -0.92153221 15.0
0.10499968 0.86711347 1.60187602 15.0
0.61059213 -1.18756270 0.86711979 15.0
0.78149766 0.48088503 1.83696914 15.0
0.46844199 -0.62232757 1.08394992 15.0
-1.13614595 1.41698623 0.88648403 15.0
0.10209504 -1.52401257 0.14307576 15.0
-0.97030449 1.05871475 -1.27705944 15.0
0.59037071 1.22551525 1.12439811 15.0
-0.42876256 0.99953371 1.42879188 15.0
-1.37608600 0.87781876 0.48160172 15.0
0.29197851 0.64547646 1.78015196 15.0
0.28698841 -1.04088092 0.97039938 15.0
-0.75303704 -0.92918819 0.96760428 15.0
-0.89675146 0.48102835 1.79543781 15.0
-1.37640965 0.91977608 0.18602516 15.0
-1.07429445 0.76076925 1.43350601 15.0
-1.02803290 0.89334542 -1.57192159 15.0
1.39145172 -1.22885346 -0.48392007 15.0
1.30821240 -0.33690912 -0.91216266 15.0
0.64773643 -0.76960915 -1.06382871 15.0
0.83831042 1.10880029 -1.08657157 15.0
-0.63131648 -0.44268262 -1.09814060 15.0
1.11048019 1.46657336 0.12510104 15.0
-0.08241043 -0.85205752 1.04749644 15.0
1.37099469 0.52657306 -0.16903184 15.0
0.74532044 -1.52384531 0.24030127 15.0
-0.38401747 0.67495966 -1.02756989 15.0
-1.29519653 -1.27312899 -0.91663045 15.0
-1.35477173 -0.61644894 0.15767279 15.0
1.38714600 0.65196437 0.34964254 15.0
-0.63294601 -0.25037548 -1.09907842 15.0
0.45611221 0.06311744 1.93000948 15.0
-0.08241966 0.68496197 1.75780904 15.0
0.10406388 -1.13335156 0.94606847 15.0
0.27340433 1.25112033 1.14402521 15.0
-1.40255964 -0.87892008 0.79411060 15.0
-0.26753798 0.48029992 1.87443388 15.0
-0.80902386 -1.06722701 -1.14589822 15.0
1.08320403 1.46459091 0.87453938 15.0
1.07485425 -1.18409824 0.83527559 15.0
0.48746887 -0.00014244 -1.06752312 15.0
-0.90030819 -1.53563190 -0.92153221 15.0
1.40555978 -1.17494571 -0.66344440 15.0
-1.03519309 1.49724185 0.38799962 15.0
-1.00497591 0.95422846 1.36535788 15.0
-0.83939230 1.57982445 -0.11602499 15.0
-0.91074222 -0.85295892 0.97122020 15.0
-0.07663192 -1.53103948 -0.92014790 15.0
1.44048548 -0.86032653 0.48378408 15.0
1.35428286 -0.16560884 -0.64463639 15.0
1.27665496 1.19428539 0.60877430 15.0
1.29499137 -0.16151378 0.82868516 15.0
-1.05686724 -1.43011928 0.59454304 15.0
-0.93952626 -0.54210860 -1.07371747 15.0
1.23682582 1.29336929 0.16974552 15.0
-1.23565650 -0.99588221 0.90372068 15.0
1.37816620 0.08346324 0.18794978 15.0
0.44263107 1.35692012 -0.85429537 15.0
-0.96653742 -1.27255845 -1.08028877 15.0
-0.61550683 1.10858953 -1.04927719 15.0
0.81873494 0.08544577 -1.10017979 15.0
-1.35423517 -0.53180075 0.32152513 15.0
-0.41365746 -1.61978459 -0.82439590 15.0
-0.57642728 -1.52387297 0.06716231 15.0
1.30168557 0.17231011 0.85520726 15.0
-0.97588587 1.21771502 1.08161497 15.0
1.36235106 0.83855444 0.85810125 15.0
-0.28080398 -0.25040171 -1.02249563 15.0
0.48658499 -0.34196547 -1.06683803 15.0
1.26073301 1.23343372 0.18322256 15.0
1.37788522 -0.61644894 -0.01597047 15.0
-0.25734743 1.55244100 0.44339570 15.0
1.02296317 0.91026670 1.41265321 15.0
-0.07627662 -1.59583473 -0.85468209 15.0
0.65463024 0.67490423 -1.07234645 15.0
-1.33314216 -1.27201426 -0.71152484 15.0
-0.42100126 -1.59219062 -0.10472266 15.0
1.09998298 -0.88762677 0.95564425 15.0
-1.35547435 0.96533078 0.83871663 15.0
-1.20537162 1.29319394 -0.34231466 15.0
-0.88616055 0.86828005 1.51757395 15.0
-1.36338305 1.00370991 0.46934018 15.0
1.37459099 0.26177233 0.01022791 15.0
-0.92021173 -1.06823635 -1.27306008 15.0
1.09368861 -0.00008677 -1.05599165 15.0
-1.26995635 -0.24203360 0.81586349 15.0
1.43366230 -0.86032653 -0.39402923 15.0
0.44017628 1.20318997 1.15845084 15.0
1.44810975 -0.89959812 0.47816038 15.0
-0.58945918 0.95702583 1.46689606 15.0
-0.46368697 -0.08597331 -1.06750047 15.0
-0.79712027 0.50315815 -1.09915054 15.0
1.35461748 0.46438143 -0.64460647 15.0
-1.34455228 0.46438143 -0.36681566 15.0
-0.59726828 -1.27049088 -1.04686034 15.0
1.25528514 -1.03310704 0.88788730 15.0
-0.61268330 1.02003467 -1.06455922 15.0
-1.35142398 1.04894495 0.46388251 15.0
-0.92273045 0.98038745 -1.24385262 15.0
0.45696282 -1.08203995 0.93554813 15.0
-0.58278602 1.04195738 1.36367869 15.0
-0.99617219 0.77034485 1.53817761 15.0
1.16397345 -0.66883969 0.96900904 15.0
0.61340821 -1.13326657 0.89577240 15.0
-1.35563934 -0.72509378 -0.63808852 15.0
1.37645948 0.44052851 0.01023261 15.0
1.20863330 -0.08535129 -1.03322434 15.0
-1.25987804 -1.36147499 -0.21459073 15.0
-1.42926753 -0.93715161 0.25146857 15.0
1.30865324 0.16902740 -0.91351992 15.0
-1.06969965 -0.08583211 -1.05596972 15.0
0.12981862 0.57462764 -0.98464167 15.0
0.98778504 1.54244757 -0.24511355 15.0
1.36830509 0.46438143 -0.36681566 15.0
-1.35008335 -1.27294004 -0.10416400 15.0
0.99354964 0.89584321 -1.45757723 15.0
-1.14970553 0.48899883 1.39634526 15.0
0.29251185 -0.56050193 1.18856966 15.0
1.36993194 0.65196544 0.65801418 15.0
-0.87758136 0.06329685 1.85595357 15.0
0.29309052 -0.62241340 1.10032201 15.0
1.03250039 1.51577365 0.18300685 15.0
1.15497613 0.21260053 1.45177162 15.0
-1.34892452 0.26177233 -0.16916262 15.0
1.40107787 0.83447909 0.34352398 15.0
0.99681181 0.85163760 -1.46477258 15.0
-0.96494216 -1.52094305 0.43654889 15.0
-1.36140382 1.00370991 0.63642091 15.0
1.12638628 -0.55856240 1.03233051 15.0
-0.69459844 1.45789635 1.04491651 15.0
0.10477253 -0.18703504 1.75711322 15.0
1.27811038 1.19318902 0.44929901 15.0
1.08799374 -1.03786600 0.90120065 15.0
1.39145172 -1.22885346 -0.48392007 15.0
0.10664883 0.51908273 1.86235571 15.0
-0.73940176 1.28286886 -0.93403733 15.0
0.45840171 1.28132498 -0.90145028 15.0
-0.96403235 1.54244757 -0.24511355 15.0
1.36980820 -0.24613361 0.48479253 15.0
-0.11801139 1.02020133 -0.98452628 15.0
-1.05686724 -1.43011928 0.59454304 15.0
1.31035471 1.14265275 -0.16735774 15.0
1.34121549 0.34577751 0.64681077 15.0
0.90470999 0.95826983 1.41658068 15.0
1.26247251 0.63441825 -1.19123316 15.0
-1.37518907 0.78948629 0.34566855 15.0
0.75276858 1.59752238 -0.12297203 15.0
0.93133801 -0.73498505 -1.09732723 15.0
1.21264911 0.87961674 1.21113205 15.0
1.45105994 -0.97026712 0.62721324 15.0
-1.23632014 -0.84635419 0.94993740 15.0
1.44168055 -0.86032653 0.35428894 15.0
-0.07391320 1.45355952 -0.73011899 15.0
-0.75774497 0.48088503 1.83696914 15.0
1.15495038 1.07986248 -1.22084641 15.0
-1.19706666 -1.25814140 0.76626664 15.0
0.51548362 0.53651488 -1.06570780 15.0
-0.25532365 -1.52386689 0.11975742 15.0
-0.99455476 0.71312666 -1.36098778 15.0
0.73223138 1.25251102 1.09650040 15.0
1.25996530 0.58721906 1.10267210 15.0
0.87727547 1.20429075 1.10983956 15.0
-1.02908742 -1.50404871 0.24402913 15.0
-1.35368502 -0.53180075 -0.01432107 15.0
-1.05885327 1.47781587 0.67128992 15.0
-0.42149255 -1.54704583 -0.03941533 15.0
0.29143605 -0.47628540 1.32851684 15.0
1.15256679 0.12778656 1.45520973 15.0
-0.26500210 -0.96593070 1.00367272 15.0
0.08923905 1.59939659 -0.58064139 15.0
-1.34901702 1.00771213 0.83407503 15.0
-0.40454626 1.45615077 1.07667434 15.0
1.37517667 1.04894495 0.46388251 15.0
-0.96377033 1.34596503 -0.84925276 15.0
1.18406022 1.23735952 1.02218866 15.0
-1.12638688 1.37789941 0.98636943 15.0
-1.34107733 -0.67852092 0.55017155 15.0
-1.10109830 1.18012357 1.08306086 15.0
-1.32907188 -0.61559618 0.57974851 15.0
-0.79497838 0.35511160 -1.10017800 15.0
1.35692227 -0.43494707 -0.64373207 15.0
-1.28316057 0.46563157 -0.91311491 15.0
-0.79428494 -0.25058034 -1.09986103 15.0
-1.28498757 -1.33023405 -0.56341708 15.0
-1.21004081 0.18861707 1.14216876 15.0
-0.07741564 -1.64014077 -0.46917897 15.0
0.63855070 1.60387135 -0.26813698 15.0
1.09698105 -0.37828147 1.25242305 15.0
0.48681977 0.47318324 -1.06701994 15.0
1.34811044 -1.30472422 0.05556874 15.0
-1.38947880 -0.76816875 -0.21154642 15.0
-1.34434414 0.49207240 0.48881060 15.0
-1.16474569 1.37715018 0.20835225 15.0
-1.34953952 0.49318343 0.01024818 15.0
-0.07823619 1.13115358 1.28145134 15.0
0.44517863 1.13096547 1.25618565 15.0
1.00499058 0.14815345 1.80379784 15.0
1.23069453 0.02003410 1.13076377 15.0
-1.35328043 -0.00042380 0.18816298 15.0
0.45251524 0.99953371 1.42879188 15.0
-0.37509182 -0.95416343 -1.04048157 15.0
0.14194979 0.89432305 -1.00007606 15.0
-0.07566817 1.34409213 1.13441348 15.0
-0.90592724 -0.62336415 1.03419781 15.0
1.01830757 0.71312666 -1.36098778 15.0
-1.35221648 -0.61644894 -0.18773304 15.0
0.74219030 1.35796976 -0.88686275 15.0
-0.74298406 0.14877838 1.91642940 15.0
-1.14328980 0.92910445 -1.55417919 15.0
-1.42919517 -0.93715161 0.34815243 15.0
-1.35396051 0.16854069 0.01022820 15.0
-1.17511249 -0.57037371 0.96189094 15.0
1.02807212 -1.47947323 -0.93075168 15.0
1.25820553 1.23343372 -0.16307871 15.0
-1.06732154 1.30957198 1.04103315 15.0
-1.37079692 0.91978604 0.64507729 15.0
-1.25987804 -1.36147499 -0.21459073 15.0
-1.30963266 1.12148869 0.61912155 15.0
1.38503778 -0.67937368 -0.02051517 15.0
0.11072273 0.44894823 -0.98719788 15.0
-0.93952626 -0.54210860 -1.07371747 15.0
-0.94449735 0.08552974 -1.07571816 15.0
1.34105968 0.91977507 -1.20449233 15.0
0.83453953 0.93710637 -1.13338637 15.0
1.30999792 0.62172300 -1.08374274 15.0
0.96816278 0.26742503 -1.07573593 15.0
-1.19272017 -1.36351228 -0.93398017 15.0
-1.08833838 1.45196497 0.21954732 15.0
-1.07287276 0.57407105 -1.05711031 15.0
1.36466765 -0.68017292 -0.64159650 15.0
0.44257587 1.17323184 1.19590962 15.0
-0.46368697 -0.08597331 -1.06750047 15.0
-1.00931346 1.03891206 1.26972735 15.0
1.32347405 -1.32872069 0.16788600 15.0
-0.99455476 0.71312666 -1.36098778 15.0
-0.90096158 0.51983070 1.77848029 15.0
1.34884858 -0.90186775 -1.42240763 15.0
-1.05686724 -1.43011928 0.59454304 15.0
1.37804699 -0.53180075 0.16178240 15.0
-0.63964731 -1.32880616 -1.07268083 15.0
-0.07650649 -1.55136204 0.51707727 15.0
-1.41341162 -0.93715161 -0.62170917 15.0
1.38157701 -0.67920309 0.41397977 15.0
-0.25257894 -1.63998520 -0.49903497 15.0
-0.73283738 -1.23346353 0.82413250 15.0
1.26733720 -0.88418514 0.94189715 15.0
0.81689793 -1.55217636 0.43747151 15.0
-1.34431076 -1.08241725 0.82094139 15.0
-1.20483482 -0.31556457 1.00797021 15.0
1.38503778 -0.67937368 -0.02051517 15.0
1.38503778 -0.67937368 -0.02051517 15.0
0.95979613 -1.30089438 -1.05540538 15.0
0.60027444 1.51104558 0.90743178 15.0
0.62370569 -0.92831564 0.98312497 15.0
-1.32218504 -0.82259399 -1.29411507 15.0
-1.07462656 1.26182580 1.05248916 15.0
-1.27142107 -1.29965389 0.67018026 15.0
-1.31122613 1.12117994 0.45501426 15.0
-1.09616792 1.21142280 -0.91221523 15.0
-0.74589473 -1.04188573 0.92048299 15.0
0.76673675 0.14877838 1.91642940 15.0
-0.92097616 -1.14438689 -1.23063934 15.0
0.90172392 1.00102234 1.36684287 15.0
-1.32590675 -1.18637681 0.76794058 15.0
0.45308113 -1.18738520 0.88425845 15.0
0.84721053 0.75718433 -1.14527535 15.0
-0.55524427 0.57454795 -1.06467736 15.0
-0.61202270 -1.14313245 -1.07124794 15.0
-1.08273816 0.50940728 1.59485292 15.0
-0.44401965 0.61001813 1.79698980 15.0
0.28549621 0.06310625 1.93523681 15.0
0.51867747 1.61116934 -0.12203220 15.0
1.08099890 -0.76318008 0.97711337 15.0
-0.08078588 0.91290343 1.55057693 15.0
0.63532478 -1.06706977 -1.08229196 15.0
-0.11796989 0.97935098 -0.98378181 15.0
-1.35121286 1.04894495 0.01061259 15.0
-1.34679639 -0.43494707 -0.37253395 15.0
0.63804144 1.08674574 -1.05548024 15.0
0.40307286 -0.87998253 -1.03144276 15.0
1.05851555 1.01919699 -1.42777979 15.0
1.36235106 0.83855444 0.85810125 15.0
-0.88497460 0.57527602 -1.09854937 15.0
-1.36993909 -1.04814517 -1.20863295 15.0
-0.28151342 1.22971785 -0.89570630 15.0
1.31137025 0.52966237 0.86002994 15.0
-0.43590343 0.86697668 1.58435464 15.0
-1.28214252 0.26249963 -0.91353154 15.0
-0.08289617 0.51908273 1.86235571 15.0
0.84909922 -1.61820173 -0.36768517 15.0
-1.42915094 -1.04814517 0.09862451 15.0
-0.81290478 1.08695269 -1.09898806 15.0
1.05486917 0.97827196 -1.49461973 15.0
0.14209792 1.08692527 -0.97566158 15.0
-0.08304640 0.54585493 1.84845376 15.0
0.10270447 -1.26855743 0.86405772 15.0
-1.34665096 0.43903258 0.48681030 15.0
0.12641607 -1.29901469 -0.96369547 15.0
-0.08051002 0.06309739 1.93937397 15.0
-1.23871982 0.63441825 -1.19123316 15.0
-1.14993155 1.28158510 1.01272571 15.0
-0.61638635 -0.95404148 -1.08543050 15.0
1.27846289 1.19291484 0.32402709 15.0
-0.69914150 1.40668201 1.05919194 15.0
-1.07122183 -0.73227590 -1.05949116 15.0
0.10017990 1.25121391 1.15652180 15.0
1.29517376 -1.29965389 0.67018026 15.0
0.84498978 0.60872579 -1.09760690 15.0
1.18398511 0.66817677 -1.34300911 15.0
0.92313331 -1.56432450 -0.68565398 15.0
-1.35254312 0.46371853 0.34547254 15.0
0.44531974 -1.52215362 0.27239618 15.0
0.83569080 0.89435548 -1.14601159 15.0
-1.09745312 1.42186272 0.96630681 15.0
-0.81290478 1.08695269 -1.09898806 15.0
-0.98899132 -0.73467314 -1.07658517 15.0
1.38589907 -1.22808766 -0.68604445 15.0
0.30480841 0.35465786 -1.02280819 15.0
-1.02299488 1.14575410 -1.01132309 15.0
-0.56352842 1.50067294 0.99735522 15.0
1.20883250 0.44510067 -1.03303766 15.0
0.11076022 0.41467538 -0.98733437 15.0
-0.94576323 -0.84873289 -1.20509255 15.0
-0.83328581 1.57462299 -0.38940340 15.0
0.63106996 -0.71262115 1.02085888 15.0
1.37177384 -0.53171545 0.46014172 15.0
1.28168058 0.74509114 -1.43011391 15.0
-0.85167158 1.57821143 -0.00248578 15.0
-0.08098615 1.28154254 -0.82526654 15.0
1.34811044 -1.30472422 0.05556874 15.0
-0.57611573 1.13117993 1.24185514 15.0
0.10661098 -0.76419592 1.06122363 15.0
-1.14121628 -0.39096409 1.11886311 15.0
0.81873101 0.35511160 -1.10017800 15.0
-0.11802543 -1.18308806 -0.98434031 15.0
-1.27796626 0.85476941 1.05289948 15.0
-0.58278602 1.04195738 1.36367869 15.0
-1.20712590 -1.40433979 0.09864155 15.0
1.39466882 0.74312359 0.18818326 15.0
0.57717508 1.48625195 1.03866589 15.0
0.74878043 -1.38763630 -1.06793797 15.0
-0.63087755 0.67490423 -1.07234645 15.0
-0.63350379 0.08532000 -1.09939933 15.0
0.99221271 0.93866169 -1.43250299 15.0
-1.16430891 1.38209379 -0.35447878 15.0
0.87727547 1.20429075 1.10983956 15.0
0.44771731 1.08493090 1.32102263 15.0
0.11140969 0.50257885 -0.98641574 15.0
-1.36329269 0.74312168 -0.35601211 15.0
1.05284023 -1.50404871 0.24402913 15.0
-1.37199402 0.96128201 0.18547721 15.0
-0.41844678 -1.44534779 -1.02658010 15.0
-0.07391320 1.45355952 -0.73011899 15.0
1.10786664 1.25699985 -0.87713438 15.0
0.90133411 0.06329685 1.85595357 15.0
0.29197851 0.64547646 1.78015196 15.0
-1.39274025 -0.76816875 0.26369736 15.0
-0.42100126 -1.59219062 -0.10472266 15.0
1.09393167 0.08525287 -1.05599165 15.0
1.24916565 1.07821953 -1.17814088 15.0
-0.96556222 1.28136694 1.06170177 15.0
-1.05724621 -0.76318008 0.97711337 15.0
-0.08051002 0.06309739 1.93937397 15.0
1.33847678 1.04582679 -1.11202300 15.0
1.44816697 -1.04249716 0.60630471 15.0
-1.26027846 0.69977736 -1.36869931 15.0
0.09544679 1.59858024 0.15678732 15.0
0.58119023 -1.61908937 -0.85443640 15.0
1.37573600 0.08346324 -0.16916129 15.0
-0.99492753 0.41482440 1.75038481 15.0
0.30480981 -0.00016052 -1.02281010 15.0
-0.81157374 1.05684686 -1.11302483 15.0
1.29049826 -1.35640693 0.13294822 15.0
-1.34425402 0.65250003 -0.60232431 15.0
1.28168058 0.74509114 -1.43011391 15.0
1.17345834 0.48899883 1.39634526 15.0
-0.76110864 -0.56100464 1.14165819 15.0
-0.75262403 0.41649368 1.86128426 15.0
0.39726025 -1.22042978 -1.01388156 15.0
0.76533777 -0.02266381 1.85440683 15.0
-1.00013554 -1.36286855 0.69581538 15.0
0.10209504 -1.52401257 0.14307576 15.0
-0.26875919 -0.56050193 1.18856966 15.0
0.51524758 1.59284079 -0.67964327 15.0
-1.43133771 -1.01150239 -0.03987452 15.0
-0.11142061 -0.73498791 -0.98173344 15.0
0.14176403 1.02020133 -0.98452628 15.0
-1.22576964 1.09223688 1.07741725 15.0
-0.43899211 -0.92818189 0.99939448 15.0
0.30480981 -0.00016052 -1.02281010 15.0
1.23379350 0.18861707 1.14216876 15.0
-0.88888901 0.82104081 1.56363165 15.0
-0.84716982 1.17234588 -1.02356708 15.0
0.09847843 1.45640230 1.10617638 15.0
1.10786664 1.25699985 -0.87713438 15.0
-1.10730767 1.18007147 -0.93830103 15.0
1.06252384 -1.26476824 0.78144324 15.0
-0.95444179 0.53755152 -1.07393503 15.0
0.30481273 0.17192002 -1.02281356 15.0
0.63577539 -1.14313245 -1.07124794 15.0
-0.42486703 -1.26827776 0.82870364 15.0
1.42504382 -0.93715161 -0.90018314 15.0
-0.60371882 0.48037013 1.85868752 15.0
-0.94449735 0.08552974 -1.07571816 15.0
-1.34495771 -0.24613361 -0.37088928 15.0
-1.34031785 0.87780076 -0.88890183 15.0
1.34491599 1.09450257 0.82126588 15.0
1.38704538 0.74312168 -0.35601211 15.0
-0.94449735 0.08552974 -1.07571816 15.0
0.91109824 -0.27878380 1.55715632 15.0
-0.88717878 -1.18895423 0.84126204 15.0
-0.25257894 -1.63998520 -0.49903497 15.0
-1.16023254 0.66817677 -1.34300911 15.0
-1.02904904 -1.50449097 0.06822762 15.0
-1.35521305 0.56552935 0.18844055 15.0
0.09942083 1.34409213 1.13441348 15.0
-0.84252721 -0.69227141 -1.09537065 15.0
0.10316588 -1.23237920 0.89069325 15.0
0.66339993 -1.32880616 -1.07268083 15.0
1.44340897 -1.08508718 -0.23386103 15.0
-1.28445971 -0.33690912 -0.91216266 15.0
0.14466512 -0.85106540 -0.99215287 15.0
0.78531903 0.61078721 1.76553369 15.0
0.44568920 -1.52368295 0.09029610 15.0
0.10473881 1.28154254 -0.82526654 15.0
-1.28761756 0.52966237 0.86002994 15.0
-1.35037398 -1.04145384 0.83732098 15.0
1.01830757 0.71312666 -1.36098778 15.0
-1.10764790 1.43703783 0.41652080 15.0
0.99350613 1.02194178 -1.34774530 15.0
0.46639889 -0.81134981 1.02451384 15.0
-1.37091613 0.74312359 0.18818326 15.0
-1.34495771 -0.24613361 -0.37088928 15.0
-0.94424337 0.35535583 -1.07571638 15.0
-1.34194064 0.49320364 -0.36657554 15.0
-1.20457637 -0.06424823 1.11111641 15.0
-0.92314476 0.93807107 -1.26328456 15.0
1.13692522 0.94321072 1.28853679 15.0
0.11232252 -0.62761474 -0.98433661 15.0
0.44219941 -1.44534779 -1.02658010 15.0
-0.91120809 -0.81244463 0.97901654 15.0
-0.94911927 -0.76738119 -1.11135411 15.0
-1.42385113 -0.89959812 -0.03289061 15.0
-0.49492481 1.61116934 -0.12203220 15.0
-1.08521259 0.56626797 1.56496501 15.0
0.99144077 -1.03145814 -1.45686102 15.0
-1.36111820 -0.76408350 0.66720134 15.0
0.27692685 -1.44552326 -0.98240644 15.0
-0.63964731 -1.32880616 -1.07268083 15.0
-0.11819712 0.89432305 -1.00007606 15.0
0.81763375 0.47379434 -1.09967649 15.0
1.40778089 -0.76820076 -0.39419401 15.0
0.11077774 -0.08602245 -0.98739809 15.0
1.18247116 0.69689864 1.30278766 15.0
1.02934694 -1.51139688 0.37413290 15.0
1.09662557 0.57407105 -1.05711031 15.0
1.39891827 0.87780076 -0.16825673 15.0
0.43590277 1.50039601 1.01351810 15.0
-0.28096700 -0.16839190 -1.02269816 15.0
1.19441819 1.36221457 0.48119527 15.0
-1.09670746 -1.47053528 0.39149371 15.0
0.28958142 -0.92830110 1.01688027 15.0
-1.03602600 -1.02867341 -1.56984150 15.0
-1.32283020 -1.30493855 -0.14473237 15.0
-1.33140206 0.44052851 -0.64474070 15.0
1.14912164 -0.04064793 1.40775418 15.0
-1.41375136 -1.08508718 -0.41970205 15.0
-0.07825004 -1.54738009 0.01642539 15.0
-1.35213804 -0.16560884 0.34714282 15.0
0.10453854 0.91290343 1.55057693 15.0
-1.23174727 0.96498770 1.14727080 15.0
-1.27547204 1.04455364 -1.27082348 15.0
1.03250039 1.51577365 0.18300685 15.0
-1.17495918 -0.98402923 -1.58329773 15.0
-1.35469890 0.56558013 0.01028551 15.0
-0.28105718 -0.00016052 -1.02281010 15.0
-1.12198412 1.11353242 1.13359177 15.0
0.87644494 1.35665691 -0.86626798 15.0
-1.27082682 1.16383076 0.01074469 15.0
-0.84026819 0.64847350 -1.11143279 15.0
1.06351852 -0.99108571 -1.57095933 15.0
1.37084746 0.69670016 -0.59656006 15.0
-1.35254312 0.46371853 0.34547254 15.0
0.27401045 -1.53089333 -0.95481938 15.0
0.85700816 1.40474761 1.04424882 15.0
1.03993666 -0.55911833 1.08393812 15.0
1.41785467 -1.17575240 -0.28453049 15.0
-1.29953921 -1.32576430 0.36043969 15.0
-1.11880958 1.15727293 -0.96054572 15.0
-1.35008335 -1.27294004 -0.10416400 15.0
-1.21129072 1.29080534 0.38519469 15.0
1.00499058 0.14815345 1.80379784 15.0
0.40086818 -0.91591746 -1.03745806 15.0
-0.96720833 -1.14506447 -1.35813963 15.0
1.38574111 -0.67937368 0.15141799 15.0
-1.35276651 -0.00042380 0.01022820 15.0
-0.92314476 0.93807107 -1.26328456 15.0
-1.35477185 -0.61644894 0.31022561 15.0
-1.25987804 -1.36147499 -0.21459073 15.0
-0.75520605 -0.89105809 0.97669226 15.0
0.11078382 -0.00017483 -0.98742026 15.0
0.70206434 -1.64218390 -0.38955197 15.0
-0.60523421 0.64555663 1.76242566 15.0
0.92050415 0.48102835 1.79543781 15.0
1.37184536 0.34796950 0.01022820 15.0
0.84978199 -1.56832886 -0.92569137 15.0
0.63623649 0.97919232 -1.06379676 15.0
-1.32877922 0.40687916 -0.64480883 15.0
-1.31120825 0.65484852 -1.12374878 15.0
1.01274407 -0.73467314 -1.07658517 15.0
-0.42522222 1.55218780 0.41825441 15.0
0.63532478 -1.06706977 -1.08229196 15.0
1.09331334 0.26664960 -1.05600929 15.0
0.93449491 -0.85295892 0.97122020 15.0
0.99350613 1.02194178 -1.34774530 15.0
0.99992633 -0.95561200 -1.44115734 15.0
1.25993824 -1.36058807 -0.76558036 15.0
-1.28214252 0.26249963 -0.91353154 15.0
1.43277979 -1.04814517 -0.63748330 15.0
-1.07462656 1.26182580 1.05248916 15.0
0.77678967 -0.92918819 0.96760428 15.0
-0.44200322 -0.47621545 1.31519079 15.0
1.22223008 -0.63411099 0.92849356 15.0
-0.74589473 -1.04188573 0.92048299 15.0
0.98931491 1.28136694 1.06170177 15.0
-1.42590594 -0.93715161 -0.21072386 15.0
1.18547106 1.36950660 0.30130517 15.0
0.10205106 1.51102924 0.95736724 15.0
-0.25424805 -1.63304567 -0.16255355 15.0
1.09984148 0.60833037 -1.07976305 15.0
0.46858028 -0.66677320 1.04861701 15.0
-0.28096700 -0.16839190 -1.02269816 15.0
-1.18278933 0.35162285 -1.03325093 15.0
1.14461470 -1.34325218 -1.01134849 15.0
0.92618424 0.57753903 1.74624693 15.0
-0.92221147 -1.18412519 -1.19708788 15.0
-0.07825004 -1.54738009 0.01642539 15.0
1.38360941 -0.72386813 0.51881558 15.0
-0.75422394 -0.37915519 1.44386685 15.0
0.63732910 0.89418101 -1.08048487 15.0
-0.97617358 -0.95561200 -1.44115734 15.0
1.37743771 -0.53180075 -0.01432107 15.0
0.43962708 -1.63049614 -0.69112891 15.0
1.43332589 -0.85621506 0.65104616 15.0
-1.23510218 1.04859006 1.09604275 15.0
0.14529732 -0.82739800 -0.99095649 15.0
0.51546830 1.60581195 -0.40591410 15.0
1.09107423 1.30957198 1.04103315 15.0
1.33848166 0.83446664 -1.22102010 15.0
-1.06943202 0.44850120 -1.05577099 15.0
1.13676500 1.15285969 1.10341883 15.0
-0.44455567 0.54578084 1.83689189 15.0
0.99246645 0.98100322 -1.39635825 15.0
1.37032449 -1.25228202 0.61649853 15.0
-0.26933786 -0.62241340 1.10032201 15.0
-1.31505299 1.09006095 -0.60328412 15.0
1.32138145 -1.33009601 -0.17989996 15.0
0.39830279 1.10869217 -1.00480449 15.0
-1.07671070 -1.48672175 -0.12753172 15.0
-1.02534616 -0.62188292 1.01280153 15.0
1.40026855 0.91977948 0.33881527 15.0
-0.37711552 -0.91591746 -1.03745806 15.0
-0.74465096 0.57466835 -1.09677553 15.0
1.37743771 -0.53180075 -0.01432107 15.0
-1.28316057 0.46563157 -0.91311491 15.0
-0.08078588 0.91290343 1.55057693 15.0
-0.22673382 1.54439676 -0.70390785 15.0
1.37040353 0.43903258 0.48681030 15.0
-0.64197379 -0.62754285 -1.09621739 15.0
0.99405712 1.05871475 -1.27705944 15.0
0.51524758 1.59284079 -0.67964327 15.0
0.92509413 0.61096221 1.72530568 15.0
-1.37518907 0.78948629 0.34566855 15.0
0.10146922 -1.64543331 -0.29385310 15.0
0.65038580 -0.85086703 -1.07237017 15.0
-0.83987403 1.50066876 0.96806830 15.0
1.45568287 -0.97455448 0.24504727 15.0
1.10649097 0.50940728 1.59485292 15.0
-0.26217899 0.14854006 1.95281458 15.0
0.59986842 1.13117993 1.24185514 15.0
-0.82195467 -1.60222328 -0.69156194 15.0
0.39660522 -1.18297184 -1.01969719 15.0
-1.35213804 -0.16560884 0.34714282 15.0
-0.89675146 0.48102835 1.79543781 15.0
-0.93604338 -1.30089438 -1.05540538 15.0
1.17345834 0.48899883 1.39634526 15.0
-1.32448399 -1.30466342 0.20247082 15.0
0.59392715 -1.44534838 -1.05814719 15.0
1.19442499 -1.02134395 -1.58218157 15.0
-0.07769490 1.17342830 1.22259784 15.0
-1.32441998 0.16831224 0.64423078 15.0
0.63915980 -1.24809325 -1.05241823 15.0
1.43716431 -0.93715161 -0.62170917 15.0
0.95161182 1.10993409 -1.10970807 15.0
-1.37736309 -1.22904503 -0.05638808 15.0
-1.02937794 -1.29733872 -1.03751755 15.0
-1.35313785 0.96128172 -0.59126276 15.0
-1.35503066 0.56537694 0.34859604 15.0
-0.26405653 0.32809293 1.92423832 15.0
-1.15339446 -1.41260934 -0.79137021 15.0
1.00356901 -1.38404500 -1.02473497 15.0
0.28549621 0.06310625 1.93523681 15.0
1.20864415 -0.24837767 -1.03287530 15.0
1.10967362 -0.47468400 1.12723815 15.0
-0.88717878 -1.18895423 0.84126204 15.0
-0.59813178 -0.96594757 0.96964031 15.0
-1.25115299 0.71690845 1.07745314 15.0
-1.37079692 0.91978604 0.64507729 15.0
0.86362666 1.50066876 0.96806830 15.0
0.10146922 -1.64543331 -0.29385310 15.0
-0.10266342 -1.29901469 -0.96369547 15.0
-0.94435596 -0.08602547 -1.07569587 15.0
0.45681193 -0.10504165 1.82469583 15.0
1.35206306 0.49328446 -0.64368522 15.0
0.12641607 -1.29901469 -0.96369547 15.0
1.08830369 -0.62677914 -1.05293143 15.0
0.27722284 -1.64527726 -0.32183695 15.0
1.26374376 1.00652766 1.11753535 15.0
-1.19656551 -0.87045109 -1.45219004 15.0
1.37304723 1.04894495 -0.16774935 15.0
1.44091761 -0.86032653 -0.03297892 15.0
0.96820140 -0.00004446 -1.07571816 15.0
-1.34583282 -0.08470963 0.48956338 15.0
-0.71881980 1.17465103 1.16420174 15.0
0.86896807 1.25191593 1.08084595 15.0
-0.44200322 -0.47621545 1.31519079 15.0
0.58559132 1.29026377 1.10255539 15.0
1.23365641 -0.41413298 0.95428741 15.0
-0.97617358 -0.95561200 -1.44115734 15.0
-0.94986153 -1.51994884 0.24228671 15.0
-0.07678062 1.22549140 1.16762578 15.0
-0.37285262 -1.18297184 -1.01969719 15.0
1.01598096 1.22536540 -0.93118471 15.0
-0.26599702 0.77251589 1.68230605 15.0
0.28788832 -1.00325215 0.98674262 15.0
0.83280224 -1.10485244 -1.13916683 15.0
-1.00650990 -0.47488511 1.20412922 15.0
-1.05724621 -0.76318008 0.97711337 15.0
0.80791152 -1.53046381 0.51200771 15.0
0.95991498 1.53409386 -0.65216160 15.0
0.83447891 1.02023041 -1.12141061 15.0
0.82087290 0.50315815 -1.09915054 15.0
-0.25347021 -1.64527726 -0.32183695 15.0
1.32878542 -1.05079818 -1.45404315 15.0
1.37170124 -0.43493000 0.47227925 15.0
-1.01211035 1.16833186 -0.98178548 15.0
1.37996340 1.00368476 -0.35441568 15.0
0.92178601 -1.58195484 -0.36543295 15.0
1.35434365 -0.08470963 -0.64480865 15.0
-0.44200322 -0.47621545 1.31519079 15.0
1.34311903 1.04781163 -0.87010664 15.0
0.09968665 -1.52958119 0.59164935 15.0
0.29129064 0.48029992 1.87443388 15.0
1.40545595 -0.76808345 0.49791750 15.0
1.37939215 -0.72509378 -0.63808852 15.0
0.28780919 0.32809293 1.92423832 15.0
-0.85243022 -1.52562606 0.06145648 15.0
0.76672441 -0.10509790 1.79325163 15.0
-1.34107733 -0.67852092 0.55017155 15.0
0.10251679 1.08511019 1.34475839 15.0
-1.35427225 -0.43494707 -0.01222056 15.0
0.28032544 1.08503091 1.33427191 15.0
0.59613562 -1.36697686 0.72259080 15.0
1.17727304 1.38091052 -0.54552245 15.0
-0.33743238 0.57459241 -1.02000189 15.0
-0.57611573 1.13117993 1.24185514 15.0
-0.07764948 -1.53560007 0.45069230 15.0
1.17547858 0.97102326 -1.50548625 15.0
-0.74122524 -1.35585904 -1.07157707 15.0
0.86627990 -0.69227141 -1.09537065 15.0
-0.57017457 -1.44534838 -1.05814719 15.0
0.39884445 -0.95416343 -1.04048157 15.0
-1.34107733 -0.67852092 0.55017155 15.0
0.90991324 0.86828005 1.51757395 15.0
-0.76224381 -0.71328127 1.00507104 15.0
0.11044860 -0.44274974 -0.98620033 15.0
-1.36664176 -1.08508718 -1.19069338 15.0
-0.08031122 -1.13335156 0.94606847 15.0
-0.41748038 -1.63978851 -0.53675628 15.0
-1.07525051 1.47439992 -0.53783828 15.0
-1.33962405 0.83446664 -0.89045221 15.0
0.10316588 -1.23237920 0.89069325 15.0
-0.94821459 1.48670721 0.95978647 15.0
1.37563992 -0.08470963 0.00918801 15.0
0.99013835 1.49778259 0.87339163 15.0
-0.75520605 -0.89105809 0.97669226 15.0
0.27633163 -1.63998520 -0.49903497 15.0
1.37459099 0.26177233 0.01022791 15.0
0.92541552 -1.55071223 -0.81907219 15.0
0.63162458 -0.66686267 1.03271925 15.0
-1.30371392 1.12098622 -0.35700548 15.0
-0.38806900 0.62969643 -1.02028906 15.0
0.10525918 -0.27857226 1.64233160 15.0
-0.41200343 -1.59549117 -0.93157673 15.0
-0.42522222 1.55218780 0.41825441 15.0
0.48749226 0.26686004 -1.06754124 15.0
-0.37858981 0.75709736 -1.03887105 15.0
0.59633648 1.17345357 1.18112397 15.0
-1.35423923 0.08346324 0.34666362 15.0
0.81874293 0.17218277 -1.10018337 15.0
0.85357106 -1.53722322 0.37079322 15.0
-1.35430801 0.16847189 0.34631655 15.0
-0.51487881 -0.69153821 -1.06271589 15.0
-1.36363184 0.69659293 -0.16868667 15.0
1.01598096 1.22536540 -0.93118471 15.0
1.43711221 -1.12562585 0.03836603 15.0
-1.17066538 1.36221457 0.48119527 15.0
1.36993158 0.34796950 -0.16916114 15.0
0.45501167 0.95684081 1.47953999 15.0
-0.92837918 -0.95507759 -1.27619994 15.0
-1.23174727 0.96498770 1.14727080 15.0
0.66074675 0.50262141 -1.09836280 15.0
-0.08203486 -0.37888923 1.49554884 15.0
0.27702415 -1.53545356 0.43065879 15.0
0.57899696 0.57454795 -1.06467736 15.0
-0.92785919 1.10993409 -1.10970807 15.0
-0.97588587 1.21771502 1.08161497 15.0
-0.72502774 -1.38763630 -1.06793797 15.0
0.52810413 1.60811114 -0.00397531 15.0
-0.43125898 0.95684081 1.47953999 15.0
0.44861966 -1.26827776 0.82870364 15.0
-0.94147199 -0.44330701 -1.07449102 15.0
1.19511628 0.83457679 1.23231399 15.0
1.17423570 1.30039299 -0.74925756 15.0
-0.50140154 1.19556439 -0.96664608 15.0
0.28490743 -1.13323951 0.93132448 15.0
0.91093153 -1.18895423 0.84126204 15.0
1.16368413 -1.31763566 -1.01222908 15.0
1.37596917 -0.61644894 -0.18773304 15.0
1.28937805 -1.35742962 -0.00798942 15.0
-1.32981563 0.69679505 -0.88317621 15.0
1.03387725 -1.51004124 -0.52498633 15.0
-1.40942359 -1.12562585 -0.25105360 15.0
0.10476651 -1.04098487 0.98473042 15.0
-1.34617889 0.34796950 -0.16916114 15.0
1.31864822 -1.33026469 -0.30399418 15.0
-1.41250086 -1.01150239 -0.63137919 15.0
-1.37363911 -1.01150239 -1.21907663 15.0
1.45243824 -1.01150239 -0.21309943 15.0
-0.91074222 -0.85295892 0.97122020 15.0
-0.46283233 -0.34196547 -1.06683803 15.0
0.49047834 0.50251317 -1.06649435 15.0
-0.49149492 1.59284079 -0.67964327 15.0
-0.63330507 -0.16836074 -1.09928501 15.0
0.39927214 1.54274642 -0.74436402 15.0
1.25996530 0.58721906 1.10267210 15.0
1.03266823 0.57507527 1.67830276 15.0
-0.75923640 -0.81222123 0.99273425 15.0
1.13692522 0.94321072 1.28853679 15.0
-0.86426687 1.13244843 1.20201886 15.0
1.37653708 0.56558013 -0.16895044 15.0
1.39145172 -1.22885346 -0.48392007 15.0
-0.61815447 0.80423594 -1.08787024 15.0
1.14573669 1.11353242 1.13359177 15.0
-1.36113966 0.65196371 -0.16877660 15.0
-0.08188938 -0.92839539 1.03072035 15.0
0.98970848 1.54506862 -0.11026172 15.0
0.63754481 -0.99213004 -1.08461761 15.0
1.30426586 0.52863342 -0.90778863 15.0
0.10190053 -1.59253347 -0.04734083 15.0
0.90172392 1.00102234 1.36684287 15.0
-1.37501681 0.78947771 0.18772613 15.0
-0.89216816 -1.57764900 -0.53674835 15.0
1.36800671 0.65250003 -0.60232431 15.0
1.28031957 0.88011771 -1.47758853 15.0
1.05063534 1.44274914 0.99113053 15.0
-1.41356611 -1.12554979 0.24607836 15.0
1.35826981 0.56645966 -0.62866032 15.0
-0.89165342 0.77362108 1.60421658 15.0
1.03026259 -0.47488511 1.20412922 15.0
1.30691338 0.46563157 -0.91311491 15.0
-0.83358681 -0.82610053 -1.11655068 15.0
0.11660996 0.53658718 -0.98564762 15.0
0.88509661 -1.38817775 -1.04405892 15.0
-1.36884630 0.96128392 0.64054215 15.0
-0.06744701 1.61437535 0.07413740 15.0
-1.18472660 -0.16705355 -1.03311074 15.0
1.07985401 -1.12996054 0.86283183 15.0
-1.43202913 -1.01150239 0.11410037 15.0
1.31864822 -1.33026469 -0.30399418 15.0
-0.11916745 0.60868597 -0.98403293 15.0
-1.25536704 -1.36242545 -0.33793759 15.0
1.45573699 -1.01142633 0.34079912 15.0
0.11862113 1.19576526 -0.88892382 15.0
0.58417487 -1.55126619 0.45309550 15.0
1.36423099 0.34796950 -0.36691785 15.0
0.26846147 1.48612130 1.07127893 15.0
-1.16969991 1.38331759 -0.18906739 15.0
0.90898627 0.32862514 1.84500682 15.0
-1.11317265 0.94321072 1.28853679 15.0
-1.26332450 1.16381204 -0.35572124 15.0
-0.38806900 0.62969643 -1.02028906 15.0
-1.17200327 1.23955989 -0.78603280 15.0
0.70847297 -1.52945411 -1.03125262 15.0
-1.43154728 -0.97447842 0.47084630 15.0
-1.05252469 -0.02596601 1.62423766 15.0
0.65710241 0.41472021 -1.09931076 15.0
1.37459099 0.26177233 0.01022791 15.0
0.71084017 -1.55275226 0.44132620 15.0
1.07820034 -0.10743309 1.56785417 15.0
-1.41250086 -1.01150239 -0.63137919 15.0
-0.26933786 -0.62241340 1.10032201 15.0
-0.51277387 1.54090059 -0.77380013 15.0
0.65685779 0.44899219 -1.09916997 15.0
0.94788128 1.05792952 -1.18901813 15.0
-0.74158508 -0.02266381 1.85440683 15.0
-0.07528268 1.40523708 1.12010920 15.0
-0.96643138 -1.06883800 -1.43807471 15.0
0.10578752 -0.37888923 1.49554884 15.0
1.42026436 -1.01150239 -0.90605992 15.0
-0.44455454 0.57664156 1.81831133 15.0
0.43817961 1.22528481 1.13960898 15.0
0.65463024 0.67490423 -1.07234645 15.0
0.65710241 0.41472021 -1.09931076 15.0
-0.38621992 0.64839309 -1.02311468 15.0
-1.21551681 1.23343372 -0.57699031 15.0
-0.99394053 0.81756812 1.49902987 15.0
-1.36830080 0.74313641 0.49183872 15.0
-1.13837683 1.32981634 1.00157678 15.0
1.30821240 -0.33690912 -0.91216266 15.0
-1.10764790 1.43703783 0.41652080 15.0
-1.32981563 0.69679505 -0.88317621 15.0
1.25993824 -1.36058807 -0.76558036 15.0
0.30480981 0.08527357 -1.02281010 15.0
1.07985401 -1.12996054 0.86283183 15.0
-0.92785919 1.10993409 -1.10970807 15.0
0.48746887 0.08528236 -1.06752312 15.0
-1.25210583 1.19291484 -0.16659807 15.0
-1.40724325 -0.81589758 0.13684110 15.0
1.09459841 -0.76004463 -1.09812701 15.0
-0.58099180 -0.73481220 -1.06169891 15.0
0.39615679 -1.14327502 -1.02648592 15.0
-1.29894769 1.12508023 0.81451881 15.0
1.00328720 0.06296396 1.78653789 15.0
-0.74298406 0.14877838 1.91642940 15.0
-0.49171564 1.60581195 -0.40591410 15.0
0.91093153 -1.18895423 0.84126204 15.0
0.78645521 -0.62298089 1.05219495 15.0
0.90522093 0.23518920 1.86604452 15.0
0.38188568 1.60783732 -0.52208853 15.0
-0.42698857 1.52781260 0.71321267 15.0
1.38131666 0.74314106 0.65772986 15.0
-1.33962405 0.83446664 -0.89045221 15.0
1.30449116 0.49460074 -0.91208369 15.0
0.44475392 -1.59219062 -0.10472266 15.0
-0.11814128 1.05681860 -0.98241317 15.0
-0.66937107 -1.61685920 -0.85695070 15.0
1.22677791 -0.22563358 1.05286860 15.0
-0.26582876 -0.92830110 1.01688027 15.0
-0.80983120 1.19700933 -0.99926043 15.0
1.37939215 -0.72509378 -0.63808852 15.0
-1.01012456 -1.51004124 -0.52498633 15.0
1.19871187 -0.98402923 -1.58329773 15.0
0.11078382 0.08526662 -0.98742026 15.0
-0.86426687 1.13244843 1.20201886 15.0
1.44529581 -0.89959812 -0.21257119 15.0
1.34675896 -0.74842495 0.81817704 15.0
-1.40411365 -0.81589758 -0.21318878 15.0
1.44091761 -0.86032653 -0.03297892 15.0
-0.92458409 0.89527804 -1.28092313 15.0
1.20644271 1.35786295 0.72721207 15.0
0.91516018 -1.13459134 0.86919296 15.0
-0.08669595 -0.44274974 -0.98620033 15.0
1.37740588 0.60911143 -0.36030129 15.0
-1.12846625 1.09848452 -1.13048804 15.0
-0.41035601 -1.52925050 0.54971135 15.0
0.11078382 -0.00017483 -0.98742026 15.0
-1.03425694 -0.66749388 0.98849064 15.0
-0.26500210 -0.96593070 1.00367272 15.0
1.34105968 0.91977507 -1.20449233 15.0
-1.16171837 1.36950660 0.30130517 15.0
-0.79448390 0.44947612 -1.09995198 15.0
0.43746454 -1.53070843 -0.99862486 15.0
-0.89675146 0.48102835 1.79543781 15.0
0.40881515 -0.80118626 -1.02360761 15.0
-0.63262290 0.47328645 -1.09889245 15.0
-1.08920932 1.47780573 -0.22643425 15.0
0.81427670 -0.54181981 -1.09814191 15.0
0.77637672 0.41649368 1.86128426 15.0
-0.41090485 1.29002237 1.11792982 15.0
1.37054920 -0.43494707 -0.37253395 15.0
0.38410452 1.60861480 -0.37923494 15.0
0.63534373 -1.10468888 -1.07820880 15.0
0.76039493 -1.18869066 0.85241991 15.0
-1.34216797 0.60880226 0.65671307 15.0
1.32233596 -0.77350414 0.91473526 15.0
-0.61479801 1.60387135 -0.26813698 15.0
-1.34817231 0.40687916 -0.16915512 15.0
1.30859613 0.08373041 -0.91351700 15.0
-1.11317265 0.94321072 1.28853679 15.0
0.29001236 -0.37884229 1.48667252 15.0
1.14431989 -0.62205774 0.98170346 15.0
1.33736837 0.78947484 -1.21398187 15.0
-0.26661626 -0.89021075 1.02584517 15.0
-0.79348278 -0.34229517 -1.09949434 15.0
1.05063534 1.44274914 0.99113053 15.0
-1.37708235 0.87780076 0.01047418 15.0
-0.93235099 0.80522913 -1.28194451 15.0
1.37186193 0.08346324 0.48770738 15.0
-0.96979702 0.89584321 -1.45757723 15.0
0.10209504 -1.52401257 0.14307576 15.0
-1.37708235 0.87780076 0.01047418 15.0
1.44194937 -0.86032653 0.25803855 15.0
0.75276858 1.59752238 -0.12297203 15.0
-0.49171564 1.60581195 -0.40591410 15.0
0.63925952 1.10858953 -1.04927719 15.0
-0.41882321 1.17323184 1.19590962 15.0
-0.79498231 -0.00007761 -1.10017979 15.0
0.48743966 -0.08597331 -1.06750047 15.0
0.63623649 0.97919232 -1.06379676 15.0
-1.16891754 -1.05835044 -1.55612159 15.0
1.43864048 -0.86032653 -0.21310399 15.0
0.85338247 0.71193498 -1.13499284 15.0
0.86127687 1.34433985 1.05865061 15.0
-1.28862309 -0.70354009 0.82625479 15.0
-1.35547435 0.96533078 0.83871663 15.0
-1.01669145 -1.51293385 -0.36771837 15.0
0.70847297 -1.52945411 -1.03125262 15.0
0.46551982 0.48026571 1.86839521 15.0
0.30381700 -0.44269726 -1.02157712 15.0
0.14194979 0.89432305 -1.00007606 15.0
0.11044860 -0.44274974 -0.98620033 15.0
1.39929628 -1.22904503 -0.18771173 15.0
1.28626359 -1.21161592 -1.20072806 15.0
-1.06515336 -0.80787247 -1.26073360 15.0
-1.20119357 -1.40736771 -0.03585586 15.0
1.38505769 1.00370991 -0.16789466 15.0
-0.63230425 -0.34200004 -1.09870911 15.0
1.44959748 -1.04814517 -0.22239780 15.0
0.51548362 0.53651488 -1.06570780 15.0
1.21387076 -0.90832883 -1.51562583 15.0
-0.26822582 0.64547646 1.78015196 15.0
-0.08287882 -0.56056452 1.20059562 15.0
0.10440817 -0.10509451 1.83654571 15.0
0.59805185 -1.54706252 -0.06352863 15.0
1.30519795 0.40798092 -0.91344666 15.0
1.34411287 -0.77475184 -1.09195960 15.0
1.39145172 -1.22885346 -0.48392007 15.0
0.83798069 -1.24828112 -1.09104419 15.0
1.39157832 -0.72445434 -0.38959840 15.0
-1.36681533 -1.20837998 0.65392870 15.0
-0.71881980 1.17465103 1.16420174 15.0
0.85565209 -1.44492412 -1.03546667 15.0
-1.34845793 0.34730947 0.34600726 15.0
0.60653865 1.04195738 1.36367869 15.0
1.06627238 0.75633413 -1.51400125 15.0
0.51548362 0.53651488 -1.06570780 15.0
0.83807242 0.85021949 -1.15339279 15.0
-1.23314178 1.19291484 -0.59320080 15.0
-0.58379608 -1.23229158 0.83863062 15.0
1.16171443 0.39026123 1.42202413 15.0
-1.40902698 -1.04814517 -0.63748330 15.0
0.81598306 -1.27068245 -1.08080101 15.0
-1.28852165 1.14265275 0.01071971 15.0
1.16496909 -0.39096409 1.11886311 15.0
-0.63445336 0.64834058 -1.06783175 15.0
-1.32283020 -1.30493855 -0.14473237 15.0
1.32586837 -1.30420518 -0.73300195 15.0
1.09292281 0.41426918 -1.05590641 15.0
-1.06732154 1.30957198 1.04103315 15.0
0.61585957 -1.08219969 0.91879672 15.0
-0.26315370 1.28144646 -0.85892481 15.0
1.30759573 -0.00037311 -0.91351700 15.0
-1.32283020 -1.30493855 -0.14473237 15.0
0.10465936 0.23478323 1.94940591 15.0
-0.93616229 1.53409386 -0.65216160 15.0
0.10140213 -1.53560007 0.45069230 15.0
-1.32320273 1.00308633 -1.15509939 15.0
0.28602010 -1.08217585 0.95387506 15.0
-1.35313785 0.96128172 -0.59126276 15.0
1.09318471 0.44850120 -1.05577099 15.0
-1.35413253 -0.61644894 -0.01597047 15.0
1.38192117 0.83446664 -0.59332627 15.0
-0.57642728 -1.52387297 0.06716231 15.0
0.59633648 1.17345357 1.18112397 15.0
-0.46283233 -0.34196547 -1.06683803 15.0
-0.99617219 0.77034485 1.53817761 15.0
0.70362711 -1.53095055 0.51773262 15.0
-0.08694568 -0.25043759 -0.98710918 15.0
-1.33140206 0.44052851 -0.64474070 15.0
-1.37031794 0.74312168 0.01038542 15.0
-1.15661800 1.04950154 -1.33311224 15.0
0.63908422 0.85005254 -1.08781075 15.0
-0.11035700 1.14783669 -0.93849891 15.0
0.62747145 0.48037013 1.85868752 15.0
0.91264176 0.82104081 1.56363165 15.0
-0.75262403 0.41649368 1.86128426 15.0
1.01861382 0.86461163 1.45716131 15.0
-1.37708235 0.87780076 0.01047418 15.0
-1.24295843 -0.92185384 0.93293113 15.0
1.33122528 0.61292034 0.86017364 15.0
1.39915669 0.91978341 0.47730240 15.0
1.20609045 0.49829030 -1.03220224 15.0
1.27585864 1.19291484 -0.16659807 15.0
-1.34724200 0.52657306 -0.16903184 15.0
-0.97030449 1.05871475 -1.27705944 15.0
1.39145172 -1.22885346 -0.48392007 15.0
1.37698543 0.44034556 0.18758301 15.0
-0.36954665 1.61059093 0.01969158 15.0
0.69857919 1.19578981 -0.99776065 15.0
1.18849838 1.37715018 0.20835225 15.0
-0.43305928 -0.10504165 1.82469583 15.0
1.35634172 0.08346324 -0.64485168 15.0
-0.96595585 1.54506862 -0.11026172 15.0
-1.34762549 0.49318343 -0.16908796 15.0
0.46344444 -0.37878293 1.47545767 15.0
-0.08183874 0.41599739 1.90294468 15.0
-1.43198431 -1.01142633 0.34079912 15.0
0.59613562 -1.36697686 0.72259080 15.0
-1.42890608 -1.04738510 0.45372498 15.0
-1.12846625 1.09848452 -1.13048804 15.0
0.14466110 0.71189785 -0.99768853 15.0
0.27937514 -1.30833662 0.81505162 15.0
-1.13796175 0.39026123 1.42202413 15.0
-0.46342242 0.44889301 -1.06729543 15.0
0.14172255 0.97935098 -0.98378181 15.0
-1.35037398 -1.04145384 0.83732098 15.0
-0.83505750 -1.54653478 -0.06594212 15.0
1.39583337 -1.17436922 -0.90068054 15.0
1.30449116 0.49460074 -0.91208369 15.0
-1.35756397 0.74314106 0.65772986 15.0
-1.36664176 -1.08508718 -1.19069338 15.0
0.10679907 0.54585493 1.84845376 15.0
-1.23705924 1.23343372 0.31557861 15.0
1.43277979 -1.04814517 -0.63748330 15.0
-1.35594034 0.65207094 -0.35783967 15.0
0.63732910 0.89418101 -1.08048487 15.0
-0.69838643 -1.45336151 0.62127966 15.0
-0.26115480 -1.13323951 0.93132448 15.0
-1.43198431 -1.01142633 0.34079912 15.0
-0.97617358 -0.95561200 -1.44115734 15.0
-1.18443930 0.46919039 -1.03277767 15.0
-0.91101444 1.19732714 -0.97663975 15.0
-0.89216816 -1.57764900 -0.53674835 15.0
1.30089629 1.14717221 0.80902988 15.0
-1.33451724 0.56645966 -0.62866032 15.0
-1.42730737 -0.97026712 0.62721324 15.0
0.91210413 1.56894732 0.07953729 15.0
-0.61824220 0.60859966 -1.06405389 15.0
0.10426267 0.06309739 1.93937397 15.0
-1.33859837 0.83855444 0.85810125 15.0
-1.14085519 0.88671356 -1.58459353 15.0
-1.37771463 0.87780321 0.18661410 15.0
-1.34495080 1.00358391 -0.59176666 15.0
-0.93986887 -1.44689703 0.60816306 15.0
0.77874511 -1.58607960 -0.94248194 15.0
0.43817961 1.22528481 1.13960898 15.0
1.39381969 0.87780076 -0.35513398 15.0
-1.32575452 0.52528667 0.65252954 15.0
-0.08101986 -0.18703504 1.75711322 15.0
-0.60341328 0.68499970 1.73340976 15.0
-0.94424337 0.35535583 -1.07571638 15.0
0.81823659 0.44947612 -1.09995198 15.0
1.29490328 0.34909832 0.85802686 15.0
0.51548362 0.53651488 -1.06570780 15.0
0.76533777 -0.02266381 1.85440683 15.0
0.82711118 1.12663567 -1.07265317 15.0
0.14166209 -1.02998853 -1.00298512 15.0
-0.74991393 -0.27874199 1.59426022 15.0
-0.87902206 0.14884079 1.87344825 15.0
1.42504382 -0.93715161 -0.90018314 15.0
0.85059088 1.45569170 1.03018105 15.0
1.23864198 -1.17831552 0.82150006 15.0
0.46140262 -0.96580744 0.98601055 15.0
0.73850149 1.20464361 1.12672710 15.0
-1.33242273 -0.33609360 -0.64403838 15.0
0.11078333 0.35467413 -0.98741841 15.0
-1.03457355 -1.06595075 -1.54465735 15.0
-1.34163558 0.52671450 -0.36561733 15.0
-0.07566817 1.34409213 1.13441348 15.0
-0.44288391 0.64542425 1.77285480 15.0
0.44617438 -1.30817604 0.79487145 15.0
1.19280803 -1.13420606 -1.44724464 15.0
-0.21602491 1.61017692 -0.48456034 15.0
0.45515636 -1.13309813 0.91269660 15.0
-1.32080400 0.26063001 0.64558643 15.0
1.29172504 1.08505702 -1.06739426 15.0
-0.94413120 -0.16855176 -1.07560670 15.0
-0.46360275 0.41462684 -1.06743515 15.0
-1.32981563 0.69679505 -0.88317621 15.0
-0.57017457 -1.44534838 -1.05814719 15.0
1.16460788 0.88671356 -1.58459353 15.0
-1.18790686 1.30578673 0.92735773 15.0
-1.37771463 0.87780321 0.18661410 15.0
-1.03976583 -0.99108571 -1.57095933 15.0
1.43272066 -0.89959812 -0.61974925 15.0
-1.37438309 0.78947484 0.01041481 15.0
0.97045499 0.71267790 -1.23569870 15.0
-1.28297889 -0.16598441 -0.91315734 15.0
1.11322415 1.20026803 1.07070649 15.0
-0.97092396 -0.99376714 -1.45799387 15.0
-0.92551577 -1.57043076 -0.21085508 15.0
0.83807242 0.85021949 -1.15339279 15.0
0.11078333 0.35467413 -0.98741841 15.0
0.78622663 0.57737207 1.78686440 15.0
-1.42154324 -0.89959812 -0.21257119 15.0
1.36697650 0.26177233 -0.36692187 15.0
-1.32790649 -0.86342341 -1.37056720 15.0
-0.88632494 -1.57401800 -0.12304255 15.0
-1.27143240 1.16383076 0.18276970 15.0
-1.18236578 -0.62238795 -1.03004515 15.0
1.35064256 0.74720198 0.85995591 15.0
-0.07770639 1.35739684 -0.77922451 15.0
0.10140213 -1.53560007 0.45069230 15.0
0.10677062 -0.71269524 1.06728780 15.0
0.91093153 -1.18895423 0.84126204 15.0
-1.17253101 -0.77841997 -1.17627823 15.0
1.39954960 0.91977507 0.01050518 15.0
1.08260608 1.47781587 0.67128992 15.0
-0.90243149 0.57753903 1.74624693 15.0
-1.38794398 -0.81589758 -0.62004483 15.0
0.96763611 0.50349039 -1.07470763 15.0
1.33402383 0.69716990 -1.16619587 15.0
1.37798786 -0.53180075 0.32152513 15.0
-0.26291841 0.23477730 1.94537568 15.0
1.45302010 -0.93715161 0.25146857 15.0
-1.20457637 -0.06424823 1.11111641 15.0
-0.99394053 0.81756812 1.49902987 15.0
0.28883204 0.81987453 1.64130509 15.0
0.85703850 1.57462299 -0.38940340 15.0
-0.41892737 -1.64507997 -0.35719299 15.0
-1.42730737 -0.97026712 0.62721324 15.0
1.38680744 0.65196371 0.01033267 15.0
0.58311194 1.34411275 1.09012640 15.0
-0.89798075 -0.47679016 1.25476682 15.0
-1.34144437 0.60967350 -0.61401844 15.0
1.08260810 -0.18849182 1.49296939 15.0
1.36584115 0.34662023 0.48758173 15.0
1.37862098 -0.43494707 0.16696879 15.0
-0.11787400 -1.14338779 -0.99105722 15.0
0.62407643 0.77260375 1.66252470 15.0
-0.60491180 -0.81146377 1.00843418 15.0
-0.75752634 1.53191769 -0.75827086 15.0
-0.07627662 -1.59583473 -0.85468209 15.0
1.26814997 1.15925288 0.95889312 15.0
-0.58965558 -1.13326657 0.89577240 15.0
0.71084017 -1.55275226 0.44132620 15.0
-1.07287276 0.57407105 -1.05711031 15.0
0.91884118 -1.08346164 0.89163691 15.0
1.17499208 -1.21277380 -1.24976969 15.0
1.37500823 -1.27294004 0.09778563 15.0
-0.08703116 -0.00017483 -0.98742026 15.0
-1.02908742 -1.50404871 0.24402913 15.0
0.99405712 1.05871475 -1.27705944 15.0
-0.56335831 -1.45197308 0.63433176 15.0
1.39039445 -1.08508718 -1.19069338 15.0
-1.36993909 -1.04814517 -1.20863295 15.0
0.96787173 0.41545030 -1.07563174 15.0
-1.34617889 0.34796950 -0.16916114 15.0
1.24916565 1.07821953 -1.17814088 15.0
1.20495367 0.53208351 -1.03098476 15.0
-1.32293165 0.49137843 0.65079105 15.0
1.38360941 -0.72386813 0.51881558 15.0
0.43648043 1.25100219 1.12823641 15.0
1.15495038 1.07986248 -1.22084641 15.0
0.10664883 0.51908273 1.86235571 15.0
1.30759573 -0.00037311 -0.91351700 15.0
-1.18269002 1.35786295 0.72721207 15.0
1.33664560 0.65602922 0.86036718 15.0
1.16558397 0.84294927 -1.59150970 15.0
1.20754576 0.41111729 -1.03316963 15.0
-0.08765703 0.50257885 -0.98641574 15.0
-1.30756938 -1.01406074 -1.47523594 15.0
1.42747450 -1.12559354 -0.43086651 15.0
0.89534050 1.28260946 -0.91260648 15.0
-0.21602491 1.61017692 -0.48456034 15.0
1.27838492 1.19291484 0.18278836 15.0
-0.83541578 0.67504150 -1.12305140 15.0
1.00499058 0.14815345 1.80379784 15.0
-1.26674545 -1.35640693 0.13294822 15.0
-0.87158775 1.28260946 -0.91260648 15.0
