-0.00591820 0.67509687 1.86405492 35.0
0.82616293 -0.89891416 -1.07735872 35.0
-0.52807325 0.27974397 -1.01915038 35.0
-0.48644066 -1.19564128 0.58234477 35.0
1.49125791 0.40060905 0.34678856 35.0
-1.36452782 0.61558449 -0.44823828 35.0
0.45084625 0.46452287 1.86226726 35.0
1.42706621 0.79269379 -1.23921776 35.0
-0.44489059 -0.71973705 0.73906571 35.0
0.30775711 1.31290913 -0.99452263 35.0
-1.37805974 0.20146199 0.17597362 35.0
0.12187389 1.44096720 1.35064816 35.0
-0.25729534 -1.24045992 0.61130810 35.0
-1.27815127 -0.84203488 0.56162560 35.0
-1.33645451 -0.79984939 -0.60302716 35.0
-0.74905956 -0.51930946 -1.01607120 35.0
0.76580334 1.39471304 -0.83593982 35.0
1.43720317 0.91372573 0.58606416 35.0
0.60349900 1.23985350 1.86544573 35.0
-1.38388836 0.27973145 -0.17494451 35.0
0.65898591 -0.05503776 -1.01907599 35.0
-0.09650397 -0.81878608 0.73012471 35.0
-1.33619249 -0.89891416 -0.21181335 35.0
-1.32929957 1.03878820 -0.00518037 35.0
-0.33556759 1.66777551 0.31258669 35.0
1.32827854 1.46666408 -0.23361024 35.0
-1.35677719 -0.12003770 0.33973226 35.0
1.16882336 -0.30817738 1.39434624 35.0
-0.30665770 1.47271228 -0.64018530 35.0
0.91261625 -1.31802022 -0.97179353 35.0
-1.27418530 1.31989205 0.32727677 35.0
1.40925097 -0.84203488 0.56162560 35.0
-0.87691051 -1.18389034 -1.40753067 35.0
0.83538049 -0.41424897 0.97204453 35.0
-1.23127484 1.41633391 -0.69555998 35.0
0.09757703 -1.45416975 -0.69703841 35.0
1.44081390 -0.57540637 0.55442411 35.0
1.40008199 1.34653533 -0.17819574 35.0
-1.31301641 -1.04054570 -0.60823530 35.0
-0.34067735 0.11420525 -1.01914859 35.0
1.51408267 0.40040922 -0.17492539 35.0
-1.38360190 0.02721181 0.00006279 35.0
-1.35221350 0.79303896 -0.31828484 35.0
1.19369042 -0.77087301 0.62233680 35.0
1.37313056 1.42504144 -0.57817280 35.0
-1.21652806 0.91375887 -1.59322202 35.0
-0.03543517 -1.40513170 0.31500888 35.0
-0.03617220 -1.45939958 -0.26124915 35.0
0.45142788 -1.45600712 -0.37947702 35.0
-1.33875942 0.91375887 -0.44792065 35.0
1.32223010 1.40711796 0.87875015 35.0
1.33273673 1.31254601 -0.91319746 35.0
-1.19229329 -0.96471512 0.56031340 35.0
1.44140053 0.12720400 0.57997036 35.0
1.48902130 -0.59678447 -0.20431277 35.0
-1.36247134 -0.05503776 -0.77425784 35.0
1.51438510 0.02721181 -0.31907859 35.0
-1.09893143 -0.65982819 -1.26592898 35.0
-0.15324953 0.39517945 1.86461043 35.0
1.20516205 1.18336451 -1.45770001 35.0
1.05476117 -1.39634931 0.32200906 35.0
0.14071180 0.20052119 -1.01914859 35.0
1.42288864 1.23658621 0.33865786 35.0
0.59921318 1.29939163 1.84555078 35.0
-1.08000135 -1.31260002 0.44406790 35.0
0.25375274 -1.35700822 0.50837368 35.0
0.16519716 -1.45293725 -0.59160060 35.0
-0.66933388 -0.16389741 1.81651235 35.0
1.47181320 -0.85099471 -0.06077552 35.0
1.43766415 -0.96744871 0.47127625 35.0
-1.02407348 1.47371352 0.91273838 35.0
1.20692420 -0.94664150 -1.80425143 35.0
0.61093277 -0.74686050 -1.02225161 35.0
1.27081406 -0.77087301 0.61003220 35.0
0.16995509 -1.45057797 -0.78918064 35.0
-0.31082174 1.03867173 1.87287414 35.0
1.00283146 -0.65892112 0.68985987 35.0
1.48902130 -0.59678447 -0.20431277 35.0
1.45315385 -1.04054570 -0.08059268 35.0
-0.15164141 0.28161180 1.86557627 35.0
-0.49925324 0.54849356 1.86020339 35.0
1.35289502 -0.54107487 0.65329212 35.0
-1.35021734 0.79305327 0.17737773 35.0
-0.78797793 -0.91365761 0.63347131 35.0
0.42938980 1.48783505 -0.47772822 35.0
-1.36039519 0.67535859 -0.44818738 35.0
-0.23976700 1.62593567 -0.09479360 35.0
-0.64276153 1.48406720 -0.57256329 35.0
0.59911805 1.48783004 -0.47548306 35.0
-0.00521659 0.84925318 1.87245142 35.0
1.43575799 1.09205639 -0.74218857 35.0
-0.46886489 -0.94664150 -1.03009224 35.0
1.43805730 -0.99378824 -0.75430357 35.0
-0.69989359 -0.31323111 1.38844788 35.0
0.98761988 -0.43535900 -1.01712692 35.0
0.45133099 -0.41064417 0.98870623 35.0
0.96233338 -0.89891416 -1.26718926 35.0
-0.19333373 -0.86651051 0.71996355 35.0
0.03273291 -1.45600712 -0.37947702 35.0
-1.35899746 0.34623039 0.34693697 35.0
-1.27511001 1.18677211 -0.92783827 35.0
-0.31449810 0.20635469 1.86396897 35.0
-0.24807191 1.55671334 0.94204926 35.0
-0.77673090 1.45264447 -0.69404078 35.0
-1.07001412 -1.04054570 -1.77531123 35.0
-0.87691051 -1.18389034 -1.40753067 35.0
-1.11835563 -0.86651051 0.59300119 35.0
0.72006112 -0.96041876 0.64080602 35.0
1.44286001 0.21035141 0.58118075 35.0
-0.88393193 1.25017440 -1.12687290 35.0
-0.85909736 0.27974397 -1.01915038 35.0
0.27713344 1.36613691 -0.90878391 35.0
0.62243962 -0.46738833 0.76473451 35.0
1.19048762 1.24900591 -1.18896580 35.0
-0.10754745 -1.45416975 -0.69703841 35.0
0.28316990 1.56174004 -0.18189190 35.0
-1.35948849 0.61566061 -0.58781159 35.0
-1.37624073 -0.19647881 0.17083968 35.0
1.19363070 1.34052694 -0.95481640 35.0
1.29748189 0.73051864 1.45809782 35.0
1.48619175 -0.59678447 -0.47100598 35.0
-0.95163941 -0.89891416 -1.74915230 35.0
-0.24639647 -1.27165854 0.59526885 35.0
-1.32764220 -0.89891416 -0.60184324 35.0
-0.90496773 1.39516199 -0.83478010 35.0
-0.70363188 -0.80141705 -1.06501055 35.0
-0.77358764 1.28528619 -1.00797927 35.0
-1.29994428 -0.89891416 -0.96044046 35.0
0.91096920 1.13741946 1.86789393 35.0
0.14071473 0.34446412 -1.01915741 35.0
-1.33357358 0.97668326 0.17119774 35.0
1.47049952 0.91378146 0.17318976 35.0
0.46057460 -0.77087301 0.73817760 35.0
1.38258088 -0.15926379 0.94704622 35.0
-1.30971396 -0.57540637 0.55442411 35.0
-1.34718359 0.85317785 -0.00161910 35.0
1.25556004 1.41251433 1.24837244 35.0
1.11508501 0.67909843 -1.41857266 35.0
1.39766920 -1.31771159 0.37104085 35.0
-0.49246803 -0.10685992 1.83689892 35.0
-1.28604317 -1.18137407 0.41536316 35.0
0.02867456 -1.24045992 0.62263721 35.0
0.44489351 0.04259963 1.85749710 35.0
-1.37463331 -0.26460686 0.16631627 35.0
-0.16602816 0.34446412 -1.01915741 35.0
0.98207313 -0.63034797 -1.04727340 35.0
-0.86581159 0.61078769 -1.06624579 35.0
0.61251867 1.09190285 1.87292480 35.0
-0.85880584 -0.05503776 -1.01907599 35.0
-1.29722941 -1.06134880 0.44708198 35.0
0.11098497 -1.06016922 0.67187524 35.0
-0.20510194 -1.45939958 -0.26124915 35.0
0.93935722 0.78777343 1.86645937 35.0
1.31217539 1.45281661 -0.66206867 35.0
-1.30213237 -1.04054570 -0.75590742 35.0
-0.31545466 0.28161180 1.86557627 35.0
1.25173056 -1.42841709 -0.59441108 35.0
1.40925097 -0.84203488 0.56162560 35.0
-0.46886489 -0.94664150 -1.03009224 35.0
0.45194420 0.54849356 1.86016417 35.0
1.33616841 1.13773620 -1.47162461 35.0
1.14449894 1.18578374 1.75764048 35.0
-0.15308474 -0.16389741 1.81651235 35.0
-0.23987880 -1.25394583 -1.00947881 35.0
0.45478138 -1.46079850 -0.08500859 35.0
1.37226999 -0.03142869 0.96808124 35.0
1.45380211 -0.94664150 -0.60402477 35.0
1.24253845 0.73231870 -1.55158103 35.0
1.44861162 0.34846917 0.58212978 35.0
1.00801027 -1.18389034 -1.40753067 35.0
-0.02877993 0.53903371 -1.01738942 35.0
-0.65528286 0.91195351 1.87254918 35.0
-0.11760128 -1.45057797 -0.78918064 35.0
-0.03357298 0.91375887 -1.03213644 35.0
-1.32666731 -0.99378824 0.22376683 35.0
0.11641494 1.68010592 0.69567966 35.0
-0.42627338 -0.77087301 0.72837222 35.0
1.39048064 1.31297672 -0.75794494 35.0
0.51899064 0.46708369 -1.01833284 35.0
-1.36223686 0.67535859 -0.31831852 35.0
-0.95232904 0.91375887 -1.71035421 35.0
0.42196301 -0.47928181 0.74761367 35.0
-0.91108584 1.47243500 -0.64074129 35.0
-0.86290503 -0.49834278 0.73157752 35.0
0.59907532 -1.17572868 -1.01712930 35.0
1.46755433 -0.79984939 -0.60302716 35.0
-0.99211395 -0.71973705 0.65396279 35.0
1.11902666 -1.24045992 0.49567485 35.0
-1.32570374 -0.79984939 -0.75257087 35.0
0.92879260 0.12471421 1.85696280 35.0
-1.13052380 -0.30490181 1.34288526 35.0
0.99147391 -1.31847620 -0.97648418 35.0
-1.21992874 1.23685694 -1.09567475 35.0
-0.71804720 -1.42554283 -0.85111904 35.0
-0.54410881 -1.38780820 0.36559412 35.0
0.13586812 0.20635469 1.86396897 35.0
-0.79907656 0.20640261 1.85941339 35.0
1.18634725 1.36685252 -0.90059042 35.0
-0.32309252 1.62044942 -0.00595719 35.0
-1.37600183 -0.34878176 -0.19223362 35.0
1.14085102 -0.65892112 0.66853833 35.0
1.13509727 0.27974397 -1.01915038 35.0
-1.19229329 -0.96471512 0.56031340 35.0
0.25764513 -1.19564128 0.63783169 35.0
0.79311299 0.39517945 1.86463022 35.0
-0.11160170 -1.40513170 0.31500888 35.0
-1.31785750 -0.99378824 -0.60627705 35.0
1.07535005 0.62067378 1.83854508 35.0
-1.25759816 1.38257551 -0.44975930 35.0
-1.33230090 -0.85099471 -0.60153979 35.0
0.95813805 -0.94664150 -1.27603233 35.0
0.16439545 0.97666568 -1.02744651 35.0
1.18928611 0.46517447 1.74865842 35.0
0.10732909 1.56147897 -0.23982905 35.0
0.63016176 0.67509687 1.86407471 35.0
1.50957477 0.46707234 -0.31837276 35.0
1.21110106 -1.31260002 0.44406790 35.0
-0.94647419 1.03878391 -1.69766009 35.0
-1.27870131 1.31414247 -0.31803626 35.0
0.43965262 1.48406720 -0.57256329 35.0
1.51479983 0.11420525 -0.00039460 35.0
0.44908768 -1.45330536 -0.48031715 35.0
1.48657489 0.67535859 -0.58657175 35.0
0.33088285 -1.45293725 -0.59160060 35.0
0.96708047 -0.77087301 0.66459084 35.0
1.43831420 -1.13505268 0.32306615 35.0
0.02618627 1.56218624 1.05435240 35.0
-0.48885605 0.61084276 -1.01757801 35.0
1.44293284 0.79276562 0.58663380 35.0
0.83303970 1.31290913 -0.99452263 35.0
0.94235891 -0.58753842 -1.02151811 35.0
0.14071180 0.11420525 -1.01914859 35.0
0.57537442 0.53903371 -1.01738942 35.0
-0.14430271 1.23985350 1.86544573 35.0
0.93016219 -0.03609034 1.84537756 35.0
-1.16509557 -0.59288621 0.64869165 35.0
0.24139912 -1.27130485 0.60732234 35.0
0.36465693 -1.34807038 0.49699047 35.0
-0.89776659 0.79242820 -1.45807528 35.0
-1.00392365 0.02721181 -1.01913416 35.0
-0.14782132 1.09190285 1.87292480 35.0
1.11508501 0.67909843 -1.41857266 35.0
0.95164144 -1.34094417 -0.92527121 35.0
-0.69861656 -1.12760806 0.58066499 35.0
1.38343382 -1.08341253 0.50401390 35.0
0.21213681 -1.33912790 0.54743171 35.0
0.10991865 1.67188001 0.88057244 35.0
-1.26289189 -1.37864411 0.17739713 35.0
-1.23127484 1.41633391 -0.69555998 35.0
0.59955037 -1.46079850 -0.08500859 35.0
0.83325517 -0.19935349 -1.01871002 35.0
-1.35586965 -0.04629283 0.34415767 35.0
1.38026118 0.34811601 0.98268342 35.0
-0.07186260 -1.35769331 0.50808144 35.0
-1.28393316 -1.34147072 0.03808201 35.0
-0.46163303 -1.45330536 -0.48031715 35.0
1.44012344 1.18548536 -0.17651063 35.0
-0.80444992 0.84930110 1.86789620 35.0
-1.38339067 0.27974397 -0.31838912 35.0
-1.34640861 0.85316670 -0.31826544 35.0
-1.18325031 1.37018788 -0.84930986 35.0
0.68255949 -0.65892112 0.73252213 35.0
1.26298153 -1.24447012 0.48608333 35.0
-0.76604772 -1.24045992 0.52620512 35.0
-0.48756728 0.97624516 1.87256980 35.0
-0.03543517 -1.40513170 0.31500888 35.0
-1.27685475 1.31414247 -0.44715294 35.0
1.46647537 -0.84576809 0.37987459 35.0
-1.29747963 -0.73629296 -1.19689250 35.0
0.13656710 0.39517945 1.86461043 35.0
-0.69933498 -0.34718522 -1.01784456 35.0
1.05679691 0.58715129 -1.06026661 35.0
-1.18107557 1.45281661 -0.66206867 35.0
-1.28059340 -0.79411995 0.56741709 35.0
-1.22335470 -0.66321605 0.61582941 35.0
-0.27984533 -1.37776852 -0.88585973 35.0
-1.29934573 0.97666568 -0.95512652 35.0
-0.62880945 1.28517890 -1.00453341 35.0
1.49383342 0.67535871 -0.17438363 35.0
1.45987749 0.85316670 -0.74398822 35.0
0.87674320 1.41507292 1.53539503 35.0
-1.37864900 0.34447050 0.17557807 35.0
1.20111394 -1.04054570 -1.77531123 35.0
0.94235891 -0.58753842 -1.02151811 35.0
-0.00476699 -0.03613825 1.84993315 35.0
1.40025318 -1.31445813 -0.74518275 35.0
1.41172993 -1.33592272 0.27823395 35.0
-0.49725288 -1.42127478 0.27528682 35.0
-0.91506678 1.48635530 -0.24312690 35.0
1.44876325 -1.03531873 0.34963104 35.0
0.29704791 -0.05503776 -1.01907599 35.0
0.37515479 -0.63034797 -1.01678348 35.0
0.65715677 -0.26808652 -1.01834881 35.0
-0.10548124 -1.39431536 0.35266393 35.0
1.11493719 -0.65654206 -1.24470258 35.0
1.46204674 -0.94664150 -0.35147750 35.0
0.38158843 0.61084276 -1.01757801 35.0
1.42904842 1.13755596 -0.74168348 35.0
-1.14063263 -1.42089295 0.19717036 35.0
1.27726293 0.04582659 1.44752622 35.0
0.51391280 -0.50011313 0.80180967 35.0
-0.87939703 1.13661253 -1.41929710 35.0
-0.99498320 -0.58757192 -1.03437459 35.0
1.51470172 0.02721181 0.00006279 35.0
-1.31684279 -1.08768487 0.05543229 35.0
0.65898591 -0.05503776 -1.01907599 35.0
-1.37663424 0.46707234 -0.44838706 35.0
-1.30105901 1.23605561 -0.17654848 35.0
1.49333668 0.67535859 -0.31831852 35.0
1.23797584 1.29661906 1.44140327 35.0
-1.38153970 0.20052119 -0.44844738 35.0
0.57741427 1.54842806 0.66445440 35.0
1.47491145 -0.79984939 -0.34619057 35.0
-0.57527661 -0.59216046 0.74990571 35.0
0.27318075 1.48783875 -0.48063746 35.0
-0.85741282 -0.65653807 -1.09319139 35.0
-0.82344794 -1.04054570 -1.26583004 35.0
-1.29677272 -0.26815641 -0.93667799 35.0
0.10122677 -1.27119064 0.60743821 35.0
1.51435137 -0.05503776 -0.00064269 35.0
-0.68092996 -1.41977322 0.27746776 35.0
1.29146147 0.54310745 -1.01629114 35.0
1.03499305 -0.74669707 -1.39984620 35.0
-1.16675997 0.46587709 1.45254874 35.0
1.44229412 -1.14027858 -0.11600213 35.0
-0.15324953 0.39517945 1.86461043 35.0
1.31707025 1.47048175 0.50289744 35.0
1.04635847 -0.65653884 -1.18314195 35.0
-0.82445222 -0.99378824 -1.27550614 35.0
1.22365046 -0.69212365 -1.41001344 35.0
1.51357245 -0.13026883 -0.00296062 35.0
0.42252442 -0.91365761 0.70705813 35.0
0.99400496 -0.49834278 0.73157752 35.0
-1.01339912 1.18578374 1.75764048 35.0
1.42195821 -1.31524920 -0.26824278 35.0
1.05044615 1.48576689 0.13000672 35.0
1.48370612 0.54661137 -0.76116341 35.0
0.94854701 1.31290913 -0.99452263 35.0
0.82283807 0.97666568 -1.07242095 35.0
0.00937359 -0.77087301 0.73970157 35.0
-1.20335507 -0.99378824 -1.64839709 35.0
-0.31798714 -0.16389741 1.81651235 35.0
1.47931051 -0.73902225 -0.20876454 35.0
-0.20233704 -0.81878608 0.73012471 35.0
-0.40827847 1.48766768 -0.34198654 35.0
1.44794810 -0.89891416 -0.75075907 35.0
-1.19905651 -1.19522715 -1.44936013 35.0
-1.35278881 0.79304087 -0.17473218 35.0
-0.00256322 1.23985350 1.86544573 35.0
1.07948542 1.25130284 -1.17161608 35.0
1.45776713 -0.99378824 0.22376683 35.0
-0.46774733 1.09205639 -1.01676309 35.0
0.16333556 -1.39443135 0.35221854 35.0
-0.12991977 -0.53737140 0.79658115 35.0
-1.16157949 0.85092008 1.46262217 35.0
1.44718814 0.73300433 0.58519560 35.0
-1.28393316 -1.34147072 0.03808201 35.0
1.40925097 -0.84203488 0.56162560 35.0
-0.23885669 1.17915356 -1.01586580 35.0
-0.40806568 -1.06016922 0.63942701 35.0
-0.47020519 1.24719727 -1.00765204 35.0
-1.29908371 1.18548536 0.33962893 35.0
1.46698821 -0.89891416 0.22903718 35.0
1.48331320 0.79303896 -0.31828484 35.0
1.10250425 -0.74604350 -1.53753316 35.0
1.42301750 -1.31524920 0.16663134 35.0
0.90468746 1.28528619 -1.00797927 35.0
0.10732909 1.56147897 -0.23982905 35.0
-0.42061687 1.28515244 -1.00368488 35.0
-1.06868553 1.48523116 -0.48236445 35.0
0.16426139 1.03878391 -1.02023375 35.0
-0.52478880 -0.34718522 -1.01784456 35.0
1.49562764 0.61558449 -0.44823828 35.0
-0.74244094 1.48634064 -0.21914934 35.0
0.63016176 0.67509687 1.86407471 35.0
-0.00961214 0.20052119 -1.01914859 35.0
-0.62628371 -1.45330536 -0.48031715 35.0
0.98311925 -0.22110309 1.71209753 35.0
-1.14858472 0.20958468 1.45397949 35.0
1.51263940 0.11420525 -0.44844738 35.0
-0.94811922 -1.27332973 -1.24416995 35.0
-0.71526855 -0.65653807 -1.03419423 35.0
-1.29167140 -1.31524920 -0.11814160 35.0
1.42522621 -1.20747769 -0.60927355 35.0
-0.16473997 -0.34718522 -1.01784456 35.0
1.16484261 1.44410479 1.20123661 35.0
-1.35733342 -0.52257180 -0.60490167 35.0
0.09879761 -1.42387021 0.27036464 35.0
-1.35677719 -0.12003770 0.33973226 35.0
0.78495181 -0.77087301 0.68421471 35.0
-1.14844561 -0.03292323 1.43992877 35.0
-1.31872857 0.61596835 -0.92745268 35.0
-0.71975529 -1.37807989 -0.88584626 35.0
-1.30470729 -1.20770144 0.03213795 35.0
-0.30484381 1.45268214 -0.69397593 35.0
-1.26768100 1.34803867 0.15257046 35.0
1.45843005 1.03879189 0.16948332 35.0
-1.32872343 0.67410195 -0.93181592 35.0
-0.14263077 1.29939163 1.84555078 35.0
0.44587260 -1.38557303 0.38546094 35.0
1.44518816 -0.64357746 0.53515375 35.0
-0.00188151 1.48783970 -0.48251140 35.0
-0.16600533 0.02721181 -1.01913416 35.0
-0.79907656 0.20640261 1.85941339 35.0
-1.34908175 -0.66891456 -0.47355345 35.0
-0.35933876 1.31290913 -0.99452263 35.0
-1.19509697 1.46780717 -0.47540581 35.0
-0.00600426 0.62043417 1.86072159 35.0
-1.38387668 0.20052119 -0.17488687 35.0
-0.64276153 1.48406720 -0.57256329 35.0
0.27880684 1.48406720 -0.57256329 35.0
0.30775711 1.31290913 -0.99452263 35.0
1.01119030 1.18076825 -1.33140802 35.0
-1.36924314 -0.43855211 -0.46325806 35.0
-0.81117320 0.72871464 1.86346173 35.0
-0.49133995 -0.46738833 0.76473451 35.0
-1.27815127 -0.84203488 0.56162560 35.0
-1.16192710 0.34446412 -1.00861478 35.0
-0.03409721 -1.45293725 -0.59160060 35.0
-1.30091298 -1.20247674 0.30730835 35.0
0.13463262 -0.47928181 0.74579555 35.0
1.44454241 -1.08768487 -0.48436150 35.0
-1.31912267 -0.77351582 0.50490165 35.0
0.16653512 -1.40513170 0.31500888 35.0
-1.04824483 1.39689314 -0.82718706 35.0
-1.08347642 0.91375887 -1.73496795 35.0
1.46647537 -0.84576809 0.37987459 35.0
0.13651353 -0.16389741 1.81651235 35.0
1.41179168 -1.08768487 -0.95888239 35.0
0.32203087 -0.51930946 -1.01607120 35.0
0.96155012 0.91375887 -1.25543714 35.0
0.16285640 -1.29109764 -0.99703765 35.0
1.24945533 -0.86651051 0.59300119 35.0
-1.08242571 -0.89891416 -1.77528322 35.0
-0.66479754 0.46452287 1.86236620 35.0
-0.69173825 0.97666568 -1.07242095 35.0
-0.94385916 1.28554106 -1.01702952 35.0
-1.31412590 0.28682491 0.58205444 35.0
-0.32507265 -1.45747614 0.09198900 35.0
1.20813155 -0.71973705 0.63228542 35.0
-1.35560989 0.54427826 0.34792516 35.0
0.32838812 -1.45416975 -0.69703841 35.0
-0.00614505 -0.41064417 0.98832512 35.0
-1.32154763 -0.85099471 -0.75086015 35.0
0.59808451 -1.08768487 -1.02598941 35.0
0.09877098 -1.45757759 0.09179113 35.0
1.44374299 1.09205842 0.34196323 35.0
1.32430208 1.46788740 0.31547272 35.0
-1.37562370 -0.05503776 -0.59400505 35.0
-1.34381163 -0.79984939 -0.34619057 35.0
0.44612697 0.91195351 1.87254918 35.0
-0.76354176 1.29943955 1.84099555 35.0
-0.28053173 -0.96041876 0.69476891 35.0
0.12490866 1.48771679 -0.37712848 35.0
-1.31872857 0.61596835 -0.92745268 35.0
-1.09078538 -1.29409742 -1.09494317 35.0
-0.92027330 1.48700154 0.31198832 35.0
-1.38144600 0.02721181 -0.44908360 35.0
0.45084625 0.46452287 1.86226726 35.0
1.07948184 0.97666568 -1.71875525 35.0
-0.83501548 0.85311174 -1.24363172 35.0
-1.26241159 0.61742282 0.97892141 35.0
-0.03700055 -1.44503927 0.20517093 35.0
-0.32507265 -1.45747614 0.09198900 35.0
0.46666756 1.66777551 0.31258669 35.0
0.16712961 0.68136120 -1.02223682 35.0
-1.35792148 -0.59678447 -0.20431277 35.0
-0.63312244 1.48782194 -0.47629470 35.0
0.83919680 -0.43535900 -1.01712692 35.0
-1.11954868 0.67768884 -1.42927408 35.0
-0.00581868 -0.22063592 1.71859527 35.0
0.11978807 -0.81878608 0.73012471 35.0
-1.24950647 1.42670810 -0.03442372 35.0
-0.88243574 0.46708399 -1.01833284 35.0
0.88418293 -1.00756478 0.60924757 35.0
1.19224417 0.67560869 1.75045860 35.0
-1.03268456 -0.53302377 0.70129782 35.0
-1.30595362 1.13755596 0.34034926 35.0
1.41664469 -1.31524920 -0.48217806 35.0
1.33349800 1.29149544 0.97477549 35.0
1.02241838 -0.53468317 0.72315574 35.0
-1.34071326 -0.85099471 -0.06077552 35.0
1.39351130 0.61742282 0.97892141 35.0
-1.09243870 -0.65892112 0.64649206 35.0
-0.82492536 -1.44934952 -0.78750974 35.0
-1.31093585 -0.92030180 0.48198611 35.0
-0.50196546 -0.22078282 1.71795404 35.0
1.11902666 -1.24045992 0.49567485 35.0
-0.91423875 0.68002141 -1.31288862 35.0
0.63084054 0.62043417 1.86076081 35.0
-0.71773195 0.63836420 -1.03679085 35.0
-1.30094957 -0.05503776 -0.93748152 35.0
1.29299057 0.27974397 -1.00860798 35.0
0.95112747 -0.81878608 0.65501392 35.0
0.33964235 -1.42376232 0.27058706 35.0
1.08137274 -1.29881167 -1.08135259 35.0
1.39048064 1.31297672 -0.75794494 35.0
1.29174399 0.91300964 1.46280217 35.0
1.49578071 -0.52250260 -0.33909518 35.0
-0.00947223 -0.19935349 -1.01871002 35.0
-0.70050657 -1.30754733 0.48481259 35.0
1.36945689 -0.40610981 0.87314928 35.0
-0.00370535 1.09190285 1.87292480 35.0
0.95555198 -0.99378824 -1.27550614 35.0
-0.72215134 -1.39784455 0.32201648 35.0
0.59146208 -1.29109764 -0.99703765 35.0
-1.29178905 1.23658621 0.33865786 35.0
0.98761988 -0.43535900 -1.01712692 35.0
-1.34908175 -0.66891456 -0.47355345 35.0
-0.92614847 0.20659418 1.84119189 35.0
-0.23984192 0.91375887 -1.03213644 35.0
-1.37880862 -0.19935349 -0.45832533 35.0
-1.26905799 1.34653533 -0.01440697 35.0
-1.25938082 1.31297672 -0.75794494 35.0
1.00788772 -1.45460844 0.09111837 35.0
-1.34640861 0.85316670 -0.31826544 35.0
0.17207310 -1.27121353 0.60741502 35.0
-1.07582450 -0.94664150 -1.80425143 35.0
-0.11658090 -1.24045992 0.62263721 35.0
-0.46811321 1.29939163 1.84555078 35.0
-0.69384092 -1.25523090 -1.02442789 35.0
0.49673948 1.54976869 0.82250053 35.0
0.83303970 1.31290913 -0.99452263 35.0
1.21719694 -0.21877536 1.61660159 35.0
-0.22312173 -0.58753842 -1.01542008 35.0
0.83402002 -0.13026883 -1.01894474 35.0
1.07709050 1.22416484 -1.30233324 35.0
-1.03772354 -0.30817738 1.39434624 35.0
1.41045833 1.31414247 -0.01245453 35.0
-1.30213237 -1.04054570 -0.75590742 35.0
1.36273277 -0.79999089 -1.53533149 35.0
0.16439545 0.97666568 -1.02744651 35.0
0.44876951 -1.39427578 0.35202506 35.0
-0.05410536 1.63479900 0.97909665 35.0
-1.04416907 -1.42838240 -0.80275059 35.0
0.21284690 1.50402606 -0.26605308 35.0
1.38844371 -1.13919628 -1.24826598 35.0
1.48851991 0.28314456 0.34698433 35.0
0.02603377 1.63474023 1.00055921 35.0
1.29174399 0.91300964 1.46280217 35.0
0.22760393 -0.81878608 0.73012471 35.0
0.85325128 -1.39784455 0.32201648 35.0
1.39399171 -1.37864411 0.17739713 35.0
1.24253845 0.73231870 -1.55158103 35.0
0.96611542 0.85311174 -1.24363172 35.0
1.18411303 -1.23831856 -1.42904723 35.0
-1.15641582 0.34527805 1.45578802 35.0
-0.64276153 1.48406720 -0.57256329 35.0
-0.82584506 1.09205639 -1.22470951 35.0
-0.00096563 1.39297378 1.70412636 35.0
-0.00591820 0.67509687 1.86405492 35.0
-1.30127764 0.02721181 -0.93767226 35.0
1.43705356 1.13755596 0.34034926 35.0
1.46627104 0.85319418 0.34864947 35.0
-0.91974670 -0.41699600 0.96138352 35.0
1.40473866 -0.29892433 0.82412875 35.0
1.44820678 0.97666568 -0.74311769 35.0
1.03450572 1.42586899 -0.75718254 35.0
0.13398047 1.39471304 -0.83593982 35.0
-1.28251100 1.23591793 -0.74591202 35.0
0.93935722 0.78777343 1.86645937 35.0
-1.06261706 0.62067038 1.74744070 35.0
-1.32697749 -0.99378824 -0.06891346 35.0
-0.47852504 1.13737154 1.87244916 35.0
0.65962690 -0.71973705 0.71794683 35.0
-0.17665745 1.31290913 -0.99452263 35.0
0.81202996 -1.41977322 0.27746776 35.0
1.46029723 1.03878498 -0.17591712 35.0
-1.37716115 -0.12822369 0.17414485 35.0
0.61222452 0.58712554 -1.01697600 35.0
0.36967418 1.03878391 -1.02023375 35.0
-1.07001412 -1.04054570 -1.77531123 35.0
0.16669816 0.58712554 -1.01697600 35.0
-0.19437020 1.68010497 0.67998236 35.0
-0.63688463 -0.81878608 0.67463779 35.0
-1.24465942 0.28743148 0.98250532 35.0
-0.99119312 0.63701779 -1.28544855 35.0
-0.31827575 0.39517945 1.86461043 35.0
0.44961983 0.78772551 1.87101495 35.0
-0.99891073 1.39212525 1.61297798 35.0
-0.90340585 1.42586899 -0.75718254 35.0
-1.25543320 0.67468882 -1.34131801 35.0
1.32430208 1.46788740 0.31547272 35.0
-0.32836178 -1.45057797 -0.78918064 35.0
0.37422046 0.79303896 -1.02956831 35.0
0.36563662 1.26438665 -1.00550485 35.0
1.29302692 0.34446412 -1.00861478 35.0
-0.00281787 1.42547536 -0.75823116 35.0
-0.03307713 -0.99378824 -1.02935374 35.0
1.12100446 -0.63051540 -1.11155593 35.0
-1.18355429 -1.01186073 0.54837978 35.0
-0.94838220 0.97666568 -1.71875525 35.0
0.03226429 -1.44503927 0.20517093 35.0
-1.36535704 -0.52250260 -0.19910291 35.0
0.62456816 0.84925318 1.87245142 35.0
-0.34068057 0.27974397 -1.01915038 35.0
-1.04805219 -0.10584950 1.72315574 35.0
0.85085493 -1.37807989 -0.88584626 35.0
-1.35630929 -0.42855561 0.30983156 35.0
0.95726752 1.13642347 -1.19849968 35.0
-1.14485371 -1.40290725 0.27615896 35.0
-1.05389225 1.48695207 0.63184345 35.0
0.91907775 -0.91365761 0.63347131 35.0
1.47849095 -0.73902225 -0.34632519 35.0
-1.36015785 0.40060905 0.34678856 35.0
-0.03629806 -0.65653807 -1.01966608 35.0
1.48315513 -0.66891456 -0.20773628 35.0
1.48826587 -0.59678447 -0.34308946 35.0
-1.30656433 -0.96744871 0.47127625 35.0
1.17915201 -0.10584950 1.72315574 35.0
-0.48490748 -0.65653807 -1.01966608 35.0
1.40415788 -0.61488944 0.60355425 35.0
1.39088666 -0.21471915 0.91639078 35.0
-1.36247134 -0.05503776 -0.77425784 35.0
1.42890322 -1.27439892 -0.12132882 35.0
0.33343700 -0.81878608 0.73012471 35.0
-1.38144600 0.02721181 -0.44908360 35.0
1.29988933 -0.53701103 0.66545743 35.0
-0.68103683 -1.29163074 -1.00220060 35.0
0.27034590 1.56257486 1.00005960 35.0
0.16295095 1.26438665 -1.00550485 35.0
0.43911552 1.66634643 0.13632597 35.0
1.44294190 -0.94664150 -0.75242597 35.0
-0.09019267 1.67523074 0.11944754 35.0
1.44081390 -0.57540637 0.55442411 35.0
-0.16600533 0.02721181 -1.01913416 35.0
-0.24823758 -0.65653807 -1.01966608 35.0
1.05984104 0.28185132 1.84279919 35.0
-1.30465829 1.09205639 -0.74218857 35.0
-1.20421255 -0.68481261 -1.32331657 35.0
-1.34003150 -0.73902225 -0.60432327 35.0
-1.38290548 -0.05503776 -0.32183680 35.0
-0.24639647 -1.27165854 0.59526885 35.0
1.50329328 -0.34528965 0.15857768 35.0
1.22459769 -0.41443083 0.97297865 35.0
0.03470340 -1.33809674 0.54817009 35.0
-1.32570374 -0.79984939 -0.75257087 35.0
-1.03354907 -0.86651051 0.60325140 35.0
-0.00504389 -0.10685992 1.83689892 35.0
1.13416505 -0.13026883 -1.01894474 35.0
0.82162541 -1.17644250 -1.05193329 35.0
-1.21652806 0.91375887 -1.59322202 35.0
-0.46087316 1.26438665 -1.00550485 35.0
-0.49584615 0.78772551 1.87101495 35.0
1.49280632 -0.13026883 -0.77406442 35.0
-0.15139759 0.91195351 1.87254918 35.0
-0.08601548 -1.37536716 0.43047142 35.0
-1.34122062 0.91376185 -0.17536536 35.0
1.45987749 0.85316670 -0.74398822 35.0
0.60084736 -1.45062923 -0.78902149 35.0
-1.07585585 1.09205639 -1.67157733 35.0
-1.24465942 0.28743148 0.98250532 35.0
1.45352519 -0.98856097 0.36105740 35.0
0.94471931 0.54854143 1.85604727 35.0
0.03226429 -1.44503927 0.20517093 35.0
-1.29204011 -1.11394596 0.43375036 35.0
0.83160633 -1.30754733 0.48481259 35.0
1.47549653 0.73324889 0.35047123 35.0
0.95112747 -0.81878608 0.65501392 35.0
0.27186385 1.35547149 1.79798758 35.0
1.01835597 1.48787427 0.74161613 35.0
-1.14616311 0.04582659 1.44752622 35.0
-1.24514413 0.73199093 -1.44498014 35.0
-0.01078121 -0.43535900 -1.01712692 35.0
-0.60468352 -0.91365761 0.65309519 35.0
-0.91919571 1.48762536 -0.37803286 35.0
-1.07825744 -1.00756478 0.55739594 35.0
-0.85909045 0.11420525 -1.01914859 35.0
-1.26587522 -0.67211223 -1.13713491 35.0
-1.30953956 -0.79954416 -0.95288640 35.0
1.42522621 -1.20747769 -0.60927355 35.0
-0.00140411 -0.50097412 0.80277884 35.0
1.43575859 -1.20770144 0.17418139 35.0
-0.17550038 -1.37398040 0.43205193 35.0
1.51264989 0.27974397 -0.44844747 35.0
0.03486878 -1.38590086 0.38828307 35.0
0.45946145 -1.45057797 -0.78918064 35.0
-1.30135977 0.11420525 -0.93772000 35.0
0.60084736 -1.45062923 -0.78902149 35.0
1.48696947 -0.04629283 0.34415767 35.0
-1.29885566 -0.19935349 -0.93682218 35.0
-0.96642220 -0.80125362 -1.64317012 35.0
1.47918904 -0.73902225 0.08892012 35.0
-1.25745869 -1.38249707 -0.38046724 35.0
-0.46845073 -1.46079850 -0.08500859 35.0
-1.03268456 -0.53302377 0.70129782 35.0
1.42496312 -0.34753463 -0.93702203 35.0
-1.04805219 -0.10584950 1.72315574 35.0
-1.30159914 0.97671592 0.58537275 35.0
-0.52755576 -0.13026883 -1.01894474 35.0
-0.11160170 -1.40513170 0.31500888 35.0
0.33607602 -1.40508533 0.31517059 35.0
-1.25426960 -1.20229065 -1.20129156 35.0
-1.38062882 -0.19935349 -0.33048263 35.0
-1.19983602 -1.08768487 -1.58978486 35.0
-0.31379357 0.04259963 1.85749710 35.0
1.11493719 -0.65654206 -1.24470258 35.0
-0.32222697 -0.30951414 1.40467560 35.0
0.93883359 0.39522737 1.86009908 35.0
0.19263241 1.56153131 -0.21578737 35.0
1.35512567 0.85302728 -1.56347096 35.0
-0.69745231 0.85315591 -1.07395709 35.0
0.02665694 -1.19564128 0.63783169 35.0
0.58019727 -1.39304495 0.35379618 35.0
-1.06121850 -1.06016922 0.54491287 35.0
0.95813805 -0.94664150 -1.27603233 35.0
0.81289047 1.26451886 -1.00974762 35.0
0.79797602 0.54849356 1.86036205 35.0
0.80974305 -1.37568653 0.37554809 35.0
0.91473371 1.48781824 -0.47986415 35.0
-0.65925521 -0.10685992 1.83689892 35.0
-0.33459786 1.66996872 0.49615353 35.0
-0.14782132 1.09190285 1.87292480 35.0
0.68255949 -0.65892112 0.73252213 35.0
-1.13327348 1.43610978 -0.72673732 35.0
-1.20421255 -0.68481261 -1.32331657 35.0
-1.00398958 0.11420525 -1.01914859 35.0
-1.33973765 -0.73379695 0.39757892 35.0
1.43130255 -0.13026883 -0.93715882 35.0
0.76830304 1.36613691 -0.90878391 35.0
0.51696396 -0.48487675 0.79619378 35.0
1.35445452 -0.66321605 0.61582941 35.0
0.02007166 1.48816705 1.15457201 35.0
-1.25745869 -1.38249707 -0.38046724 35.0
-0.78446549 1.09195077 1.86836922 35.0
-0.63470340 1.39471304 -0.83593982 35.0
1.16882336 -0.30817738 1.39434624 35.0
1.43222749 1.23605561 -0.00775780 35.0
-1.13689733 -1.43136060 0.07772263 35.0
1.43401611 -1.20770144 -0.38520181 35.0
1.45395637 1.09205723 -0.00628805 35.0
-0.08601548 -1.37536716 0.43047142 35.0
1.40883911 -0.68216211 0.58461398 35.0
-0.08103686 -1.33912790 0.54743171 35.0
0.76684916 -1.24045992 0.54752666 35.0
-1.32081628 1.09205794 0.16763267 35.0
0.96155012 0.91375887 -1.25543714 35.0
1.39284575 -1.38388729 -0.10709879 35.0
-1.38377202 0.34421298 -0.00125647 35.0
1.45801771 -0.99378824 0.08213093 35.0
-0.28146428 1.41471255 1.55006015 35.0
0.13422488 1.36613691 -0.90878391 35.0
1.48697698 0.73324049 -0.44813174 35.0
-1.05474210 1.46954608 -0.64420152 35.0
-1.27418530 1.31989205 0.32727677 35.0
-1.38298309 0.40040922 -0.17492539 35.0
0.13691863 -0.22063592 1.71859527 35.0
0.33892962 -1.44493902 0.20536652 35.0
0.55737305 -0.77087301 0.72837222 35.0
1.12699783 -0.43535900 -1.01712692 35.0
1.40980124 1.31414247 -0.31803626 35.0
-0.46791771 1.13628948 -1.01725125 35.0
-0.11029916 -1.27130485 0.60732234 35.0
-1.05389225 1.48695207 0.63184345 35.0
1.07409143 0.67533642 1.84157813 35.0
-0.72215134 -1.39784455 0.32201648 35.0
1.45264745 -0.85099471 -0.75086015 35.0
-1.29863417 1.23605561 -0.44742379 35.0
1.20657206 1.13713181 -1.58661091 35.0
-0.22312173 -0.58753842 -1.01542008 35.0
-1.28952789 1.28001666 0.16168499 35.0
-1.32845032 -0.94664150 -0.47580782 35.0
0.45181337 0.67509687 1.86405492 35.0
1.49562764 0.61558449 -0.44823828 35.0
0.58952290 -1.45293653 -0.59157044 35.0
-1.27094948 1.03878391 -1.27089751 35.0
1.04533839 0.68002141 -1.31288862 35.0
0.79028457 0.84925318 1.87245142 35.0
-0.60545862 1.49670303 0.31421626 35.0
-1.29386330 -0.34753463 -0.93702203 35.0
-0.23823088 -1.13388383 -1.02153325 35.0
0.84383470 -0.59243447 0.72699398 35.0
1.39788556 1.09205639 -1.25002480 35.0
1.46340084 -0.85099471 -0.60153979 35.0
0.14070712 0.02721181 -1.01913416 35.0
1.43222749 1.23605561 -0.00775780 35.0
-0.16600533 0.02721181 -1.01913416 35.0
1.17093492 0.12566450 1.74760175 35.0
-0.48141873 1.09190285 1.87292480 35.0
-1.33470201 0.97666568 -0.31822604 35.0
-0.63688463 -0.81878608 0.67463779 35.0
0.28390515 1.34036851 -0.96402872 35.0
0.28219578 0.20635469 1.86396897 35.0
-1.33258569 -0.66910726 -0.75977361 35.0
-1.36223686 0.67535859 -0.31831852 35.0
1.37256765 0.21192591 0.98108673 35.0
-0.16600533 0.02721181 -1.01913416 35.0
-1.35096014 0.73324049 -0.58642024 35.0
-0.00919679 -0.34718522 -1.01784456 35.0
0.60674798 1.18527472 1.87144232 35.0
-1.21993804 -0.77516907 0.59885371 35.0
-0.42117533 1.62094355 0.31275848 35.0
1.23704028 -0.91365761 0.58161968 35.0
-0.11181596 -1.45600712 -0.37947702 35.0
-0.82624006 1.03878391 -1.24327385 35.0
-1.29178905 1.23658621 0.33865786 35.0
0.28219578 0.20635469 1.86396897 35.0
-0.75599891 0.46708369 -1.01833284 35.0
0.76830304 1.36613691 -0.90878391 35.0
-0.81438375 0.62048209 1.85660481 35.0
-1.32219446 -0.22719644 0.54978180 35.0
-1.05696464 1.22471511 -1.31380486 35.0
-0.89090222 -1.19564128 0.52111948 35.0
-0.31584749 -0.81878608 0.72860074 35.0
1.29299057 0.27974397 -1.00860798 35.0
0.90645748 1.18532264 1.86688673 35.0
-1.24731064 1.42757285 -0.46101588 35.0
-0.14835638 -1.36441135 0.47379908 35.0
-0.93729246 0.78796512 1.84823799 35.0
-0.00961477 0.34446412 -1.01915741 35.0
1.32319808 1.37671471 0.92783028 35.0
0.12904634 -0.59298378 0.78213745 35.0
1.45680356 -0.79984939 -0.75257087 35.0
1.15517330 1.47371352 0.91273838 35.0
-0.72258103 1.48809862 0.75752068 35.0
-1.29596639 0.79269379 -1.23921776 35.0
-1.07053542 1.48504353 -0.37976575 35.0
0.14064682 -0.13026883 -1.01894474 35.0
-1.32691777 -0.99378824 0.08213093 35.0
-0.48045573 -1.44401586 0.20716846 35.0
1.11281133 -1.00756478 0.56764615 35.0
1.49600577 0.54509038 -0.58994877 35.0
-0.21190879 -0.77087301 0.73970157 35.0
1.20114350 1.48316765 0.12897664 35.0
-0.32309252 1.62044942 -0.00595719 35.0
1.16882336 -0.30817738 1.39434624 35.0
1.51392579 0.40003249 -0.00111549 35.0
-0.09745234 -1.30632067 0.58292657 35.0
-0.64850968 -1.34559238 0.44318661 35.0
-1.33165753 -0.94664150 0.08601944 35.0
-1.38062882 -0.19935349 -0.33048263 35.0
0.22855230 -1.30632067 0.58292657 35.0
-1.27363873 -0.29892433 0.82412875 35.0
-0.35933876 1.31290913 -0.99452263 35.0
-1.31608820 0.73300433 0.58519560 35.0
-1.27165866 1.27879763 -0.75463015 35.0
0.90468746 1.28528619 -1.00797927 35.0
-0.33290836 -1.42332447 0.27149060 35.0
-1.06159866 0.54878080 1.74687910 35.0
-0.00448248 0.97624516 1.87256980 35.0
-0.56192052 -1.34090960 -0.92527258 35.0
1.50218570 -0.43855211 -0.33625650 35.0
-1.32205379 -1.04054570 -0.08059268 35.0
-1.27599478 -1.27319467 -0.75241762 35.0
-0.81125909 -0.58753842 -1.02151811 35.0
1.45801771 -0.99378824 0.08213093 35.0
-0.11160170 -1.40513170 0.31500888 35.0
1.32319808 1.37671471 0.92783028 35.0
0.28249726 0.91195351 1.87254918 35.0
0.82283807 0.97666568 -1.07242095 35.0
1.24835777 -1.27530909 0.47072983 35.0
-1.05071330 0.91254997 1.75867403 35.0
-0.03688405 -1.42387021 0.27036464 35.0
-0.48132738 -0.49746978 0.79361463 35.0
-1.31608820 0.73300433 0.58519560 35.0
-1.33102453 -0.41639015 0.48833826 35.0
-1.27985907 -1.31509101 -0.59873110 35.0
0.01313455 -0.86651051 0.71996355 35.0
-0.02052126 -1.36707270 0.46769443 35.0
-0.82717788 1.17982256 -1.15829170 35.0
-1.35824716 0.73324126 -0.17450425 35.0
-1.33645451 -0.79984939 -0.60302716 35.0
-0.94247687 -1.23618734 -1.41306961 35.0
0.49673948 1.54976869 0.82250053 35.0
-1.26587522 -0.67211223 -1.13713491 35.0
0.44876951 -1.39427578 0.35202506 35.0
-0.00541387 -0.16389741 1.81651235 35.0
-1.38341844 -0.05503776 -0.17662364 35.0
-1.31602943 -1.08768487 -0.37065500 35.0
-0.03316524 -1.17572868 -1.01712930 35.0
1.05137312 1.48700154 0.31198832 35.0
-0.82002753 -0.81878608 0.65501392 35.0
-0.83412462 -1.12760806 0.55934346 35.0
-1.29365575 1.23602808 -0.58558327 35.0
0.22794200 -1.38526559 0.39072332 35.0
-1.27094948 1.03878391 -1.27089751 35.0
-1.01339912 1.18578374 1.75764048 35.0
-0.03358498 -1.25394583 -1.00947881 35.0
-0.30302903 -0.86651051 0.71843976 35.0
0.99537748 -1.45085204 -0.48039821 35.0
-0.63573897 1.45268214 -0.69397593 35.0
-0.03437118 -1.30549896 0.58376032 35.0
1.50218570 -0.43855211 -0.33625650 35.0
1.41445327 1.27934849 -0.58713913 35.0
0.98207313 -0.63034797 -1.04727340 35.0
-0.90205914 -0.47254398 0.74067742 35.0
1.37759936 -1.35141802 0.35304731 35.0
0.25513402 -0.59295827 0.78214353 35.0
0.28418469 -0.16389741 1.81651235 35.0
-1.33537579 -0.84576809 0.37987459 35.0
0.79375666 -1.19564128 0.56272089 35.0
1.08273911 -0.89891416 -1.74915230 35.0
-1.33285880 0.97666568 -0.44784766 35.0
-1.35770357 -0.18497258 0.33587360 35.0
1.51264989 0.27974397 -0.44844747 35.0
-0.61329550 -1.45414937 -0.69628489 35.0
0.66693079 -0.43535900 -1.01712692 35.0
-1.03374279 1.44410479 1.20123661 35.0
-0.52510995 -1.34616268 0.46034607 35.0
0.77424145 1.09190285 1.87292480 35.0
-0.63470340 1.39471304 -0.83593982 35.0
0.91208881 1.47265685 -0.64029646 35.0
-1.37359667 -0.34878176 -0.46095651 35.0
0.28418469 -0.16389741 1.81651235 35.0
-0.49040329 -0.59225035 0.77094835 35.0
-1.34809279 0.61596507 -0.75099409 35.0
-1.05819225 0.72941035 1.75412643 35.0
0.16443321 -1.21405423 -1.01335657 35.0
-1.32285655 1.09205723 -0.00628805 35.0
-0.00961214 0.11420525 -1.01914859 35.0
-0.63574922 -1.24045992 0.54752666 35.0
-0.46443510 -1.45600712 -0.37947702 35.0
1.38869810 1.38257551 -0.44975930 35.0
0.65917295 0.27974397 -1.01915038 35.0
-0.03482487 -0.80141705 -1.02474892 35.0
0.03230234 -1.42387021 0.27036464 35.0
-0.86581159 0.61078769 -1.06624579 35.0
1.28482115 -0.10356370 1.42786598 35.0
-0.00333889 1.13737154 1.87244916 35.0
1.48774827 -0.59657687 0.10785069 35.0
0.03654364 -1.36714530 0.46729851 35.0
1.50715733 0.11420525 -0.59280425 35.0
-0.27984533 -1.37776852 -0.88585973 35.0
-1.21465039 -0.89891416 -1.62547171 35.0
0.15939078 -1.38577366 0.38877109 35.0
0.61866695 0.97624516 1.87256980 35.0
-1.38360190 0.02721181 0.00006279 35.0
0.52391011 -0.53587085 0.79539430 35.0
-1.33517110 0.85319418 0.34864947 35.0
1.49011397 0.46639624 0.34707642 35.0
-1.31995034 0.67539668 0.58298826 35.0
1.49776733 0.61553425 0.00098478 35.0
0.31784606 -1.38541102 0.38935784 35.0
-0.02415168 -1.37591004 0.42831409 35.0
0.16333556 -1.39443135 0.35221854 35.0
-1.03714144 -1.12760806 0.52881336 35.0
0.13604520 0.28161180 1.86557627 35.0
-0.18281069 -1.34090960 -0.92527258 35.0
1.33168674 -0.91795421 0.57260013 35.0
-0.94483811 -0.86651051 0.62353146 35.0
0.83043492 -0.34718522 -1.01784456 35.0
-0.15471365 0.54849356 1.86016417 35.0
-0.43139631 -0.48129347 0.77729803 35.0
1.25173056 -1.42841709 -0.59441108 35.0
1.25666618 1.47362423 0.83335322 35.0
-1.30200219 -1.01420736 0.45918262 35.0
0.37086695 1.62593567 -0.09479360 35.0
0.09921033 -1.30529356 0.58396882 35.0
-0.44631431 1.54842806 0.66445440 35.0
0.16422275 1.09205639 -1.01676309 35.0
-1.37125921 -0.26838115 -0.59705752 35.0
0.16995509 -1.45057797 -0.78918064 35.0
-0.92835486 -1.34108257 -0.92526519 35.0
-1.31103170 1.03878391 -0.74266428 35.0
-0.77563500 1.39480257 -0.83570790 35.0
-0.00353295 -0.47928181 0.74579555 35.0
1.01577580 0.91375887 -1.52757597 35.0
-1.36352432 0.61549783 0.17909215 35.0
-1.30695724 -0.99378824 -0.75430357 35.0
0.12187389 1.44096720 1.35064816 35.0
-0.80825728 0.78777343 1.86645937 35.0
0.49673948 1.54976869 0.82250053 35.0
0.62773234 -0.16389741 1.81651235 35.0
0.16450346 1.21946704 -1.01147580 35.0
0.80974305 -1.37568653 0.37554809 35.0
-0.30855298 1.48406720 -0.57256329 35.0
-1.14401114 -0.48917475 0.72258306 35.0
-1.33875942 0.91375887 -0.44792065 35.0
-0.98398525 0.67909843 -1.41857266 35.0
0.62107915 0.20635469 1.86396897 35.0
1.43104398 -0.89891416 -0.96044046 35.0
0.88418293 -1.00756478 0.60924757 35.0
-1.25109041 0.85217136 0.98926443 35.0
-0.49925324 0.54849356 1.86020339 35.0
-0.87961423 1.03878391 -1.51509511 35.0
1.03499305 -0.74669707 -1.39984620 35.0
-1.32219446 -0.22719644 0.54978180 35.0
-1.15960515 -0.19935349 -1.00810826 35.0
-1.17595601 -0.21530680 1.34823513 35.0
1.51229167 -0.19935349 -0.18423590 35.0
0.44802108 0.84925318 1.87245142 35.0
-1.31093585 -0.92030180 0.48198611 35.0
0.27667007 1.18527472 1.87144232 35.0
0.16592453 -0.80141705 -1.02474892 35.0
-1.20335507 -0.99378824 -1.64839709 35.0
0.59978044 0.97666568 -1.02744651 35.0
-1.26004434 1.38240254 -0.01871538 35.0
1.14449894 1.18578374 1.75764048 35.0
-1.15517807 0.97689700 1.46291471 35.0
-0.69392902 0.91375887 -1.07625914 35.0
-0.69396633 1.24746168 -1.01825094 35.0
-0.19333373 -0.86651051 0.71996355 35.0
1.28751552 0.34527805 1.45578802 35.0
0.59453869 -1.24045992 0.56715035 35.0
0.38839501 -1.24045992 0.61130810 35.0
-0.85880584 -0.05503776 -1.01907599 35.0
-0.47108066 -0.89891416 -1.03061259 35.0
0.61352938 -0.69340646 -1.02146733 35.0
-1.21993804 -0.77516907 0.59885371 35.0
0.62879306 0.72866678 1.86797690 35.0
-1.31547546 1.09205639 -0.58523929 35.0
-0.70334810 -0.05503776 -1.01907599 35.0
1.27628767 1.03922987 1.46331167 35.0
0.95454776 -1.04054570 -1.26583004 35.0
-1.29430127 -1.26926124 0.29273376 35.0
0.82017767 -1.08768487 -1.07028806 35.0
-1.32845032 -0.94664150 -0.47580782 35.0
-1.13052380 -0.30490181 1.34288526 35.0
-0.32117793 0.62043417 1.86072159 35.0
-1.36386788 -0.43836832 -0.60228360 35.0
0.16573691 0.79303896 -1.02956831 35.0
-0.78583634 1.48405600 -0.57258552 35.0
-1.07547212 1.13713181 -1.58661091 35.0
0.77027291 1.47271228 -0.64018530 35.0
-0.17528553 1.48869038 1.10858929 35.0
0.60103208 -0.48031503 0.74710095 35.0
-0.85909736 0.27974397 -1.01915038 35.0
-0.23858534 -1.17572868 -1.01712930 35.0
-1.38024473 -0.13026883 -0.45551303 35.0
-0.00919679 -0.34718522 -1.01784456 35.0
-0.48112485 0.58712554 -1.01697600 35.0
0.27618682 1.42547536 -0.75823116 35.0
-0.48756728 0.97624516 1.87256980 35.0
-1.20831966 -0.87080705 0.58397889 35.0
-0.72258103 1.48809862 0.75752068 35.0
-1.23700178 1.03902471 0.98967618 35.0
1.41361082 1.23591793 -0.74591202 35.0
1.51012182 -0.26840582 -0.18879583 35.0
0.16653512 -1.40513170 0.31500888 35.0
-1.15372121 -0.10356370 1.42786598 35.0
1.41469944 -1.34158945 -0.11582482 35.0
-0.88784099 -1.44079483 0.20798942 35.0
-0.52852696 -0.71973705 0.71794683 35.0
0.83895266 -0.74686050 -1.05591893 35.0
0.28520477 0.72866678 1.86797309 35.0
-1.34406722 -0.79984939 0.23468103 35.0
-0.47593078 0.79303896 -1.02956831 35.0
1.41524112 -0.85099471 -1.27578413 35.0
0.03240508 -1.46079850 -0.08500859 35.0
-0.00594250 0.54849356 1.86016417 35.0
-1.30135977 0.20052119 -0.93772000 35.0
-0.34599316 -1.19564128 0.60538322 35.0
1.49496794 -0.43836832 -0.60228360 35.0
0.10122677 -1.27119064 0.60743821 35.0
1.38948405 -1.03081119 0.51685178 35.0
-0.77915829 1.36615467 -0.90873748 35.0
-0.15280521 1.34036851 -0.96402872 35.0
-1.20239818 1.29149544 0.97477549 35.0
-0.86427748 -1.45085204 -0.48039821 35.0
0.43594378 1.45268214 -0.69397593 35.0
-1.32676458 1.03878391 -0.44777232 35.0
-1.16064394 0.91300964 1.46280217 35.0
-0.77915829 1.36615467 -0.90873748 35.0
0.16727185 -1.45939958 -0.26124915 35.0
-0.87895125 -1.22989094 -1.30584967 35.0
0.28179416 0.04259963 1.85749710 35.0
-1.29885566 -0.19935349 -0.93682218 35.0
-0.70361316 0.34446412 -1.01915741 35.0
1.50990784 0.46657008 -0.00051237 35.0
-0.64705729 1.03867173 1.87287414 35.0
1.03606761 1.39516199 -0.83478010 35.0
-1.16638207 0.73051864 1.45809782 35.0
1.13310158 -0.19935349 -1.01871002 35.0
-1.27165866 1.27879763 -0.75463015 35.0
-0.69396633 1.24746168 -1.01825094 35.0
0.26101974 -0.53737140 0.79658115 35.0
1.00283146 -0.65892112 0.68985987 35.0
1.34247005 0.97666568 -1.60025859 35.0
1.50627363 0.40061083 -0.59257090 35.0
0.43671709 1.36613691 -0.90878391 35.0
-0.15433253 -0.22063592 1.71859527 35.0
0.13684487 0.72866678 1.86797309 35.0
1.48670983 0.54427826 0.34792516 35.0
-0.93729246 0.78796512 1.84823799 35.0
-1.33849978 -0.79462337 0.38709128 35.0
-1.37880862 -0.19935349 -0.45832533 35.0
1.51217663 -0.19935349 -0.00673554 35.0
1.35309255 -1.31374860 -0.89653629 35.0
0.62004995 0.04259963 1.85749710 35.0
0.12945642 -1.37776852 -0.88585973 35.0
0.61091524 0.73444068 -1.02588201 35.0
1.41179168 -1.08768487 -0.95888239 35.0
0.36595625 -0.65892112 0.76497042 35.0
-1.26898205 1.34653533 -0.17819574 35.0
1.12699783 -0.43535900 -1.01712692 35.0
-0.03298200 -1.08768487 -1.02598941 35.0
0.28418469 -0.16389741 1.81651235 35.0
1.38100255 0.91345817 0.98932552 35.0
-1.36666763 0.61553425 0.00098478 35.0
1.48234820 -0.66891456 -0.34571102 35.0
0.00164354 -1.37776852 -0.88585973 35.0
-0.00370535 1.09190285 1.87292480 35.0
-1.30844617 1.18548536 -0.31813741 35.0
0.13407442 1.18527472 1.87144232 35.0
1.44876325 -1.03531873 0.34963104 35.0
-0.03307713 -0.99378824 -1.02935374 35.0
-1.07406247 1.18336451 -1.45770001 35.0
-1.32696033 -0.99378824 -0.22253214 35.0
0.00922606 1.44096720 1.35064816 35.0
-0.16158812 1.67193174 0.84432626 35.0
-0.60059971 1.41494715 1.54134130 35.0
-0.21681277 1.67675126 0.31119305 35.0
1.22205150 -1.31614411 -0.97337073 35.0
-1.26212192 1.35405612 0.32270238 35.0
-0.94385916 1.28554106 -1.01702952 35.0
-0.82303625 -0.16384949 1.81195712 35.0
1.48902130 -0.59678447 -0.20431277 35.0
0.59907532 -1.17572868 -1.01712930 35.0
1.40528512 1.31989205 0.32727677 35.0
-1.35815418 -0.26828232 -0.77413702 35.0
-0.47983283 -0.74686050 -1.02225161 35.0
-1.24014401 1.43118131 0.31887969 35.0
0.83207792 -0.26808652 -1.01834881 35.0
0.14029646 -0.34718522 -1.01784456 35.0
0.13628639 0.34203851 1.86582208 35.0
-1.13327348 1.43610978 -0.72673732 35.0
-1.06114435 0.67560869 1.75045860 35.0
1.50469649 -0.34878176 -0.46095651 35.0
1.42342055 -1.27439892 -0.48420328 35.0
0.94227314 0.72871464 1.86346173 35.0
0.26649681 -0.48343268 0.79630053 35.0
1.42466629 1.03878391 -0.95273513 35.0
0.29712781 0.34446412 -1.01915741 35.0
0.98638439 -0.48404306 0.72400939 35.0
1.46418035 -0.89891416 -0.47362298 35.0
0.62694609 0.78772551 1.87101495 35.0
-1.32560670 0.97668868 0.34497729 35.0
-0.68905431 -1.04054570 -1.07547772 35.0
0.92716813 -1.19564128 0.54139936 35.0
-0.20683680 -1.45755756 0.09183032 35.0
1.44995391 -1.04054570 -0.48031971 35.0
0.09832723 -1.40513170 0.31500888 35.0
-0.07244509 -1.42388618 -0.85137182 35.0
1.28882742 -0.26809558 -1.00777507 35.0
1.49645686 -0.52250260 -0.19910291 35.0
1.40204930 1.03878391 -1.27089751 35.0
0.12490866 1.48771679 -0.37712848 35.0
-0.95939875 -1.06016922 0.55516309 35.0
0.75738364 -1.45330536 -0.48031715 35.0
1.44794810 -0.89891416 -0.75075907 35.0
1.40275848 1.27879763 -0.75463015 35.0
-1.16111362 0.40058219 -1.00834036 35.0
-1.20239818 1.29149544 0.97477549 35.0
1.44454241 -1.08768487 -0.48436150 35.0
-1.38378108 0.02721181 -0.17499445 35.0
1.02894306 -0.80138439 -1.47674298 35.0
1.19477189 1.48138142 -0.57311320 35.0
1.44886124 -0.71269244 0.51733202 35.0
-0.94247687 -1.23618734 -1.41306961 35.0
0.20354475 -1.42388618 -0.85137182 35.0
-1.29718781 -1.27439892 -0.27091059 35.0
-1.32666731 -0.99378824 0.22376683 35.0
-0.03658696 0.63841861 -1.01935911 35.0
-1.34381807 -0.66895312 -0.60543829 35.0
-1.06261706 0.62067038 1.74744070 35.0
-1.30105901 1.23605561 -0.17654848 35.0
0.10726118 1.63061988 -0.19606809 35.0
-0.94626373 -1.31873679 -0.98010576 35.0
-0.37795275 -1.12760806 0.62332731 35.0
1.02211523 -0.85099471 -1.52356255 35.0
-0.95939875 -1.06016922 0.55516309 35.0
1.39038873 1.18823397 -1.15606499 35.0
0.03643651 -1.35774958 0.50672638 35.0
1.07195520 -1.08768487 -1.70690966 35.0
1.17943799 -0.81878608 0.61328202 35.0
-0.94037116 0.46476245 1.83979046 35.0
-1.32385910 0.54473180 0.57996237 35.0
-1.15960515 -0.19935349 -1.00810826 35.0
0.16665688 -1.45600712 -0.37947702 35.0
0.16435300 1.17915356 -1.01586580 35.0
-0.90496773 1.39516199 -0.83478010 35.0
-0.30875376 1.09190285 1.87292480 35.0
1.44394767 0.67273831 -1.15043557 35.0
-0.73905551 -1.27144110 0.51070321 35.0
-1.25946748 1.38256061 -0.32289758 35.0
1.42496312 -0.34753463 -0.93702203 35.0
1.20260799 1.31286216 -0.98399371 35.0
0.59146208 -1.29109764 -0.99703765 35.0
1.41445327 1.27934849 -0.58713913 35.0
-1.24762201 1.42756248 0.14296924 35.0
1.46698821 -0.89891416 0.22903718 35.0
1.50127065 0.54471022 -0.44830763 35.0
-1.02683353 1.48596537 0.74202538 35.0
-0.11617610 -0.65892112 0.76497042 35.0
1.27999187 -0.71973705 0.61763626 35.0
1.05528188 0.97648472 1.84979272 35.0
0.79772806 0.67509687 1.86415386 35.0
-0.24912740 0.63841861 -1.01935911 35.0
-0.24534479 -0.74686050 -1.02225161 35.0
0.60084736 -1.45062923 -0.78902149 35.0
0.43539670 1.39471304 -0.83593982 35.0
-1.37880862 -0.19935349 -0.45832533 35.0
0.12904634 -0.59298378 0.78213745 35.0
-1.06253076 1.34052694 -0.95481640 35.0
0.16604045 -0.63034797 -1.01678348 35.0
-0.03175674 -1.29109764 -0.99703765 35.0
1.26618588 -1.43404043 -0.09325650 35.0
1.32809436 1.33924067 0.95563698 35.0
-1.37902188 -0.26840582 -0.18879583 35.0
-0.44403121 -0.96041876 0.66384441 35.0
-0.80568427 -0.10681201 1.83234370 35.0
1.40528512 1.31989205 0.32727677 35.0
-1.31684279 -1.08768487 0.05543229 35.0
-0.69396633 1.24746168 -1.01825094 35.0
-1.32270229 -0.94664150 -0.60402477 35.0
0.60793519 1.36613691 -0.90878391 35.0
-1.35899746 0.34623039 0.34693697 35.0
-0.48706323 -1.40254307 0.32043925 35.0
-1.28069186 -1.08768487 -0.95888239 35.0
-1.24926722 1.42749846 -0.34257033 35.0
-0.89090222 -1.19564128 0.52111948 35.0
0.00619100 1.48771679 -0.37712848 35.0
0.49324605 -0.65892112 0.76344663 35.0
-1.20367086 -1.34076011 -0.85904521 35.0
1.00788772 -1.45460844 0.09111837 35.0
1.46395838 0.97666568 -0.44784766 35.0
-1.16299605 0.78979570 1.46112096 35.0
-1.37232494 0.54445893 0.00038508 35.0
1.43237758 0.02721181 -0.93767226 35.0
-1.30902350 1.18548536 -0.17651063 35.0
-1.09349775 -0.41443083 0.97297865 35.0
1.37084866 -0.73972988 -1.43794560 35.0
1.00801027 -1.18389034 -1.40753067 35.0
-0.87601393 -1.13551629 -1.47877383 35.0
0.10506589 1.63474023 1.00055921 35.0
-0.15410511 0.72866678 1.86797309 35.0
-1.20335507 -0.99378824 -1.64839709 35.0
1.49058843 0.61566061 -0.58781159 35.0
0.73485476 1.49890900 0.49022755 35.0
-0.46888363 -1.21405423 -1.01335657 35.0
0.34651360 -1.31763470 -0.96806067 35.0
-0.91919571 1.48762536 -0.37803286 35.0
-1.37778640 0.02874462 0.17751890 35.0
1.09012818 -0.85099471 -1.70614624 35.0
0.29711932 0.20052119 -1.01914859 35.0
-1.07703173 -0.71973705 0.63228542 35.0
1.45191622 1.09205794 0.16763267 35.0
1.18396902 0.84996259 1.75856137 35.0
1.46566486 0.79303896 -0.74441963 35.0
1.48654735 0.03487986 0.34669173 35.0
0.67520875 -1.38780820 0.36559412 35.0
-1.37892818 -0.26840582 -0.01173003 35.0
-1.03354907 -0.86651051 0.60325140 35.0
1.26298153 -1.24447012 0.48608333 35.0
0.24270165 -1.40513170 0.31500888 35.0
-0.40806568 -1.06016922 0.63942701 35.0
-0.83049887 1.24853528 -1.06129193 35.0
0.90977937 -1.37720525 0.36331159 35.0
1.42301750 -1.31524920 0.16663134 35.0
-1.28257096 -1.34154439 -0.26706764 35.0
0.26667655 -1.34009326 0.54390490 35.0
1.44715977 1.13755596 -0.17643757 35.0
-1.35586965 -0.04629283 0.34415767 35.0
0.01131159 -0.81878608 0.73012471 35.0
-0.20782995 -1.44493902 0.20536652 35.0
1.46245778 -0.89368707 0.37459946 35.0
0.88117129 1.48558462 -0.04223099 35.0
-0.16581945 -0.13026883 -1.01894474 35.0
-1.34141207 0.91377085 -0.00295129 35.0
1.31465423 -1.01186073 0.54837978 35.0
1.29282486 0.39804932 1.45463121 35.0
-0.03340379 1.21946704 -1.01147580 35.0
1.51317036 -0.13026883 -0.32632414 35.0
-1.32664537 -0.31080037 0.52559435 35.0
1.51480889 0.20052119 -0.00095986 35.0
-0.14311667 -1.12760806 0.65577573 35.0
0.95527655 -1.13460648 -1.22765338 35.0
-0.66750771 0.62043417 1.86091948 35.0
-0.47694442 -0.80141705 -1.02474892 35.0
1.14085102 -0.65892112 0.66853833 35.0
1.27560472 -1.19986427 0.50125152 35.0
0.21722665 -0.91365761 0.70858210 35.0
1.29260504 -0.05503776 -1.00851214 35.0
1.45315385 -1.04054570 -0.08059268 35.0
-1.19613934 1.46634579 0.13366786 35.0
-1.04471850 0.28261033 1.75165153 35.0
0.17572723 -1.24045992 0.62263721 35.0
0.80974305 -1.37568653 0.37554809 35.0
-0.68905431 -1.04054570 -1.07547772 35.0
-0.85528445 -0.48404306 0.72400939 35.0
-1.00398958 0.20052119 -1.01914859 35.0
0.14944759 0.46708369 -1.01833284 35.0
-0.81361961 0.54854143 1.85604727 35.0
0.44499391 0.12466630 1.86151803 35.0
0.02330166 -1.12760806 0.65577573 35.0
1.48079312 -0.59697717 -0.60601985 35.0
1.28248131 -0.43548709 -1.00671494 35.0
0.98382056 -0.69340646 -1.14517510 35.0
0.93093610 0.91200143 1.86799407 35.0
0.11311762 -1.00756478 0.68435830 35.0
0.62438232 0.34203851 1.86582208 35.0
-1.30171394 1.18548536 -0.58477658 35.0
-1.02826929 1.42684817 -0.75403917 35.0
-1.09095156 -1.31614411 -0.97337073 35.0
0.45181337 0.67509687 1.86405492 35.0
-0.70800972 0.73433179 -1.05895317 35.0
-1.30127764 0.02721181 -0.93767226 35.0
1.12917972 -0.34718522 -1.01784456 35.0
-0.00954716 -0.13026883 -1.01894474 35.0
1.45670664 0.97668868 0.34497729 35.0
-0.00551222 0.78772551 1.87101495 35.0
-0.76604772 -1.24045992 0.52620512 35.0
1.33015656 -1.19522715 -1.44936013 35.0
-1.36854517 -0.43655387 0.14612620 35.0
-0.71333241 0.68125242 -1.04815960 35.0
-1.26118612 1.34603059 -0.58577484 35.0
1.27701294 -0.51958811 -1.00533342 35.0
-1.36636925 0.61558449 -0.31833231 35.0
1.39056730 1.38256061 -0.32289758 35.0
-0.00408792 1.03867173 1.87287414 35.0
1.07227719 -1.13622415 -1.64716804 35.0
-0.71411306 0.40053701 -1.01899946 35.0
1.42995548 -0.19935349 -0.93682218 35.0
1.44843686 0.79296988 -0.94861567 35.0
1.49645686 -0.52250260 -0.19910291 35.0
0.45855993 1.49933839 -0.20215514 35.0
-0.14557011 1.18527472 1.87144232 35.0
-0.85909045 0.20052119 -1.01914859 35.0
-0.29394698 1.39297378 1.70412636 35.0
1.41465604 -1.20658302 -0.75739813 35.0
1.51134479 -0.13026883 -0.45551303 35.0
1.44596756 -0.87257546 0.49069560 35.0
1.13502347 0.02721181 -1.01913416 35.0
-1.30020249 -0.13026883 -0.93715882 35.0
-0.14662649 1.47271228 -0.64018530 35.0
-1.19118381 1.34159160 -0.89287317 35.0
-0.92418206 0.97648472 1.84979272 35.0
0.49043873 1.31290913 -0.99452263 35.0
-1.27767551 -0.89891416 -1.29309452 35.0
-1.34063828 -0.85099471 0.08429322 35.0
-0.15490361 0.62043417 1.86072159 35.0
0.12385258 -0.71973705 0.75039506 35.0
-0.29086334 -0.47928181 0.74761367 35.0
-1.36386788 -0.43836832 -0.60228360 35.0
-1.35630929 -0.42855561 0.30983156 35.0
-0.02829082 -1.38577366 0.38877109 35.0
-0.83598083 -0.77087301 0.66459084 35.0
-0.31974661 0.46452287 1.86226726 35.0
-1.37812579 0.39985633 0.17574283 35.0
-0.04097344 -1.27121353 0.60741502 35.0
0.25375274 -1.35700822 0.50837368 35.0
1.44107294 0.04357769 0.57768363 35.0
1.28296864 0.28484383 1.45556200 35.0
0.13250406 -0.50097412 0.80277884 35.0
-0.07657398 -1.00756478 0.68435830 35.0
-1.22221291 1.27938247 -0.91888458 35.0
-1.04833817 -0.81878608 0.61328202 35.0
1.34762776 0.91375887 -1.59322202 35.0
-0.91690147 1.03891122 1.85009718 35.0
-1.38378108 0.02721181 -0.17499445 35.0
1.05137312 1.48700154 0.31198832 35.0
0.45946145 -1.45057797 -0.78918064 35.0
-1.30333376 -0.50322002 0.59279722 35.0
-1.04824483 1.39689314 -0.82718706 35.0
-1.37359667 -0.34878176 -0.46095651 35.0
0.30072194 -0.43535900 -1.01712692 35.0
-1.30470729 -1.20770144 0.03213795 35.0
1.36810160 1.03902471 0.98967618 35.0
1.47919250 0.61596507 -0.75099409 35.0
0.01402350 1.67523074 0.11237333 35.0
0.90645748 1.18532264 1.86688673 35.0
1.33734941 1.09205639 -1.54166007 35.0
0.20445770 1.66702223 -0.05780520 35.0
1.49795878 0.61557198 -0.17439304 35.0
-0.31295410 0.97624516 1.87256980 35.0
-0.03602994 0.68136120 -1.02223682 35.0
-1.29178905 1.23658621 0.33865786 35.0
-0.15408784 0.46452287 1.86226726 35.0
1.07593811 -0.86651051 0.62353146 35.0
1.00640428 -1.08768487 -1.52340317 35.0
-0.66201305 0.39517945 1.86463022 35.0
0.43730164 1.48523736 1.06118727 35.0
0.02618627 1.56218624 1.05435240 35.0
0.44961983 0.78772551 1.87101495 35.0
0.47102243 -0.19935349 -1.01871002 35.0
-0.92614847 0.20659418 1.84119189 35.0
1.22184658 -0.85099471 -1.73082924 35.0
1.15517330 1.47371352 0.91273838 35.0
1.18929195 0.72941035 1.75412643 35.0
1.13146448 -0.26808652 -1.01834881 35.0
1.44107294 0.04357769 0.57768363 35.0
1.46029723 1.03878498 -0.17591712 35.0
-0.47593078 0.79303896 -1.02956831 35.0
-1.17167521 1.47313380 0.68152118 35.0
1.21352553 -0.89891416 -1.77528322 35.0
1.42182612 -0.40786484 0.68952596 35.0
0.13724472 -0.41064417 0.98832512 35.0
-1.33973765 -0.73379695 0.39757892 35.0
0.16443321 -1.21405423 -1.01335657 35.0
-1.30361080 -0.66795832 -0.93643612 35.0
0.16739802 -0.65653807 -1.01966608 35.0
1.42832923 -1.06134880 0.44708198 35.0
-1.36308217 -0.52177089 0.12796219 35.0
-1.21652806 0.91375887 -1.59322202 35.0
-1.35633194 0.20522767 0.34686753 35.0
1.44789445 -1.08768487 -0.24854605 35.0
1.04635847 -0.65653884 -1.18314195 35.0
-1.21504188 1.18568552 0.98841250 35.0
-0.87107092 -1.45678389 -0.26138765 35.0
1.41699302 -0.59721375 -0.93297750 35.0
-1.25222921 1.38130581 -0.58200306 35.0
-1.20163703 1.31254601 -0.91319746 35.0
1.30767202 1.40417218 -0.78739548 35.0
-1.35664833 -0.59657687 0.10785069 35.0
-0.10229427 -0.77087301 0.73970157 35.0
0.32547015 1.68010497 0.67998236 35.0
-0.00140411 -0.50097412 0.80277884 35.0
-1.31602943 -1.08768487 -0.37065500 35.0
-1.20163703 1.31254601 -0.91319746 35.0
1.45408905 0.91375887 -0.74355650 35.0
-1.29792702 -1.27439892 0.03319522 35.0
-1.38328528 0.02721181 -0.31907859 35.0
-1.34454429 -0.52284873 -0.77546203 35.0
-0.78098899 1.47265685 -0.64029646 35.0
1.15063226 1.13787913 1.75863671 35.0
1.49795878 0.61557198 -0.17439304 35.0
-0.32947496 -0.77087301 0.73817760 35.0
1.47115374 0.73324049 -0.74483055 35.0
-0.10548124 -1.39431536 0.35266393 35.0
-1.28150606 1.13781333 -0.94012904 35.0
-1.36666763 0.61553425 0.00098478 35.0
1.32339323 -0.96471512 0.56031340 35.0
1.29192400 -0.13026883 -1.00835621 35.0
-0.95939875 -1.06016922 0.55516309 35.0
-0.17528553 1.48869038 1.10858929 35.0
0.12904634 -0.59298378 0.78213745 35.0
-0.85903352 0.02721181 -1.01913416 35.0
-0.82761210 0.97666568 -1.25505733 35.0
0.13691863 -0.22063592 1.71859527 35.0
1.08273911 -0.89891416 -1.74915230 35.0
1.41524112 -0.85099471 -1.27578413 35.0
-1.32872343 0.67410195 -0.93181592 35.0
0.63838005 -0.31024858 1.40146911 35.0
1.46985936 0.91375887 -0.44792065 35.0
-1.04824483 1.39689314 -0.82718706 35.0
-0.96054190 -0.81878608 0.63369238 35.0
0.44961983 0.78772551 1.87101495 35.0
-1.30902350 1.18548536 -0.17651063 35.0
1.07682240 1.13682640 -1.56728661 35.0
-1.26678562 1.09205639 -1.25002480 35.0
-1.36288822 0.20052119 -0.77440053 35.0
-1.38153970 0.11420525 -0.44844738 35.0
-1.35633194 0.20522767 0.34686753 35.0
1.32108152 1.46423626 -0.57498288 35.0
-1.14401114 -0.48917475 0.72258306 35.0
0.59197313 1.26438665 -1.00550485 35.0
-0.52696568 -0.19935349 -1.01871002 35.0
-0.12991977 -0.53737140 0.79658115 35.0
1.42904842 1.13755596 -0.74168348 35.0
1.09656644 -1.27158761 0.48007306 35.0
0.95527655 -1.13460648 -1.22765338 35.0
-0.03316173 1.03878391 -1.02023375 35.0
0.35351130 -0.71973705 0.75039506 35.0
-0.85002673 -1.37932599 -0.88579232 35.0
-0.48997039 -0.03613825 1.84993315 35.0
-0.63405973 1.42547536 -0.75823116 35.0
-0.00574492 0.72866678 1.86797309 35.0
-0.59301251 -0.53338242 0.76518542 35.0
0.03188963 -1.30529356 0.58396882 35.0
0.38333443 1.48769283 -0.35321236 35.0
-1.36636925 0.61558449 -0.31833231 35.0
-0.95204014 -0.16365783 1.79373527 35.0
-0.00919679 -0.34718522 -1.01784456 35.0
1.44895732 -0.99378824 -0.60627705 35.0
1.46275747 -0.94664150 0.08601944 35.0
0.47102243 -0.19935349 -1.01871002 35.0
1.50235903 -0.26838115 -0.59705752 35.0
1.45310545 -1.04054570 0.07133146 35.0
1.49141502 -0.19935349 -0.77386141 35.0
-0.88804281 -0.59242064 0.70736992 35.0
-1.20846224 1.23861265 0.98501861 35.0
1.45484471 -0.99378824 -0.47800046 35.0
-0.46811321 1.29939163 1.84555078 35.0
1.47491145 -0.79984939 -0.34619057 35.0
0.57985747 -1.38515770 0.38159338 35.0
-0.92423975 0.04283921 1.83472002 35.0
-0.63574922 -1.24045992 0.54752666 35.0
0.13443884 1.13737154 1.87244916 35.0
-1.37541604 -0.34878176 -0.33493486 35.0
1.44376671 -1.08245826 0.33682832 35.0
0.59197313 1.26438665 -1.00550485 35.0
-0.31766957 -1.39427578 0.35202506 35.0
-1.29885566 -0.19935349 -0.93682218 35.0
-0.44631431 1.54842806 0.66445440 35.0
-1.04805219 -0.10584950 1.72315574 35.0
-1.36685884 0.61557198 -0.17439304 35.0
-0.93638599 0.39541903 1.84189355 35.0
1.51408267 0.40040922 -0.17492539 35.0
-0.03555722 -1.45600712 -0.37947702 35.0
-1.29926527 1.23616171 0.16494109 35.0
1.47577929 -0.79984939 0.08620266 35.0
1.47982681 -0.66870689 0.25034410 35.0
-1.30055821 0.40088493 -0.93666899 35.0
-0.47259074 0.85316670 -1.03217459 35.0
-0.16602816 0.34446412 -1.01915741 35.0
1.39149261 0.67554313 0.98180324 35.0
0.20296226 -1.35769331 0.50808144 35.0
-1.16150522 -0.05503776 -1.00851214 35.0
-1.10060108 0.79217184 -1.63749981 35.0
0.57513118 -0.96041876 0.66384441 35.0
1.34762776 0.91375887 -1.59322202 35.0
-0.61970139 1.35547149 1.79798758 35.0
-1.04473209 0.97676694 1.75871170 35.0
-1.27404761 -1.29066551 0.38190350 35.0
1.34247005 0.97666568 -1.60025859 35.0
0.11098497 -1.06016922 0.67187524 35.0
0.92856228 0.04264755 1.85294151 35.0
0.16426519 -1.17572868 -1.01712930 35.0
-0.63917297 1.47271228 -0.64018530 35.0
-0.86381418 0.40053707 -1.01899946 35.0
-0.34699714 -0.43535900 -1.01712692 35.0
1.48302031 0.61549807 0.34904712 35.0
-1.32872343 0.67410195 -0.93181592 35.0
0.24768086 -1.24045992 0.62263721 35.0
0.16766672 -1.46079850 -0.08500859 35.0
-0.00511736 -0.46726361 0.76421511 35.0
-0.88907647 -1.42621565 -0.84390497 35.0
0.13206559 1.39297378 1.70412636 35.0
-1.24203098 1.42504144 -0.57817280 35.0
-1.33546984 0.97667497 -0.00414270 35.0
-1.28063011 -1.33592272 0.27823395 35.0
-0.91736573 1.48885214 0.48706013 35.0
0.16739802 -0.65653807 -1.01966608 35.0
-0.15471365 0.54849356 1.86016417 35.0
-0.79326463 -1.30778098 0.46473268 35.0
0.65898591 -0.05503776 -1.01907599 35.0
1.47564411 -0.52284873 -0.77546203 35.0
0.67222553 1.49444735 -0.02337215 35.0
1.27852154 1.44379330 1.04882538 35.0
-0.71273476 -0.59243447 0.72699398 35.0
0.79589719 0.46452287 1.86236620 35.0
-1.28550053 -1.04054570 -0.96186185 35.0
1.42203248 1.18548536 -0.74114335 35.0
0.61433870 1.54675102 0.49431831 35.0
-0.03617220 -1.45939958 -0.26124915 35.0
1.50280070 -0.43855211 -0.02511321 35.0
-1.19113028 1.40711796 0.87875015 35.0
1.25666618 1.47362423 0.83335322 35.0
1.50573325 -0.26460686 0.16631627 35.0
1.25556004 1.41251433 1.24837244 35.0
-1.31684279 -1.08768487 0.05543229 35.0
-1.16082406 -0.13026883 -1.00835621 35.0
0.53937840 1.48766768 -0.34198654 35.0
1.43443358 -0.50322002 0.59279722 35.0
1.39149261 0.67554313 0.98180324 35.0
0.13684487 0.72866678 1.86797309 35.0
-1.07001412 -1.04054570 -1.77531123 35.0
-0.26894119 -1.00756478 0.68283433 35.0
0.16790147 -1.45757759 0.09179113 35.0
0.09524417 -1.37604570 0.42777470 35.0
-1.38393164 0.34440127 -0.17496106 35.0
0.46666756 1.66777551 0.31258669 35.0
-0.85559106 0.68081051 -1.15342891 35.0
-1.33308053 -0.89891416 -0.47362298 35.0
-0.03555722 -1.45600712 -0.37947702 35.0
0.37305522 -0.85099471 -1.02865124 35.0
-0.87378442 -0.51930946 -1.01607120 35.0
-0.46993208 -0.48031503 0.74710095 35.0
1.12206435 -1.35150194 0.40200815 35.0
1.38788295 0.73201287 0.98522776 35.0
0.16665688 -1.45600712 -0.37947702 35.0
-1.38325155 -0.05503776 -0.00064269 35.0
-0.83598083 -0.77087301 0.66459084 35.0
-1.34406722 -0.79984939 0.23468103 35.0
1.32223010 1.40711796 0.87875015 35.0
0.35563779 1.63023806 0.90526175 35.0
-0.11414384 -1.42387021 0.27036464 35.0
-0.44489059 -0.71973705 0.73906571 35.0
1.50127065 0.54471022 -0.44830763 35.0
-1.36280477 0.02721181 -0.77437198 35.0
-1.35192060 0.61549807 0.34904712 35.0
0.25764513 -1.19564128 0.63783169 35.0
-1.23697507 -1.21849251 0.46706942 35.0
-0.00511736 -0.46726361 0.76421511 35.0
-0.88872850 -0.31204158 1.39040804 35.0
1.41038370 1.31414247 -0.17771249 35.0
-1.25946748 1.38256061 -0.32289758 35.0
-0.13248269 1.41463733 1.55305064 35.0
-1.25946748 1.38256061 -0.32289758 35.0
-0.07357346 1.48827183 1.13639593 35.0
0.27373073 1.29939163 1.84555078 35.0
-0.12654546 -1.19564128 0.63783169 35.0
-0.69745231 0.85315591 -1.07395709 35.0
0.92436457 -1.30778098 0.46473268 35.0
1.48205984 0.73324049 -0.58642024 35.0
-1.28414142 -0.85099471 -1.27578413 35.0
1.33477068 -1.34076011 -0.85904521 35.0
1.29988933 -0.53701103 0.66545743 35.0
1.46566486 0.79303896 -0.74441963 35.0
1.33273673 1.31254601 -0.91319746 35.0
-1.32203352 -1.04054570 -0.23288089 35.0
-1.06259060 -0.77087301 0.62233680 35.0
-0.82871705 1.22080505 -1.10789728 35.0
1.19269836 0.54878080 1.74687910 35.0
0.65620959 -1.34616268 0.46034607 35.0
-0.85829139 -0.13026883 -1.01894474 35.0
1.31465423 -1.01186073 0.54837978 35.0
-0.94334638 0.54873312 1.83798754 35.0
0.99022114 -1.45051444 -0.59218431 35.0
-1.34969342 -0.59697717 -0.60601985 35.0
-1.16365933 1.22959256 -1.24507260 35.0
0.83538049 -0.41424897 0.97204453 35.0
-1.35815418 -0.26828232 -0.77413702 35.0
-1.21992874 1.23685694 -1.09567475 35.0
-0.20352572 -1.45600712 -0.37947702 35.0
0.61093277 -0.74686050 -1.02225161 35.0
0.93678403 -0.10681201 1.83234370 35.0
-0.02546036 -1.33830297 0.54802245 35.0
-0.74905956 -0.51930946 -1.01607120 35.0
1.44995391 -1.04054570 -0.48031971 35.0
0.16645579 0.73444068 -1.02588201 35.0
-0.45359007 1.54361975 0.14093480 35.0
-0.85651994 -0.43535900 -1.01712692 35.0
-1.00398958 0.11420525 -1.01914859 35.0
0.32443339 -0.86651051 0.71996355 35.0
1.33536816 1.18638647 -1.36172462 35.0
1.44474030 1.13755596 -0.44760996 35.0
1.49280632 -0.13026883 -0.77406442 35.0
0.56249595 -0.48129347 0.77729803 35.0
1.50990844 -0.19935349 -0.45832533 35.0
-0.81125909 -0.58753842 -1.02151811 35.0
-0.70358491 0.20052119 -1.01914859 35.0
0.11641494 1.68010592 0.69567966 35.0
-1.00993764 -1.19564128 0.51086932 35.0
-0.46698484 -1.08768487 -1.02598941 35.0
0.16285640 -1.29109764 -0.99703765 35.0
1.42656100 -1.27439892 -0.38347721 35.0
0.63729995 -0.41135648 0.98545319 35.0
-0.11672463 1.48771214 -0.36775833 35.0
-1.35221827 -0.66891456 -0.05594827 35.0
0.99022436 0.34446412 -1.01915741 35.0
-0.99807984 -0.34718522 -1.01784456 35.0
0.16547084 -1.30549896 0.58376032 35.0
1.18181324 0.91254997 1.75867403 35.0
0.27540267 1.23985350 1.86544573 35.0
1.27595365 -1.40290725 0.27615896 35.0
-0.14430271 1.23985350 1.86544573 35.0
0.79797602 0.54849356 1.86036205 35.0
0.95827770 1.17982256 -1.15829170 35.0
1.20695579 1.09205639 -1.67157733 35.0
0.16665688 -1.45600712 -0.37947702 35.0
-0.66485494 0.72866678 1.86799288 35.0
-0.48323905 1.54675102 0.49431831 35.0
-0.85903352 0.02721181 -1.01913416 35.0
-1.07170177 -0.99378824 -1.80417991 35.0
0.47179222 0.34446412 -1.01915741 35.0
-1.30470729 -1.20770144 0.03213795 35.0
1.51451826 -0.05503776 -0.17662364 35.0
-0.38165373 1.54577065 -0.01701599 35.0
-1.14401114 -0.48917475 0.72258306 35.0
1.32919931 -1.32789791 0.41241929 35.0
0.83043492 -0.34718522 -1.01784456 35.0
-0.89784318 -0.80138439 -1.47674298 35.0
-0.65287393 -1.44343877 0.20829499 35.0
-1.38298309 0.40040922 -0.17492539 35.0
-1.07001412 -1.04054570 -1.77531123 35.0
-0.12403405 -0.59295827 0.78214353 35.0
0.92580909 0.97629309 1.86801422 35.0
0.28274107 0.28161180 1.86557627 35.0
-1.26344526 -1.04054570 -1.29239607 35.0
-0.97140431 -0.74604350 -1.53753316 35.0
1.43871999 -1.08768487 -0.61097771 35.0
-0.92614847 0.20659418 1.84119189 35.0
-0.31974661 0.46452287 1.86226726 35.0
0.70637631 -0.59216046 0.74990571 35.0
-0.16602816 0.34446412 -1.01915741 35.0
-1.29191768 -1.31524920 0.16663134 35.0
1.07921898 -1.27332973 -1.24416995 35.0
-1.06259060 -0.77087301 0.62233680 35.0
1.50957477 0.46707234 -0.31837276 35.0
0.65123826 -1.12760806 0.60028887 35.0
1.44018698 1.18548536 -0.00759152 35.0
-1.34640861 0.85316670 -0.31826544 35.0
0.82147437 1.09205639 -1.05785203 35.0
-1.31784141 -0.82465810 0.49754775 35.0
-0.01769782 -0.51930946 -1.01607120 35.0
0.35422170 -0.58753842 -1.01542008 35.0
-0.25234747 1.66475189 0.82065386 35.0
1.38476062 -1.38171327 -0.48223364 35.0
1.21352553 -0.89891416 -1.77528322 35.0
1.47075534 0.85316670 -0.58604419 35.0
-1.30762029 -1.08768487 -0.61097771 35.0
-0.63227248 -1.45939958 -0.26124915 35.0
1.17581844 0.28261033 1.75165153 35.0
-0.68982941 -0.99378824 -1.07799184 35.0
-0.10925479 -1.45293725 -0.59160060 35.0
-1.29412651 -1.20747769 -0.60927355 35.0
-1.28379595 -0.52146155 -0.93313336 35.0
1.33482111 -0.29956362 1.15223730 35.0
-0.31827575 0.39517945 1.86461043 35.0
1.51447988 0.20052119 -0.31838912 35.0
1.16484261 1.44410479 1.20123661 35.0
-1.33357358 0.97668326 0.17119774 35.0
0.14071180 0.11420525 -1.01914859 35.0
-1.31785750 -0.99378824 -0.60627705 35.0
1.19048762 1.24900591 -1.18896580 35.0
1.50772929 -0.26840582 -0.45962784 35.0
-0.12265278 -1.35700822 0.50837368 35.0
1.38026118 0.34811601 0.98268342 35.0
0.44587260 -1.38557303 0.38546094 35.0
0.78934824 -0.58753842 -1.01662505 35.0
-0.03885513 -1.45057797 -0.78918064 35.0
0.28131559 0.97624516 1.87256980 35.0
-1.35804892 -0.59678447 -0.04804644 35.0
1.50773418 0.46707234 -0.44838706 35.0
0.09733965 -1.39446032 0.35210726 35.0
1.51482439 0.27969381 -0.00119026 35.0
-0.84133965 0.79276365 -1.22270179 35.0
-0.97601825 -0.77087301 0.64326924 35.0
-1.33537579 -0.84576809 0.37987459 35.0
0.57599056 -0.71973705 0.73906571 35.0
-1.20108485 1.44198811 0.78295749 35.0
0.84443241 0.68125242 -1.04815960 35.0
0.14064682 -0.13026883 -1.01894474 35.0
-1.30465829 1.09205639 -0.74218857 35.0
1.26618588 -1.43404043 -0.09325650 35.0
1.42203248 1.18548536 -0.74114335 35.0
-0.20782995 -1.44493902 0.20536652 35.0
1.50720966 0.34446412 -0.59280616 35.0
-1.34003150 -0.73902225 -0.60432327 35.0
-1.01755035 -0.91365761 0.59186989 35.0
-0.32117793 0.62043417 1.86072159 35.0
-0.78446549 1.09195077 1.86836922 35.0
1.44213176 1.03878391 -0.74266428 35.0
1.40877533 -0.89891416 -1.29309452 35.0
-0.02546036 -1.33830297 0.54802245 35.0
-1.38378108 0.02721181 -0.17499445 35.0
-1.25543320 0.67468882 -1.34131801 35.0
-1.29031575 1.27948630 -0.31807584 35.0
0.01798204 -1.00756478 0.68435830 35.0
-1.24731064 1.42757285 -0.46101588 35.0
-0.33556759 1.66777551 0.31258669 35.0
-0.99891073 1.39212525 1.61297798 35.0
-1.18597043 1.47048175 0.50289744 35.0
0.13250406 -0.50097412 0.80277884 35.0
1.46755433 -0.79984939 -0.60302716 35.0
-0.92451197 0.12490587 1.83874142 35.0
-0.75599891 0.46708369 -1.01833284 35.0
-1.37483788 -0.13026883 -0.59543675 35.0
-1.28372300 1.28213966 0.33424652 35.0
-0.48756728 0.97624516 1.87256980 35.0
0.03277243 -1.40513170 0.31500888 35.0
-0.40827847 1.48766768 -0.34198654 35.0
-1.35771942 0.73324049 -0.31830329 35.0
-1.31547546 1.09205639 -0.58523929 35.0
1.13719916 0.53906101 -1.02943778 35.0
-0.81438375 0.62048209 1.85660481 35.0
0.60793519 1.36613691 -0.90878391 35.0
0.98939103 -0.13026883 -1.01894474 35.0
-0.82303625 -0.16384949 1.81195712 35.0
-0.03425908 -0.85099471 -1.02865124 35.0
-1.26290941 1.13810563 -1.21406889 35.0
1.07444620 0.54873312 1.83798754 35.0
0.78462660 0.04259963 1.85749710 35.0
-0.81125909 -0.58753842 -1.02151811 35.0
-0.10052808 1.67894936 0.49921158 35.0
-0.68427926 -0.22137931 1.71534979 35.0
1.48018157 -0.66891456 -0.47355345 35.0
0.26244196 -1.37776852 -0.88585973 35.0
-0.16581945 -0.13026883 -1.01894474 35.0
0.46333453 -1.06016922 0.66054612 35.0
-0.34067735 0.11420525 -1.01914859 35.0
-1.37624073 -0.19647881 0.17083968 35.0
-0.46868050 0.97666568 -1.02744651 35.0
-0.83049887 1.24853528 -1.06129193 35.0
1.16464877 -0.86651051 0.60325140 35.0
1.01023924 1.09205639 -1.47813606 35.0
-0.02877993 0.53903371 -1.01738942 35.0
1.09164166 -0.81878608 0.63369238 35.0
-0.31766957 -1.39427578 0.35202506 35.0
0.27318075 1.48783875 -0.48063746 35.0
1.19369042 -0.77087301 0.62233680 35.0
0.68198460 1.44261098 1.28300774 35.0
1.40620971 1.18677211 -0.92783827 35.0
0.83325517 -0.19935349 -1.01871002 35.0
-0.05413638 1.56226397 1.03186154 35.0
0.03273291 -1.45600712 -0.37947702 35.0
1.45786464 1.03878391 -0.44777232 35.0
-0.82616776 1.13642347 -1.19849968 35.0
-1.35804892 -0.59678447 -0.04804644 35.0
0.16645902 -0.74686050 -1.02225161 35.0
-0.90852326 -1.41809118 0.27691621 35.0
-0.26341873 1.65987611 -0.00989936 35.0
1.37959850 1.34401202 -0.74983597 35.0
-1.34381807 -0.66895312 -0.60543829 35.0
-0.85912138 -1.45051444 -0.59218431 35.0
1.29302692 0.34446412 -1.00861478 35.0
1.43599391 -0.85099471 -0.95731032 35.0
-0.00521659 0.84925318 1.87245142 35.0
1.45670664 0.97668868 0.34497729 35.0
-1.29792583 -1.27439892 0.16892871 35.0
0.78594846 -0.03613825 1.84993315 35.0
0.83538049 -0.41424897 0.97204453 35.0
-0.72122085 0.61083186 -1.02719450 35.0
0.27638060 1.39471304 -0.83593982 35.0
0.61554056 1.03867173 1.87287414 35.0
-0.26341873 1.65987611 -0.00989936 35.0
1.41772151 -1.27415800 -0.60254818 35.0
1.44012344 1.18548536 -0.17651063 35.0
0.13701816 0.67509687 1.86405492 35.0
0.12385258 -0.71973705 0.75039506 35.0
-0.00297476 1.18527472 1.87144232 35.0
-0.69861656 -1.12760806 0.58066499 35.0
0.63016176 0.67509687 1.86407471 35.0
-1.30112767 1.23605561 -0.00775780 35.0
0.15674414 -1.31763470 -0.96806067 35.0
-0.75007129 1.48558462 -0.04223099 35.0
-1.30465877 -1.20770144 0.17418139 35.0
1.44518816 -0.64357746 0.53515375 35.0
0.12945642 -1.37776852 -0.88585973 35.0
1.12649560 -0.51930946 -1.01607120 35.0
1.51357245 -0.13026883 -0.00296062 35.0
-1.32877767 0.85316670 -0.74398822 35.0
-0.69989359 -0.31323111 1.38844788 35.0
-0.52806890 0.20052119 -1.01914859 35.0
-0.62880945 1.28517890 -1.00453341 35.0
-0.03602994 0.68136120 -1.02223682 35.0
-1.34908175 -0.66891456 -0.47355345 35.0
-1.35192060 0.61549807 0.34904712 35.0
-1.03951645 0.04359730 1.74358034 35.0
-1.30140996 0.34446412 -0.93772715 35.0
-0.94811922 -1.27332973 -1.24416995 35.0
-1.38261199 -0.13026883 -0.17987373 35.0
0.32203087 -0.51930946 -1.01607120 35.0
1.48942459 0.46897346 -0.76894271 35.0
-0.00297476 1.18527472 1.87144232 35.0
-0.44403121 -0.96041876 0.66384441 35.0
0.71619362 1.48762727 -0.34604505 35.0
-0.68905431 -1.04054570 -1.07547772 35.0
0.61754030 -1.19564128 0.58234477 35.0
1.41038370 1.31414247 -0.17771249 35.0
-1.22335470 -0.66321605 0.61582941 35.0
-0.71164721 -0.69340646 -1.04591119 35.0
-1.14401114 -0.48917475 0.72258306 35.0
0.57440937 1.41480398 1.54635012 35.0
1.00711381 -1.13551629 -1.47877383 35.0
-1.23127484 1.41633391 -0.69555998 35.0
0.14045715 -0.26808652 -1.01834881 35.0
-1.00200176 -0.19935349 -1.01871002 35.0
-0.92613167 -0.03589867 1.82715619 35.0
0.62247735 0.28161180 1.86557627 35.0
-1.35124838 -0.66891456 -0.34571102 35.0
-1.34456599 0.85316670 -0.44799227 35.0
-0.90966141 -0.69324970 -1.29558074 35.0
-1.23835707 -0.40610981 0.87314928 35.0
0.10242540 -1.24045992 0.62263721 35.0
-1.33537579 -0.84576809 0.37987459 35.0
1.48395276 0.79304659 -0.00039726 35.0
-0.55145979 -0.65892112 0.73252213 35.0
0.79352248 0.78772551 1.87101495 35.0
-1.37597072 0.02721181 -0.59304446 35.0
0.16467762 1.24719727 -1.00765204 35.0
-0.47852504 1.13737154 1.87244916 35.0
1.48787713 -0.12003770 0.33973226 35.0
-0.52510995 -1.34616268 0.46034607 35.0
1.50888634 0.02874462 0.17751890 35.0
1.33734941 1.09205639 -1.54166007 35.0
1.00801027 -1.18389034 -1.40753067 35.0
0.42938980 1.48783505 -0.47772822 35.0
0.43594378 1.45268214 -0.69397593 35.0
-1.22199261 -1.31374860 -0.89653629 35.0
0.58469003 1.54361975 0.14093480 35.0
0.84383470 -0.59243447 0.72699398 35.0
-0.10090831 1.67675126 0.30920920 35.0
0.72411245 -0.53338242 0.76518542 35.0
-1.31776142 -0.71269244 0.51733202 35.0
1.38036680 1.42749846 -0.34257033 35.0
1.45227134 0.40155435 0.58143115 35.0
0.27540267 1.23985350 1.86544573 35.0
0.23339422 -0.77087301 0.73970157 35.0
1.46368563 -0.66910726 -0.75977361 35.0
-0.03315470 1.13628948 -1.01725125 35.0
-1.28662157 -1.27415800 -0.60254818 35.0
-1.33973765 -0.73379695 0.39757892 35.0
-0.31692111 0.84925318 1.87245142 35.0
-1.31602943 -1.08768487 -0.37065500 35.0
-0.26894119 -1.00756478 0.68283433 35.0
-0.99498320 -0.58757192 -1.03437459 35.0
0.13729799 -0.30951414 1.40467560 35.0
-0.66485494 0.72866678 1.86799288 35.0
0.13354696 -0.47928181 0.77627444 35.0
0.75990915 1.28517890 -1.00453341 35.0
-0.28146428 1.41471255 1.55006015 35.0
1.20129049 1.48305905 -0.06428123 35.0
1.46495211 0.91375887 -0.58585113 35.0
-0.79746246 0.04264755 1.85294151 35.0
1.43720317 0.91372573 0.58606416 35.0
-0.32884681 -1.40489709 0.31582776 35.0
1.45970809 1.03878391 -0.31820551 35.0
-1.32200587 -1.04054570 0.07133146 35.0
1.40415788 -0.61488944 0.60355425 35.0
-1.03951645 0.04359730 1.74358034 35.0
1.51217663 -0.19935349 -0.00673554 35.0
-1.29178905 1.23658621 0.33865786 35.0
-1.26289189 -1.37864411 0.17739713 35.0
0.83343309 0.79298455 -1.06773019 35.0
1.22188520 -1.29409742 -1.09494317 35.0
0.44908682 -0.16389741 1.81651235 35.0
-1.31872857 0.61596835 -0.92745268 35.0
0.59998357 -1.21405423 -1.01335657 35.0
-0.63767081 -1.31771100 -0.96879834 35.0
1.22178185 0.85299337 -1.69772518 35.0
-0.00591820 0.67509687 1.86405492 35.0
-1.13689733 -1.43136060 0.07772263 35.0
1.38948405 -1.03081119 0.51685178 35.0
-1.26839852 1.34653533 -0.31800118 35.0
-1.16082406 -0.13026883 -1.00835621 35.0
-1.34486258 0.85318768 0.17541616 35.0
-0.03316524 -1.17572868 -1.01712930 35.0
0.29583961 -0.34718522 -1.01784456 35.0
-0.68905431 -1.04054570 -1.07547772 35.0
1.51269174 0.34446412 -0.44844803 35.0
-0.07657398 -1.00756478 0.68435830 35.0
-1.33462632 -0.51279062 0.45447963 35.0
0.13631625 0.84925318 1.87245142 35.0
1.45982337 0.67410195 -0.93181592 35.0
-1.26655126 1.34653533 -0.44702461 35.0
1.30149102 0.54787630 1.45078313 35.0
0.44559163 -0.03613825 1.84993315 35.0
1.46755433 -0.79984939 -0.60302716 35.0
-1.15772760 -0.26809558 -1.00777507 35.0
-0.94037116 0.46476245 1.83979046 35.0
0.16435300 1.17915356 -1.01586580 35.0
-1.07893205 0.97666568 -1.74396014 35.0
-0.93393928 0.84949279 1.84967482 35.0
1.20260799 1.31286216 -0.98399371 35.0
-0.99891073 1.39212525 1.61297798 35.0
0.84274697 -0.69340646 -1.04591119 35.0
0.94441956 0.67514479 1.85971892 35.0
1.41660047 -1.04054570 -0.96186185 35.0
0.83207792 -0.26808652 -1.01834881 35.0
-0.00331752 1.47271228 -0.64018530 35.0
0.72006112 -0.96041876 0.64080602 35.0
-0.34442806 -0.71973705 0.74887109 35.0
0.90094143 1.48728776 0.31296760 35.0
-0.86791480 -1.45348179 -0.37951118 35.0
-0.03325334 1.17915356 -1.01586580 35.0
1.44110429 -1.14027858 -0.38091910 35.0
-1.28414142 -0.85099471 -1.27578413 35.0
0.94948041 0.53903371 -1.02126729 35.0
0.29711932 0.11420525 -1.01914859 35.0
0.02076011 -1.42388618 -0.85137182 35.0
-0.03437118 -1.30549896 0.58376032 35.0
0.26866546 1.63503397 0.94934779 35.0
1.45807743 -0.99378824 -0.06891346 35.0
1.02241838 -0.53468317 0.72315574 35.0
-0.69185287 -1.21545362 -1.03942215 35.0
0.93883359 0.39522737 1.86009908 35.0
-0.07020179 -1.06016922 0.67187524 35.0
0.62107915 0.20635469 1.86396897 35.0
0.98939103 -0.13026883 -1.01894474 35.0
-0.75640309 1.35551655 1.79371703 35.0
0.27186385 1.35547149 1.79798758 35.0
0.13206559 1.39297378 1.70412636 35.0
-1.00366032 -0.05503776 -1.01907599 35.0
1.04674304 -0.63038146 -1.08486521 35.0
1.07495904 1.28554106 -1.01702952 35.0
-0.32884681 -1.40489709 0.31582776 35.0
-1.14485371 -1.40290725 0.27615896 35.0
-1.35565841 0.12034763 0.34699917 35.0
1.41172993 -1.33592272 0.27823395 35.0
0.99022436 0.34446412 -1.01915741 35.0
-0.46688035 -1.45939958 -0.26124915 35.0
-0.15433253 -0.22063592 1.71859527 35.0
-0.71164721 -0.69340646 -1.04591119 35.0
0.16425437 1.13628948 -1.01725125 35.0
1.29146147 0.54310745 -1.01629114 35.0
-1.31548476 1.13755596 -0.31816119 35.0
0.29691911 -0.13026883 -1.01894474 35.0
1.48263824 -0.66887307 0.09432214 35.0
0.83403754 1.47339046 0.95954090 35.0
-0.19093092 -0.51930946 -1.01607120 35.0
0.03277243 -1.40513170 0.31500888 35.0
-0.08149845 -0.96041876 0.69629288 35.0
-0.03401935 0.85316670 -1.03217459 35.0
-1.20367086 -1.34076011 -0.85904521 35.0
0.29711932 0.20052119 -1.01914859 35.0
-0.19728847 -1.45416975 -0.69703841 35.0
-0.34055236 -0.05503776 -1.01907599 35.0
-1.32037139 1.09205639 -0.44769329 35.0
0.59798032 -1.45939958 -0.26124915 35.0
1.01577580 0.91375887 -1.52757597 35.0
-1.15641582 0.34527805 1.45578802 35.0
0.82433671 -0.65892112 0.70948374 35.0
-0.81744719 1.31290913 -0.99452263 35.0
-0.30484381 1.45268214 -0.69397593 35.0
0.58482963 -1.45416570 -0.69688773 35.0
-0.86791480 -1.45348179 -0.37951118 35.0
0.44785833 0.34203851 1.86582208 35.0
0.00922606 1.44096720 1.35064816 35.0
-1.04471850 0.28261033 1.75165153 35.0
0.83471310 0.34446412 -1.01915741 35.0
0.35563779 1.63023806 0.90526175 35.0
1.04213357 1.36622655 -0.90855199 35.0
-1.00306523 -0.13026883 -1.01894474 35.0
-0.83123344 -0.89891416 -1.26718926 35.0
-0.00961214 0.11420525 -1.01914859 35.0
-0.49549988 0.39517945 1.86461425 35.0
1.36111557 -1.26215971 0.45201671 35.0
-1.09074676 -0.85099471 -1.73082924 35.0
-1.07703173 -0.71973705 0.63228542 35.0
-0.07474165 -1.36678243 0.46927851 35.0
-1.28393316 -1.34147072 0.03808201 35.0
-1.28414142 -0.85099471 -1.27578413 35.0
-1.07087481 -1.34112954 -0.91668797 35.0
1.44063950 -0.79954416 -0.95288640 35.0
0.78495181 -0.77087301 0.68421471 35.0
-1.08347642 0.91375887 -1.73496795 35.0
0.00922606 1.44096720 1.35064816 35.0
-1.30055821 0.40088493 -0.93666899 35.0
1.39351130 0.61742282 0.97892141 35.0
1.46647537 -0.84576809 0.37987459 35.0
-1.37880862 -0.19935349 -0.45832533 35.0
1.04951906 1.34036851 -0.96402872 35.0
1.01572716 -0.89891416 -1.55550742 35.0
1.44794810 -0.89891416 -0.75075907 35.0
-0.32607839 -1.24045992 0.59018898 35.0
-1.33619249 -0.89891416 -0.21181335 35.0
0.99019045 0.20052119 -1.01914859 35.0
1.04078710 0.53903919 -1.02604735 35.0
-0.97753048 -0.69262296 -1.39540625 35.0
-0.72258103 1.48809862 0.75752068 35.0
-0.15433253 -0.22063592 1.71859527 35.0
0.72023529 1.49527621 0.14447019 35.0
-0.85737199 -0.19935349 -1.01871002 35.0
-1.36352432 0.61549783 0.17909215 35.0
-1.34739101 -0.73902225 -0.34632519 35.0
-1.19509697 1.46780717 -0.47540581 35.0
0.91208881 1.47265685 -0.64029646 35.0
-0.01078121 -0.43535900 -1.01712692 35.0
1.35158980 0.63130003 -1.23356879 35.0
-0.94838554 1.25130284 -1.17161608 35.0
0.36702433 1.44143677 1.32660174 35.0
-1.32697749 -0.99378824 -0.06891346 35.0
-1.28414142 -0.85099471 -1.27578413 35.0
-0.03333325 -1.21405423 -1.01335657 35.0
-0.48895031 0.04259963 1.85749710 35.0
0.55104476 1.62312210 0.49606755 35.0
-1.38153970 0.11420525 -0.44844738 35.0
-1.16111362 0.40058219 -1.00834036 35.0
1.26162374 -0.30490181 1.34288526 35.0
-0.21681277 1.67675126 0.31119305 35.0
1.50954843 -0.26840582 -0.33332509 35.0
-1.06261706 0.62067038 1.74744070 35.0
1.44394767 0.67273831 -1.15043557 35.0
0.25375274 -1.35700822 0.50837368 35.0
1.43831778 -1.14027858 -0.48854157 35.0
-1.33619249 -0.89891416 -0.21181335 35.0
