1.32402062 0.74863809 -1.26176703 40.0
-1.28895926 -0.99284059 -1.36070275 40.0
-1.32941103 -0.92094624 -0.34595773 40.0
1.32301176 0.70057893 -0.98870528 40.0
-0.20141120 -1.27287567 -1.17649400 40.0
0.90008205 0.87424839 1.02719665 40.0
1.13773310 0.73514050 -1.39675343 40.0
1.27154446 0.11849687 -0.05841428 40.0
-1.28195393 -0.04763892 0.41104254 40.0
-0.94761056 -0.46989033 1.27482021 40.0
0.99182981 -0.76418579 1.15237522 40.0
1.14729619 0.95669258 0.97116488 40.0
-1.10092402 -1.28613806 -1.05306590 40.0
1.22399807 0.29525632 -1.02413476 40.0
-1.24997020 1.15530467 0.90477586 40.0
-0.99839675 -1.15685463 -1.32028878 40.0
1.28967953 -1.10842133 -0.20783472 40.0
-1.34626007 0.56540298 0.67958069 40.0
1.07453930 1.37931013 -0.06217670 40.0
-0.20417660 -0.88219345 1.11512053 40.0
1.08133364 1.34121120 -1.00093269 40.0
0.15499082 1.41315246 -1.16083205 40.0
0.29911694 1.51982379 0.24083757 40.0
1.27142608 -0.27358708 -0.07801174 40.0
0.36170721 -1.44344926 -1.16838264 40.0
1.34260690 0.83645588 0.44170842 40.0
0.29910401 1.52027190 0.29423490 40.0
-0.84795702 -0.65859056 1.27523434 40.0
-1.32440424 1.05372024 0.29370317 40.0
-1.20316589 -1.19751763 -1.03442228 40.0
1.00603211 -0.75985485 -1.34554613 40.0
1.12981200 1.08382142 0.97795826 40.0
-1.06686938 -1.34136212 -0.44765612 40.0
-1.33949733 -0.81201136 0.71574599 40.0
1.32568693 0.97053570 0.29911184 40.0
-0.11775739 1.52512741 0.32611111 40.0
1.12474108 1.12536311 0.96846908 40.0
0.20726895 -1.57599974 -0.80332333 40.0
-0.27994493 1.08145833 -1.20619142 40.0
-1.30491674 -1.06668663 -0.39308536 40.0
0.97251993 -1.17952728 -1.22958887 40.0
0.86640108 -1.21956706 -1.18372524 40.0
1.31891751 -0.84769958 -0.64681405 40.0
-1.20641947 -1.24141920 0.10589078 40.0
-1.30388093 -1.10842133 0.29488164 40.0
0.70898181 0.70016617 -1.20030391 40.0
0.62007052 1.26515841 -1.18120670 40.0
1.32450640 -0.92094624 0.40948036 40.0
-0.43315333 -1.37029994 -1.17191124 40.0
-1.29046369 -0.86852562 1.06535268 40.0
1.00394928 -0.77401388 -1.43484890 40.0
0.99927086 1.04869151 1.01091743 40.0
-1.31289268 -0.92094624 -1.01290309 40.0
-0.90176022 0.31796396 1.46394682 40.0
0.70572871 0.32196689 1.95643973 40.0
-1.03933418 0.82387787 1.03094208 40.0
0.90955985 -0.65608382 1.22684312 40.0
0.65193027 -1.30872488 -1.17454922 40.0
1.30498803 0.43232608 0.52545393 40.0
1.23323333 1.01409388 -1.62400126 40.0
-0.67923397 -1.19275773 -1.18463480 40.0
-0.95662272 0.12015229 -1.20190656 40.0
-0.62912911 -0.10525804 2.18635368 40.0
-1.07056630 -1.34136212 -0.14098638 40.0
1.28408706 1.14327288 0.81595743 40.0
-1.35398364 0.79017222 0.65464103 40.0
1.30721295 -1.02892625 0.46363416 40.0
0.70747751 0.90347749 -1.26281202 40.0
-1.33684444 -0.81097639 0.84426874 40.0
-0.67290682 -1.28442132 0.66092759 40.0
1.24041009 -1.19911861 0.37250346 40.0
1.30233014 0.88257760 -1.36375761 40.0
1.30206490 -0.92094624 -1.01289642 40.0
1.10435665 -1.03543437 -1.67642856 40.0
0.69676107 -0.18117496 1.99071705 40.0
1.32399249 -0.92094624 0.20026037 40.0
0.95351112 1.42629790 0.45392811 40.0
-0.51625270 -0.56845719 1.50095665 40.0
1.29305291 -1.10842133 0.29488164 40.0
1.27575421 -1.15352595 0.33388376 40.0
1.13129175 -1.28399611 -0.81728125 40.0
1.11867559 0.38107097 -1.17798638 40.0
1.27911866 -0.57891327 0.90765899 40.0
0.49468046 -0.04823685 -1.20200443 40.0
0.99972498 -1.05492127 0.98601431 40.0
0.51104337 1.47044432 -0.99184620 40.0
-0.87694168 1.35524428 -1.17581153 40.0
0.18859373 -1.11199391 0.93680608 40.0
0.72831213 0.40523750 1.78565454 40.0
0.29910401 1.52027190 0.29423490 40.0
0.10690491 1.51673174 0.04967024 40.0
0.35568252 -1.55822742 -0.15371792 40.0
-1.35280561 0.56657904 -0.05861229 40.0
1.25233257 -0.20253494 0.89361596 40.0
0.87994313 1.11537242 -1.36684787 40.0
-0.91368008 -0.76522744 -1.26073360 40.0
-1.15611303 -1.28419781 0.14953271 40.0
0.18885329 0.50111473 -1.19991493 40.0
-1.32765722 -0.88439929 -0.65447640 40.0
-0.74825501 0.38626057 -1.20078957 40.0
1.05604506 -1.34136093 -0.44765443 40.0
0.88877499 0.51431292 1.09496033 40.0
-1.26337337 0.03561665 0.89772058 40.0
1.03942215 -0.32593742 1.15835500 40.0
-1.33867586 -0.77936602 0.50569665 40.0
-0.90176022 0.31796396 1.46394682 40.0
1.18823993 1.28991604 0.39170992 40.0
-0.91614461 -0.80028081 1.14952648 40.0
1.10749769 1.20216131 -1.22021472 40.0
-1.31800187 -1.02892625 0.34151381 40.0
-0.71970737 1.28096318 1.00990915 40.0
1.28407872 0.29438329 0.62029272 40.0
0.98247206 -1.14276123 0.87604332 40.0
1.25006521 -0.12750633 0.89689052 40.0
0.99972498 -1.05492127 0.98601431 40.0
-1.24819779 -0.34168655 0.97531873 40.0
-1.32760048 -0.95704424 -0.03772920 40.0
-0.52353543 1.50356627 -0.33847448 40.0
0.18795475 0.55648983 1.21420217 40.0
0.51819688 1.14519715 1.05946422 40.0
-0.47334024 -1.31337237 -1.17454922 40.0
1.14534354 -1.27695429 0.50354564 40.0
0.17501110 -0.18274303 2.27273703 40.0
-0.71899158 -0.04814157 -1.20200443 40.0
-1.29555643 0.29472369 0.17705570 40.0
-1.33026183 1.01235807 0.41458601 40.0
0.89861757 -0.76522791 -1.26072288 40.0
0.50754899 0.30203798 -1.20125282 40.0
-1.08138084 1.38713312 0.63286978 40.0
-1.28407323 -1.02892625 -1.33740211 40.0
1.34754932 0.74578893 0.66223949 40.0
0.42657995 1.51472199 0.29423490 40.0
1.14420509 0.79729128 -1.59589469 40.0
0.95351112 1.42629790 0.45392811 40.0
1.27374911 0.20256752 0.17704357 40.0
-1.27309144 -1.15269744 -0.73775494 40.0
-1.33438146 -0.74003410 0.51103503 40.0
0.27300796 -0.83362561 -1.20861721 40.0
1.32141638 -0.74003410 -0.11398534 40.0
1.12395537 0.43601978 -1.17768598 40.0
-1.20641947 -1.24141920 0.10589078 40.0
-0.15451583 1.44794953 -1.10581744 40.0
-0.92180371 0.73065466 1.11405027 40.0
-0.54364687 0.53373194 -1.19928253 40.0
0.88182515 -1.42088366 0.07688312 40.0
-1.27964008 0.20243186 0.78358483 40.0
0.29911694 1.51982379 0.24083757 40.0
-1.31989944 1.05372226 0.58529419 40.0
-0.89524597 1.25596297 -1.18754041 40.0
-0.77394104 0.22894284 1.80095708 40.0
0.93779498 -0.89802867 -1.62596393 40.0
-1.24709594 0.29428503 0.99122351 40.0
0.94401306 -0.79740638 -1.45665538 40.0
0.62415922 -1.40826643 0.37264761 40.0
-1.19906795 1.28991604 0.39170992 40.0
-1.14211917 -1.28399599 -0.81731039 40.0
1.06926990 0.39274797 1.18085504 40.0
0.52856582 -1.50274813 -1.14498889 40.0
-1.17127085 0.65551579 1.08636022 40.0
0.69385582 -1.01528275 -1.26765203 40.0
0.93216228 1.38648713 -1.13827503 40.0
0.92042655 0.74490750 -1.28282070 40.0
-1.31009996 -1.06567562 0.69110197 40.0
-1.27371848 -1.10508871 -1.27139831 40.0
0.40198189 -1.55881894 -0.40148771 40.0
1.14965236 -0.93993866 1.06594455 40.0
1.29933286 1.13602936 0.48069948 40.0
-1.12465692 -0.49309582 -1.17566872 40.0
0.78737766 0.51643157 1.12936246 40.0
-1.13738394 1.34642673 0.71863121 40.0
1.09368217 -0.20370302 -1.17870426 40.0
-1.10236108 0.54475051 1.11249554 40.0
-1.25706661 1.23229718 0.13798787 40.0
-1.36033332 0.74589330 -0.29973680 40.0
-1.06389034 -0.39652649 1.13836288 40.0
-0.48742628 -1.54536569 -0.33674511 40.0
-0.48532826 0.32444048 2.20566487 40.0
0.99182981 -0.76418579 1.15237522 40.0
-1.31418276 0.46371841 -0.31207383 40.0
-1.13684416 0.93350738 -1.77669382 40.0
0.38083941 -1.53589213 -0.03344198 40.0
1.28505206 -1.02892625 -1.00653946 40.0
1.31201267 -0.67252493 -0.10509501 40.0
0.95338911 1.42217827 -0.08450861 40.0
-0.20244259 0.97634500 1.03770256 40.0
-0.67923397 -1.19275773 -1.18463480 40.0
1.30030680 1.13602936 0.39946431 40.0
1.24800789 -0.81389302 -1.52258098 40.0
-1.04920423 0.73899817 -1.39220119 40.0
-0.96214175 -0.79740632 -1.45667195 40.0
0.29910401 1.52027190 0.27070180 40.0
-0.49461800 -1.24521470 0.73917216 40.0
-0.89403456 1.15191185 -1.32286775 40.0
0.69949031 -0.74450016 -1.20158565 40.0
-1.27371848 -1.10508871 -1.27139831 40.0
-1.34049332 -0.84769958 0.71025527 40.0
0.64128560 -0.32465455 1.93374324 40.0
1.21390665 -0.04660413 0.98213953 40.0
1.34932315 0.62891364 0.56157225 40.0
-0.98033327 -0.20466843 -1.20162404 40.0
0.46781990 -0.18232226 2.23946071 40.0
-0.65927857 1.38992441 0.90009540 40.0
-1.25577605 1.23229718 -0.05706036 40.0
1.01871240 -0.87045848 1.11512053 40.0
-0.36877853 -1.56489336 -0.40148771 40.0
1.30009806 -0.57994807 0.13662463 40.0
1.27524710 -1.15249121 0.56906432 40.0
1.28411973 0.71364278 0.99745375 40.0
1.05309391 -1.34133530 -0.61219043 40.0
0.71681863 -0.20604698 -1.20162404 40.0
-0.91098017 -0.80020815 -1.34200382 40.0
0.87989473 -1.42198527 -0.25947648 40.0
1.28127360 -0.49001360 0.84048223 40.0
1.30690682 -0.88439929 -1.00380123 40.0
1.27275729 0.11849687 0.17703676 40.0
0.27300796 -0.83362561 -1.20861721 40.0
-0.73726565 0.30087236 -1.20125282 40.0
0.99457610 -0.93155760 -1.75867593 40.0
-1.00599408 1.10697687 -1.57942200 40.0
-1.28016889 0.20256752 -0.31630784 40.0
1.18113279 1.29095078 0.65206486 40.0
0.92453790 -0.68040621 -1.20563388 40.0
0.77972728 1.48246551 0.48999262 40.0
0.10685050 1.53001916 0.37297463 40.0
1.30219436 1.05372012 -0.60808992 40.0
-0.77707422 0.78500366 1.11392188 40.0
0.46500680 1.49368834 -0.80812109 40.0
0.69193548 0.12122194 -1.20190656 40.0
1.14408767 0.52471417 -1.17640924 40.0
1.27112579 -0.04763892 0.41104254 40.0
-0.53509003 1.06065583 1.07165265 40.0
-1.32440424 1.05372024 0.29370317 40.0
-1.32893968 -0.81201136 -0.64525938 40.0
-1.10136068 1.16822076 -1.39100111 40.0
1.27127445 -0.41319346 0.86852103 40.0
0.71812332 -0.27847955 -1.20121062 40.0
0.46781990 -0.18232226 2.23946071 40.0
0.10148666 -1.49691355 0.15575698 40.0
-1.34195495 0.56784219 -0.66827869 40.0
-1.15667486 1.00012589 0.97722000 40.0
0.69653726 1.07857525 -1.25569689 40.0
-0.83940977 -1.33128452 0.54575801 40.0
-1.33057117 1.01235473 0.29594800 40.0
-0.08470775 -1.57333088 -0.15393661 40.0
-0.94669640 1.38648999 -1.13829207 40.0
-1.28668320 -0.90513426 1.04360330 40.0
-1.30990779 0.63520902 -1.00707304 40.0
-1.20043981 1.25173461 0.87499034 40.0
-1.07216012 -1.34136212 0.14946093 40.0
1.08613038 -1.18357718 0.80158323 40.0
-0.90797943 -0.86374557 -1.41171002 40.0
1.34822595 0.79016697 0.44296429 40.0
0.27238172 -0.86900198 -1.21076381 40.0
0.51605785 -1.26960623 -1.17649400 40.0
1.29216647 1.05372012 -0.97458494 40.0
-0.79197288 1.48247278 0.48998883 40.0
0.47242662 1.34462011 0.98631448 40.0
-1.20316589 -1.19751763 -1.03442228 40.0
-0.77394104 0.22894284 1.80095708 40.0
1.30714190 1.09499764 0.29278123 40.0
-1.12233078 -0.99911726 -1.73418617 40.0
1.00743377 -0.73673189 -1.25942588 40.0
1.23630106 1.23087585 -0.63817447 40.0
0.71887022 -0.66086549 1.30060160 40.0
0.40147850 -1.55881894 -0.47877347 40.0
-1.07231033 -1.34031761 0.25778213 40.0
-0.20360129 -0.91968310 1.09332049 40.0
1.26268852 0.49169067 1.02372921 40.0
-1.31811345 0.46299392 0.46799648 40.0
0.69949031 -0.74450016 -1.20158565 40.0
1.31296635 -0.99284059 0.60745806 40.0
-0.47302198 -0.10555961 2.28321624 40.0
0.84511304 -1.19350445 0.80800444 40.0
1.30954623 0.83644754 -1.33942449 40.0
0.22044605 -1.56441021 -1.06210005 40.0
1.15521955 -0.26634356 1.04402542 40.0
-1.17531013 0.81857222 1.00059962 40.0
-1.30673206 0.92737246 -1.37379646 40.0
0.83647650 -0.04804770 -1.20200443 40.0
1.00977468 0.96273214 1.00148523 40.0
-0.66466016 1.49757957 0.53001297 40.0
1.03340161 0.51063973 1.10748053 40.0
0.26818818 1.15923905 -1.19578540 40.0
1.07211113 1.37946844 -0.30862933 40.0
0.26615635 -1.15158939 -1.18865705 40.0
-1.33832395 -0.77936602 0.61765057 40.0
-1.31955814 1.05372012 -0.29619479 40.0
1.23085225 1.17571008 -1.21681035 40.0
-0.77300006 0.66509426 1.17219245 40.0
0.95790303 0.80510348 -1.51241064 40.0
-0.86849475 -0.20539103 -1.20162404 40.0
0.76518440 1.38490057 0.88043255 40.0
0.69949031 -0.74450016 -1.20158565 40.0
-1.31626248 -1.02789128 0.74305159 40.0
0.72831213 0.40523750 1.78565454 40.0
0.18859373 -1.11199391 0.93680608 40.0
-0.36947730 -1.56394100 -0.23711196 40.0
-0.86745006 0.05913739 1.50497341 40.0
-1.28946495 -0.41319346 0.75291216 40.0
0.50813711 -0.42223957 -1.19981492 40.0
1.27435982 0.75368321 -1.43109035 40.0
0.76674205 -0.18054745 1.78106558 40.0
-1.04079580 1.32154405 0.90080088 40.0
0.89136171 -0.58876717 -1.19709015 40.0
0.56791955 1.43883276 -1.10581744 40.0
0.89592695 -0.80020875 -1.34198117 40.0
1.23890615 -0.66528136 0.98224759 40.0
0.58631980 1.51308227 0.44176358 40.0
-1.36385155 0.69529921 0.56149840 40.0
0.86201912 1.22297227 0.99513733 40.0
0.99972498 -1.05492127 0.98601431 40.0
0.88795120 1.01045668 1.03439152 40.0
-0.89708954 1.09493124 1.03511202 40.0
-1.29023635 0.64658535 1.03626859 40.0
1.19912946 -1.18377566 0.75815171 40.0
0.24047467 0.64441657 -1.19734156 40.0
1.30311644 1.05475736 0.70912832 40.0
-0.82261509 0.40355712 1.62272537 40.0
1.21953309 -1.06694186 -1.51903725 40.0
-0.31056568 1.52596164 0.37297463 40.0
-0.91614538 -0.91093689 1.09332049 40.0
-1.33690548 0.88257760 -0.61041248 40.0
-0.19710883 -0.56989002 1.51171696 40.0
-0.31059051 1.52027059 0.27070180 40.0
-1.00834215 1.06641340 -1.65917134 40.0
0.84843630 -0.68275011 -1.20093930 40.0
-1.28646731 -1.15352595 0.43802303 40.0
0.51771188 0.44359249 -1.20048249 40.0
1.30481589 -1.02892625 -0.07410728 40.0
1.25306606 0.11849687 0.89682615 40.0
-0.73936009 0.74767613 -1.21855521 40.0
1.29216647 1.05372012 -0.97458494 40.0
0.85810018 -0.41937792 -1.19981492 40.0
0.94148386 -0.86074919 -1.57994151 40.0
0.70898181 0.70016617 -1.20030391 40.0
0.80459541 0.40355659 1.62266934 40.0
-0.88945538 -1.08454430 -1.37627745 40.0
1.21390665 -0.04660413 0.98213953 40.0
1.23800123 1.15530205 0.90476358 40.0
-0.19954455 -1.11199331 0.93680608 40.0
1.27154446 0.11849687 -0.05841428 40.0
-0.11779211 1.52116740 0.17612317 40.0
1.10806084 1.21068549 0.93800980 40.0
-1.32056546 0.92737246 -0.98588252 40.0
0.88056648 0.49602145 -1.19991493 40.0
-0.64690262 0.32319447 2.10429621 40.0
1.31514168 0.48796776 0.13873877 40.0
-1.28346074 -0.27358708 0.15304892 40.0
-0.33773765 1.49916112 -0.80812109 40.0
1.29874277 1.13602936 -0.05736340 40.0
-0.75198895 -0.49911052 -1.19870126 40.0
-0.90137351 0.98981124 -1.44843471 40.0
0.97065526 0.29845861 -1.20125282 40.0
0.57529104 1.49756706 -0.33902836 40.0
0.93883651 0.03629383 -1.20201015 40.0
0.35382000 -1.56489348 -0.58646715 40.0
1.30932438 1.01340055 0.71950144 40.0
-0.64813238 -0.25417683 2.05410242 40.0
1.11034524 -0.75759298 -1.35599768 40.0
-1.36033332 0.74589330 -0.29973680 40.0
-1.27907586 -1.06604409 -1.30760348 40.0
-1.32974541 -0.84769958 -0.64681405 40.0
-0.19367614 -0.47763604 1.71079612 40.0
-0.53786725 1.01788485 1.06824982 40.0
-1.10433829 0.20401753 -1.17886770 40.0
0.46113491 -0.10555968 2.28322530 40.0
-0.95671880 0.03629391 -1.20201015 40.0
-1.29679573 0.76440763 0.97809649 40.0
-1.19465160 1.28963149 -0.30406645 40.0
-1.01107156 0.48584455 1.16051495 40.0
-1.32760048 -0.95704424 -0.03772920 40.0
0.85810018 -0.41937792 -1.19981492 40.0
0.87882936 1.18169558 -1.27676022 40.0
1.15730739 -0.86682427 1.10870862 40.0
0.49115273 0.46357670 1.66503990 40.0
0.75386935 -0.95091254 1.07234359 40.0
-0.89114976 -1.04849303 -1.40939128 40.0
-0.87694168 1.35524428 -1.17581153 40.0
-0.91685069 0.85312057 -1.41008258 40.0
-1.00026822 -1.07669580 -1.59499490 40.0
-0.94761056 -0.46989033 1.27482021 40.0
-0.62729132 -1.34099698 0.54614574 40.0
-0.11775739 1.52512741 0.32611111 40.0
1.29305291 -1.10842133 0.29488164 40.0
1.27564621 -1.15352595 0.22653213 40.0
-1.13081264 -0.92675829 -1.76857626 40.0
-1.14784944 -1.28415751 -0.57461935 40.0
1.28159070 0.46161661 0.88582259 40.0
-0.21993780 -1.57599843 -0.47877347 40.0
1.10253859 -1.16848767 -1.22930205 40.0
-1.28346074 -0.27358708 0.15304892 40.0
-0.77371585 0.87744850 1.06403267 40.0
0.99927086 1.04869151 1.01091743 40.0
-0.27946535 1.12247014 -1.20151651 40.0
1.33317018 0.75303274 0.89177591 40.0
0.76828915 -1.30414391 -1.17454922 40.0
-1.31365824 1.09499764 0.57673794 40.0
-1.33984327 -0.88439929 0.37402499 40.0
-0.95640290 0.94236857 -1.65595746 40.0
0.50431085 -0.56845760 1.50095963 40.0
0.73420614 1.18282604 1.03987896 40.0
-0.17449337 1.39873672 0.88685393 40.0
-1.32534087 0.48731124 0.44580525 40.0
1.12543404 -0.85303658 -1.67884755 40.0
1.16657329 -0.33547801 1.04559529 40.0
0.17917506 1.28909612 0.99063975 40.0
1.24616158 -0.84908956 -1.58342505 40.0
0.07366422 -1.58007288 -0.34928071 40.0
1.35142815 0.62911367 0.44282511 40.0
-0.58654606 1.50921869 0.37370270 40.0
-1.30726612 1.13602936 0.56927317 40.0
0.93136263 1.02869248 -1.61976111 40.0
0.19037303 -1.03044844 1.02346575 40.0
0.82317322 0.03652329 -1.20201015 40.0
-0.36904562 -1.56489336 -0.34928071 40.0
1.14480197 -0.19529141 1.04114842 40.0
-1.30299425 1.05372012 -0.97459036 40.0
1.34887028 0.79016316 0.13764781 40.0
-0.91175675 -0.77979839 -1.30277932 40.0
0.67882890 1.48424935 -0.58619946 40.0
-1.32269275 1.05372012 -0.05759791 40.0
-0.88553077 -1.42181349 -0.68078196 40.0
-0.08387867 -1.58007205 -0.80332333 40.0
1.12543404 -0.85303658 -1.67884755 40.0
0.61177343 1.40425086 -1.16083205 40.0
0.93343079 -1.32550550 0.53844035 40.0
-0.29040393 0.77629405 -1.19776130 40.0
0.99021697 -0.96808153 -1.75783300 40.0
-1.27873170 0.79285097 -1.51664293 40.0
-0.36926293 -1.56489336 -0.30071750 40.0
-1.33861101 -0.77936602 0.34380853 40.0
-0.72709018 -1.19768918 0.80800444 40.0
-1.01892638 -1.26920795 0.65447915 40.0
-1.14739442 0.49126250 -1.17714894 40.0
-0.51625270 -0.56845719 1.50095665 40.0
-1.28638434 0.75368279 -1.43110502 40.0
-1.17738962 -0.33547670 1.04559684 40.0
-1.22169340 -0.12768437 -1.02436423 40.0
-1.19640565 1.16831255 -1.34467518 40.0
0.50843966 1.50356650 -0.33847442 40.0
1.31932139 -0.91370273 0.94154340 40.0
-1.01038861 0.05303928 1.19064415 40.0
-1.01137018 -0.03035647 1.18510723 40.0
0.87748182 1.25596309 -1.18754005 40.0
-0.66522455 0.40676248 1.91713107 40.0
-1.36300981 0.62931520 0.13756597 40.0
-0.97409999 -1.18889332 0.80800444 40.0
0.70560521 0.20692594 -1.20167136 40.0
-1.35195351 0.83646315 0.55460316 40.0
1.24904406 1.07285690 0.92845160 40.0
-1.08688462 1.37990069 0.36776632 40.0
-0.36952603 -1.55822730 -0.15371791 40.0
-1.28470099 -1.15352595 -0.08344775 40.0
1.26851392 -0.12750633 -0.06473286 40.0
-1.31071842 -0.77212119 0.98796368 40.0
0.53167516 0.53373235 -1.19928253 40.0
0.52011687 1.51870728 0.44136995 40.0
-0.12775227 1.50314748 -0.80812109 40.0
0.50660753 1.50925291 0.27070180 40.0
0.94401306 -0.79740638 -1.45665538 40.0
-0.63838679 1.48251021 -0.81129307 40.0
-0.41616333 -1.55882096 -0.34928071 40.0
1.35142815 0.62911367 0.44282511 40.0
-0.86282933 0.64028347 -1.19945550 40.0
0.74450320 0.46010858 1.47764480 40.0
-0.47302198 -0.10555961 2.28321624 40.0
-0.48742628 -1.54536569 -0.33674511 40.0
0.66869879 -0.47480828 1.64210093 40.0
0.94135147 0.63793528 -1.20128369 40.0
-1.32760048 -0.95704424 -0.03772920 40.0
1.11034524 -0.75759298 -1.35599768 40.0
1.31435096 0.97053319 -0.60927278 40.0
-0.87025476 0.14255330 1.49918675 40.0
1.30541766 1.09499764 -0.05748277 40.0
-0.66647154 -1.30872393 -1.17454922 40.0
-0.59232926 1.50287652 0.53103989 40.0
0.26720053 -1.05490279 -1.20844507 40.0
1.29064667 -0.74276781 -0.99098641 40.0
-0.71680313 1.47385776 -0.81579173 40.0
-1.28759408 1.18080723 0.67740148 40.0
1.32333529 -0.88439929 -0.34978002 40.0
0.77653980 0.32061377 1.75683284 40.0
-1.28181303 -0.04763892 0.17566615 40.0
1.32182181 -0.91991150 0.81681490 40.0
0.90048730 -0.87381256 1.11512053 40.0
1.26990557 -0.94129407 1.02266228 40.0
1.33022273 -0.84769958 0.12768351 40.0
-1.02440274 -0.75985581 -1.34554791 40.0
0.94670779 -0.76261955 -1.31535602 40.0
-0.23683622 -1.23135710 -1.17821777 40.0
-0.52127874 1.50107777 -0.12875366 40.0
0.47242662 1.34462011 0.98631448 40.0
0.83055401 0.45821166 1.37641799 40.0
-1.30363011 -1.10842133 0.50294513 40.0
0.90955985 -0.65608382 1.22684312 40.0
0.80459541 0.40355659 1.62266934 40.0
0.17076221 1.34820104 0.96332902 40.0
0.89019680 0.94581264 -1.45089388 40.0
-0.55486715 -1.47797096 0.15308374 40.0
1.26207590 0.20256752 -0.67692000 40.0
1.31163085 -0.74050438 -0.65565759 40.0
0.94135147 0.63793528 -1.20128369 40.0
1.35087073 0.62931520 -0.05851562 40.0
1.29946029 0.37848464 0.17113045 40.0
-0.91082239 0.96662283 1.02835917 40.0
-1.02234495 -1.01669240 1.02346575 40.0
-1.19045532 -0.40594864 1.03608561 40.0
1.19912946 -1.18377566 0.75815171 40.0
-1.34144819 -0.84769958 0.61182988 40.0
0.17826919 -0.32654527 2.04551196 40.0
1.32776129 0.88364500 0.73735988 40.0
-0.91963863 -0.83653301 1.13440549 40.0
-0.55486715 -1.47797096 0.15308374 40.0
-0.47302198 -0.10555961 2.28321624 40.0
1.25692534 -0.27358708 0.89024800 40.0
1.32977581 0.92739624 0.54511446 40.0
-0.53971767 -0.99089152 1.05097890 40.0
-1.10197234 -0.04780615 -1.17918456 40.0
-0.53509003 1.06065583 1.07165265 40.0
1.31311476 -0.67252493 0.65254927 40.0
-1.29542899 1.17977226 0.47524777 40.0
-0.76342899 1.01414323 1.06299210 40.0
-0.73173749 -0.20604686 -1.20162404 40.0
-1.25034094 -1.19911861 0.02650904 40.0
0.27354527 -0.78453070 -1.19951761 40.0
-1.26089334 -0.12750633 0.89689052 40.0
1.33289361 0.70237303 0.91741163 40.0
1.30541766 1.09499764 -0.05748277 40.0
0.26720053 -1.05490279 -1.20844507 40.0
1.27043843 1.13668776 -1.24981511 40.0
-1.31191576 -1.02892625 -0.35444552 40.0
0.74450320 0.46010858 1.47764480 40.0
-0.65032965 -1.50192940 -0.39765686 40.0
-1.16803229 0.91160846 0.96860117 40.0
0.78491372 0.57800967 -1.19840944 40.0
1.24616158 -0.84908956 -1.58342505 40.0
1.30009806 -0.57994807 0.13662463 40.0
-1.31643856 0.43308070 0.15629266 40.0
-0.51804656 -0.35013875 -1.20061624 40.0
-1.28301442 0.03561665 0.62206930 40.0
0.29886478 1.51203811 -0.12875366 40.0
-1.31800187 -1.02892625 0.34151381 40.0
-0.86282933 0.64028347 -1.19945550 40.0
-1.30661166 1.06096756 0.83852410 40.0
-1.36682916 0.69538701 0.30316430 40.0
1.28028047 0.56872827 -1.01619852 40.0
-0.49905941 -1.53624058 -1.06396580 40.0
0.96954143 0.74214375 -1.35439944 40.0
0.14165844 1.48006332 0.63901699 40.0
-0.19874226 0.47623974 -1.20026445 40.0
-1.17268026 -0.86682516 1.10871351 40.0
-0.70688981 0.12122185 -1.20190656 40.0
-1.12233078 -0.99911726 -1.73418617 40.0
0.35076824 -1.56493235 -0.93015128 40.0
-1.27192843 0.11849687 -0.67708647 40.0
-0.31119794 -1.57040465 -0.40148771 40.0
-0.70727575 1.11947894 -1.24286067 40.0
-0.53971767 -0.99089152 1.05097890 40.0
-0.54050368 -1.41299999 0.37319031 40.0
-0.59046942 1.49756908 -0.33902845 40.0
-0.18787669 -0.25562760 2.18185329 40.0
1.28389335 1.17977226 -0.05722956 40.0
-1.28801847 -0.41319346 -0.32362980 40.0
1.26107144 -0.27358708 -0.67608505 40.0
1.29718089 -0.84769958 -1.33837759 40.0
-1.31105483 -0.57994807 0.55104923 40.0
-1.01038861 0.05303928 1.19064415 40.0
-1.28668320 -0.90513426 1.04360330 40.0
-0.70850378 1.07857430 -1.25571036 40.0
-0.93814290 -1.11339915 -1.45112944 40.0
0.69200677 0.03673150 -1.20201015 40.0
0.71821606 0.81106395 -1.24200857 40.0
0.65040469 -0.68513769 -1.19678652 40.0
-1.20563054 -1.24141920 -0.02735645 40.0
1.24205196 1.23201287 -0.30142692 40.0
-1.32470846 -0.67252493 0.52680510 40.0
-1.13738394 1.34642673 0.71863121 40.0
0.52606046 0.60232419 1.19333875 40.0
-1.15561879 -0.19529013 1.04114985 40.0
1.31861591 -0.95704424 0.63282734 40.0
-1.31134522 -0.57994807 0.36303458 40.0
1.14408767 0.52471417 -1.17640924 40.0
-0.86297852 -1.19350421 0.80800444 40.0
-0.48558986 -1.54536569 -0.57732576 40.0
-0.93851960 -1.16150498 -1.29132605 40.0
1.31217337 0.48665965 0.56811398 40.0
1.18791270 -1.24121749 -0.54542398 40.0
0.87748182 1.25596309 -1.18754005 40.0
0.43046740 -1.34576321 0.54614574 40.0
-0.46470574 1.39502323 0.90371007 40.0
0.90133309 -0.83653307 1.13440549 40.0
-0.46879977 0.14612865 2.28551912 40.0
0.74840170 1.46037936 0.63531452 40.0
-0.99839675 -1.15685463 -1.32028878 40.0
0.80459541 0.40355659 1.62266934 40.0
-0.18196738 -0.02385193 2.32723165 40.0
0.29885170 -1.57040584 -0.34928071 40.0
0.93832964 0.94236863 -1.65592790 40.0
-0.75174421 0.44191730 -1.20048249 40.0
-0.53532523 1.51870716 0.44136995 40.0
1.29715466 -0.77948815 -1.27111530 40.0
-0.36832982 -1.56489336 -0.47877347 40.0
0.57343048 1.50322604 0.27070180 40.0
-0.94540161 1.11134684 -1.50527394 40.0
1.12591565 0.46685553 -1.17747259 40.0
-0.31900930 1.52968264 0.44127154 40.0
1.04807007 -1.34123254 -0.84015095 40.0
-0.51352322 -0.12994996 -1.20188093 40.0
-1.01833522 -0.11035836 1.17859256 40.0
1.10435665 -1.03543437 -1.67642856 40.0
1.28755927 -0.49001360 -0.08283616 40.0
-1.22850943 -0.34326193 -1.02254558 40.0
1.00805223 -0.98017949 1.05097890 40.0
1.32182181 -0.91991150 0.81681490 40.0
-1.03714240 -0.87045956 1.11512053 40.0
-1.16803229 0.91160846 0.96860117 40.0
0.29922682 1.51271033 0.04967024 40.0
1.05814219 -1.34136093 -0.29181525 40.0
-1.31071842 -0.77212119 0.98796368 40.0
0.93836313 1.41118538 0.74002981 40.0
0.75378877 0.53173310 -1.19928253 40.0
0.17577355 0.03709666 -1.20201015 40.0
0.18779199 0.47623998 -1.20026445 40.0
1.06148601 -1.34031653 0.25778389 40.0
-1.29542899 1.17977226 0.47524777 40.0
0.63331169 -0.25417694 2.05412364 40.0
-0.75488883 -0.72968584 1.19675398 40.0
0.89151645 0.52976292 -1.19928253 40.0
-1.32360661 -0.99284059 0.21492559 40.0
0.52120513 1.50084090 -0.57456040 40.0
0.97706831 -0.49553940 -1.19870126 40.0
0.68503588 0.51835406 1.21333683 40.0
-0.74048799 1.49013484 0.52591783 40.0
-1.28113341 1.18701708 0.80098575 40.0
-1.36500764 0.74578726 0.30318564 40.0
1.08613038 -1.18357718 0.80158323 40.0
-1.27913022 -0.27358708 -0.32346636 40.0
-1.04045498 -1.32568336 0.49280819 40.0
-0.11016164 -1.52197313 -1.14461112 40.0
-1.33435452 -0.74003410 0.34585446 40.0
1.15590727 0.65551388 1.03893924 40.0
0.17826919 -0.32654527 2.04551196 40.0
-0.67459977 1.49219215 0.24450395 40.0
0.42152655 -1.54779124 -1.06423342 40.0
-0.96531677 1.42530119 0.36555576 40.0
0.74541801 -0.02382349 1.84035325 40.0
-1.32574892 1.01235354 -0.29647651 40.0
-1.28347850 0.43084887 0.92910343 40.0
-1.33724737 -0.77936602 0.72236204 40.0
-1.25998771 -0.81389350 -1.52260816 40.0
0.47424895 -1.53847110 -0.13480584 40.0
-1.27930367 0.03561665 -0.31638536 40.0
1.26830232 0.94633174 0.92138433 40.0
-0.28035241 -0.74639380 -1.19466424 40.0
-1.33699512 0.52011144 0.56114233 40.0
-0.23594940 -1.54673123 -0.03355997 40.0
0.17456333 -1.24842203 0.73917216 40.0
-1.07192457 -1.34136212 0.06471197 40.0
0.66135538 1.48961639 0.17918855 40.0
-0.74924552 1.18282521 1.03987563 40.0
1.29093504 1.13706410 0.68939662 40.0
-0.28230312 -0.90664780 -1.21371269 40.0
0.76316047 1.36068451 -1.17581153 40.0
-1.33272886 0.83644754 -0.98043287 40.0
-1.18886673 1.28849375 -0.65277445 40.0
1.10435665 -1.03543437 -1.67642856 40.0
0.76141733 0.73334247 1.10911500 40.0
1.29802775 0.46149948 0.72558743 40.0
-1.32440424 1.05372024 0.29370317 40.0
-1.33869028 -0.88439929 0.71076506 40.0
1.28012443 0.29404545 0.78361350 40.0
-0.49823222 0.03694276 -1.20201015 40.0
0.99071956 0.46944764 -1.20026445 40.0
0.95611262 -1.18889189 0.80800444 40.0
-0.39489609 -1.53589201 -0.03344196 40.0
-1.06686938 -1.34136212 -0.44765612 40.0
-1.01776361 -0.89458036 -1.72692895 40.0
0.53310806 0.88069719 1.06809413 40.0
-0.58812284 1.49508524 -0.12875366 40.0
0.51861978 0.47493830 -1.20026445 40.0
1.29821682 0.37848464 -0.05838979 40.0
-1.02340007 -0.82252216 -1.59746969 40.0
1.26773250 0.29368117 0.89795202 40.0
-0.94362229 1.17752349 -1.34895241 40.0
-0.87772608 -0.10503996 1.48976803 40.0
-1.25288010 1.23201263 -0.30143145 40.0
-0.96498144 1.42530119 0.40345773 40.0
1.27263260 -0.27358708 0.15304892 40.0
-1.26717973 1.03143406 0.93104619 40.0
-0.58858085 1.50322795 0.29423490 40.0
-1.26389408 0.11849687 0.89682615 40.0
1.29088843 -0.99284059 -1.00988460 40.0
-1.35123491 0.56581390 0.56126893 40.0
0.92453790 -0.68040621 -1.20563388 40.0
-1.14508629 1.08382416 0.97796994 40.0
-0.28514242 -0.76986843 -1.19577742 40.0
0.07300099 -1.58007288 -0.80332333 40.0
-1.33014905 -0.91370142 0.94155318 40.0
-0.20360129 -0.91968310 1.09332049 40.0
1.35585463 0.69539958 0.13759585 40.0
0.19192450 -0.73410529 1.20041597 40.0
-1.23182070 0.20330776 0.98758054 40.0
-0.67456955 1.49262083 0.27492085 40.0
1.14242852 -1.28419781 -0.23554412 40.0
-1.32015240 1.01340079 0.71950233 40.0
-1.12591302 -0.96308964 -1.76772416 40.0
1.23630106 1.23087585 -0.63817447 40.0
0.50654316 1.51007044 0.32613191 40.0
-1.32186878 -0.99284059 -0.03906311 40.0
-1.17531013 0.81857222 1.00059962 40.0
1.26093113 -0.67778319 -1.00706196 40.0
1.27177966 -1.15352595 -0.27065378 40.0
-0.66237926 -0.68513709 -1.19678700 40.0
0.52336258 -1.06646967 0.98601431 40.0
-1.03415740 -0.90743798 1.09332049 40.0
-0.48072878 -1.54546165 -0.93310934 40.0
-0.52537078 0.55497789 1.23049879 40.0
-1.14714396 -0.12026151 1.04177856 40.0
1.13571513 1.33918190 0.13809334 40.0
0.86266577 -1.40299940 0.30091015 40.0
-1.31947196 -0.81193960 -0.98789185 40.0
1.28986096 1.10224116 0.82925582 40.0
-0.41908512 -1.48776150 0.15575698 40.0
-0.08362341 -1.58007205 -0.92972261 40.0
-0.77371585 0.87744850 1.06403267 40.0
-0.08438645 -1.58007205 -0.47877347 40.0
1.30206490 -0.92094624 -1.01289642 40.0
-0.08423609 -1.58007205 -0.58646715 40.0
0.64244533 -1.47876465 0.08789228 40.0
-0.58858085 1.50322795 0.27070180 40.0
-0.69600326 0.14492905 2.04096031 40.0
1.26911795 -0.20253494 -0.07243436 40.0
-0.63906944 -0.18174429 2.13960981 40.0
0.87500316 1.13685834 1.02561533 40.0
1.27253413 0.20256752 -0.05839336 40.0
-1.11664474 -1.07133007 -1.60157716 40.0
0.18655564 0.38880786 -1.20078957 40.0
1.33329797 0.74678296 -0.97431916 40.0
0.26667896 -1.09117913 -1.20616245 40.0
1.19108033 -1.24141920 -0.36398220 40.0
1.34905505 0.79016417 0.30301857 40.0
-1.25538683 1.11420393 0.91904557 40.0
-1.29023635 0.64658535 1.03626859 40.0
-1.14633477 0.12574169 1.05523884 40.0
1.32901514 -0.88439929 0.37402499 40.0
-0.31060344 1.51982248 0.24083757 40.0
1.28411973 0.71364278 0.99745375 40.0
-1.31979382 -0.98559576 0.90095103 40.0
1.35233521 0.62926483 0.30297092 40.0
1.27218640 0.03561665 0.62206930 40.0
-0.45186055 1.52409899 0.44127154 40.0
1.30916095 -0.84769958 -0.99466527 40.0
-0.76448452 0.14427309 1.82645965 40.0
0.96218777 0.45483449 1.26493692 40.0
1.32784772 -0.77936602 0.50569665 40.0
1.27712417 -0.49048379 -0.67463231 40.0
-1.10678375 -0.12818980 -1.17902780 40.0
1.29404032 -0.88439929 -1.36175978 40.0
-1.32944393 -0.95704424 0.63282734 40.0
1.30016601 -1.06671059 0.57078868 40.0
-1.32517886 0.97053319 -0.60927278 40.0
-0.90568846 -1.02062297 1.02346575 40.0
1.06065392 -1.34136093 -0.02350283 40.0
1.33153081 0.92737567 0.30138788 40.0
1.26851392 -0.12750633 -0.06473286 40.0
-0.94362229 1.17752349 -1.34895241 40.0
-1.32683671 -0.77936602 -0.64569813 40.0
-0.11775873 1.52431238 0.29423490 40.0
1.10839963 -1.26899815 0.61082423 40.0
0.40228155 -1.55881894 -0.34928071 40.0
-0.48532826 0.32444048 2.20566487 40.0
1.30664778 0.46371841 -0.05869029 40.0
-0.68256360 0.49323753 1.32676876 40.0
-1.31432045 -1.02168143 0.87091988 40.0
1.24871576 -0.41215867 0.96256399 40.0
-1.31518781 0.43308070 -0.05854994 40.0
0.49456573 -1.51888239 -0.01968593 40.0
1.10828638 -0.77021182 -1.43981051 40.0
-0.70184714 -1.16974866 -1.19645333 40.0
-1.27228618 0.58270031 1.06340373 40.0
-1.14340234 -0.04039410 1.04576492 40.0
1.10253859 -1.16848767 -1.22930205 40.0
0.42654482 1.52039254 0.37297463 40.0
-0.27767915 -1.09117866 -1.20616245 40.0
-1.26526928 0.48882601 -1.02307415 40.0
-1.32056546 0.92737246 -0.98588252 40.0
-1.33026183 1.01235807 0.41458601 40.0
-1.36408186 0.74578786 0.44364926 40.0
0.63791853 -1.50191700 -0.51544029 40.0
-0.43987522 1.51472080 0.27070180 40.0
-0.71976507 -0.80301988 -1.23909533 40.0
1.31298411 -0.95704424 -0.33893067 40.0
-0.76448452 0.14427309 1.82645965 40.0
-0.62612706 1.40424991 -1.16083205 40.0
1.31235504 -0.99284059 0.68333322 40.0
-1.33986652 -0.88439929 0.52209044 40.0
-1.29472136 1.17977226 -0.05722956 40.0
-1.00065184 -1.14276266 0.87604332 40.0
0.73739302 1.14099717 1.05421913 40.0
1.07612979 -1.20495725 -1.16770101 40.0
-0.51653135 -0.27940661 -1.20121062 40.0
-1.29088473 1.05372012 -1.32817912 40.0
-1.34105074 -0.84769958 0.12768351 40.0
-0.92237037 0.78213245 1.08531833 40.0
1.23807693 -1.19911861 -0.14460748 40.0
-1.32760048 -0.95704424 -0.03772920 40.0
1.26830232 0.94633174 0.92138433 40.0
1.30211246 -0.67487597 -0.66895711 40.0
-0.18687397 0.12211444 -1.20190656 40.0
0.94492877 -1.21481907 -1.18537831 40.0
-1.31811345 0.46299392 0.46799648 40.0
-1.33762443 -0.88439929 -0.09063096 40.0
0.62415922 -1.40826643 0.37264761 40.0
-0.52792537 -1.26960516 -1.17649400 40.0
-0.89403456 1.15191185 -1.32286775 40.0
0.84729314 -0.12917700 -1.20188093 40.0
-1.31518781 0.43308070 -0.05854994 40.0
1.08908999 -1.28613722 -1.05303013 40.0
-0.86928731 -0.02465633 1.50247836 40.0
1.27142608 -0.27358708 -0.07801174 40.0
-1.20563054 -1.24141920 -0.02735645 40.0
-1.33563125 -0.84045476 0.97660577 40.0
1.32778394 0.52118444 -0.05868565 40.0
-0.36952603 -1.55822730 -0.15371791 40.0
1.03340161 0.51063973 1.10748053 40.0
-0.90186536 -1.05900431 0.98601431 40.0
-1.25042892 -1.19187367 0.64868963 40.0
-1.35189772 0.74682403 0.77535760 40.0
1.31366611 0.57176328 0.96960783 40.0
-1.31289268 -0.92094624 -1.01290309 40.0
0.74438351 1.05676091 1.06639814 40.0
1.27513146 -1.15352595 0.08930634 40.0
-0.74143618 1.22741783 1.02373791 40.0
0.87882936 1.18169558 -1.27676022 40.0
-1.14589131 1.30945039 0.85298985 40.0
-1.14326453 0.88842291 -1.74987900 40.0
-1.34381998 0.83750534 0.74448556 40.0
1.23083758 -0.95861828 -1.65424657 40.0
1.22293425 0.53634387 1.07952809 40.0
-0.36685553 -1.56489336 -0.69767278 40.0
-0.89403456 1.15191185 -1.32286775 40.0
0.71209311 -1.36069667 -1.17190993 40.0
0.92249554 -1.23169172 0.73917216 40.0
-1.25104225 -1.19808364 0.50212264 40.0
-0.54364687 0.53373194 -1.19928253 40.0
1.28755927 -0.49001360 -0.08283616 40.0
0.53334892 -0.87994486 1.11512053 40.0
1.34106958 0.74682391 0.77535671 40.0
-0.77686518 0.49140465 1.23548257 40.0
1.34905505 0.79016417 0.30301857 40.0
-0.94716555 1.07071233 -1.57008052 40.0
-0.75174421 0.44191730 -1.20048249 40.0
-0.76138061 0.06041470 1.83971334 40.0
-0.31023902 -1.57040465 -0.58646715 40.0
1.31974304 1.01235473 0.29594800 40.0
1.13149393 1.33912504 -0.30534440 40.0
0.87572664 0.47138897 -1.20026445 40.0
-1.29491460 1.14327419 0.81596375 40.0
-0.43987522 1.51472080 0.27070180 40.0
-1.10236108 0.54475051 1.11249554 40.0
0.20906796 -1.57599974 -0.34928071 40.0
0.98215556 -1.07669449 -1.59499085 40.0
-1.06896651 -1.34136212 -0.29181722 40.0
0.18491125 0.52172565 1.26938784 40.0
-0.77569216 0.83025098 1.08641446 40.0
-1.13738394 1.34642673 0.71863121 40.0
1.23626864 0.29428485 0.99122322 40.0
1.25519621 1.03143144 0.93103391 40.0
-0.64781827 -1.50192940 -0.63741189 40.0
1.19118094 0.38222498 1.06543314 40.0
0.63978702 -1.50191700 -0.31156236 40.0
1.28156567 -0.41319346 0.14474246 40.0
-0.41649640 -1.55787778 -0.23698701 40.0
0.35382000 -1.56489348 -0.58646715 40.0
-0.17449337 1.39873672 0.88685393 40.0
-1.33762443 -0.88439929 -0.09063096 40.0
-1.29050446 1.13670647 -0.95729905 40.0
-0.91878808 -0.87381244 1.11512053 40.0
-1.15572345 -1.28419781 0.05152043 40.0
-1.34660137 0.88257760 -0.05802352 40.0
-1.34763992 0.88258952 0.44005728 40.0
1.07211113 1.37946844 -0.30862933 40.0
-0.49552682 -0.39784887 1.86326444 40.0
1.29782712 -0.81203580 -1.30788994 40.0
1.26598501 -0.20253494 -0.32161516 40.0
0.07274585 -1.58007288 -0.92972261 40.0
-0.48781693 -1.54438162 -0.22200842 40.0
0.75854975 0.87744904 1.05928874 40.0
-0.19367614 -0.47763604 1.71079612 40.0
-0.71462488 -0.90433455 -1.26981664 40.0
-1.30456710 0.43076962 0.79198802 40.0
0.84843630 -0.68275011 -1.20093930 40.0
0.66062236 1.48474228 -0.12672338 40.0
1.12543404 -0.85303658 -1.67884755 40.0
0.39860302 -1.55885780 -0.80375206 40.0
1.24797308 -0.78339994 -1.45188272 40.0
-1.33438146 -0.74003410 0.51103503 40.0
1.30107498 0.43308070 -0.31359249 40.0
1.13773310 0.73514050 -1.39675343 40.0
1.27430058 1.17948794 -0.61799526 40.0
-0.86029178 1.45302618 0.62629807 40.0
-1.26526928 0.48882601 -1.02307415 40.0
0.50615686 1.51497579 0.37312022 40.0
-1.04970562 0.63537073 -1.20246851 40.0
-0.65105110 -1.50192940 -0.31158650 40.0
-1.01275074 -0.93155873 -1.75868154 40.0
1.28350103 0.29472369 -0.05835605 40.0
-0.73180962 1.31539893 -1.17780197 40.0
1.30009806 -0.57994807 0.13662463 40.0
1.14518332 -0.97596627 1.04458547 40.0
-1.31089878 1.13602936 0.13789968 40.0
-0.47852364 1.49368727 -0.80812109 40.0
0.50660753 1.50925291 0.27070180 40.0
-1.29023635 0.64658535 1.03626859 40.0
-0.71900147 -0.83150285 -1.25115049 40.0
0.66869879 -0.47480828 1.64210093 40.0
-1.01802647 -1.05492258 0.98601431 40.0
-1.23815668 -1.19796205 -0.76785594 40.0
0.20934625 -1.57503915 -0.23714320 40.0
0.29629916 -1.57040584 -0.80332333 40.0
0.40198189 -1.55881894 -0.40148771 40.0
-1.33777392 0.92740321 0.63657397 40.0
-1.33925629 -0.88439929 0.15712756 40.0
-0.75244904 1.14099634 1.05421591 40.0
0.94349545 -0.82571107 -1.52110672 40.0
1.02033186 0.80181110 -1.58885312 40.0
1.26832438 -1.15336025 -0.47427636 40.0
-1.30337965 0.48616061 0.86160457 40.0
-1.18656468 1.29716086 0.76838201 40.0
-0.94796360 -1.32550752 0.53844482 40.0
-1.00718784 0.43844897 -1.20048249 40.0
0.39873651 1.44410861 -1.10581744 40.0
0.68733311 -1.42885077 -1.16833520 40.0
-1.01024342 -0.76418668 1.15237975 40.0
-1.33883417 0.79036218 -0.97556001 40.0
0.88182515 -1.42088366 0.07688312 40.0
-0.54364687 0.53373194 -1.19928253 40.0
1.00977468 0.96273214 1.00148523 40.0
1.06926990 0.39274797 1.18085504 40.0
1.32969105 -0.81201136 0.61336374 40.0
-0.52537078 0.55497789 1.23049879 40.0
-1.33777392 0.92740321 0.63657397 40.0
0.52589542 1.01788580 1.06824028 40.0
-1.26526928 0.48882601 -1.02307415 40.0
-0.78452390 -0.18054765 1.78114545 40.0
1.31387925 0.48796776 -0.05872319 40.0
-0.97409999 -1.18889332 0.80800444 40.0
1.31974304 1.01235473 0.29594800 40.0
-0.79765940 -0.59079224 -1.19709015 40.0
1.28407872 0.29438329 0.62029272 40.0
-1.31804097 -1.02892625 0.46363416 40.0
-1.33484805 0.74863666 -1.26177871 40.0
1.14528501 -1.28419781 0.14953271 40.0
-1.34626007 0.56540298 0.67958069 40.0
0.76518440 1.38490057 0.88043255 40.0
-0.19750512 0.38880765 -1.20078957 40.0
1.25513268 0.20235901 0.89670867 40.0
0.15529223 -1.34923291 0.54614574 40.0
-1.33014905 -0.91370142 0.94155318 40.0
1.16203594 0.77389818 1.00447583 40.0
-1.30729425 -0.95704424 -1.01475728 40.0
-1.33272886 0.83644754 -0.98043287 40.0
1.14854193 0.47771773 1.12906837 40.0
-0.72709018 -1.19768918 0.80800444 40.0
-1.31979382 -0.98559576 0.90095103 40.0
-0.54459208 0.66757518 1.17745006 40.0
1.14025295 -1.28419781 -0.39991868 40.0
1.29877579 -0.57994807 -0.09171984 40.0
-0.65927857 1.38992441 0.90009540 40.0
0.93216228 1.38648713 -1.13827503 40.0
0.52079213 -1.10914421 0.93680608 40.0
1.32239318 -0.77936602 -0.35237485 40.0
-1.32893968 -0.81201136 -0.64525938 40.0
-1.33482051 -0.92094624 0.20026037 40.0
-1.09772062 -1.14985037 -1.33310199 40.0
0.86277527 -0.10504047 1.48964596 40.0
0.49340320 0.49509811 1.39217687 40.0
-0.19585972 0.52172536 1.26939666 40.0
-1.24676001 -1.19911861 -0.32261789 40.0
-0.52006745 -0.42223924 -1.19981492 40.0
-0.83781880 1.39371037 -1.16054165 40.0
-0.86849475 -0.20539103 -1.20162404 40.0
0.26818818 1.15923905 -1.19578540 40.0
1.34650421 0.79017019 0.55781120 40.0
-0.48708043 -1.54536569 -0.38991404 40.0
0.90717298 0.69756788 -1.21140015 40.0
0.99566025 0.98224336 -1.75840950 40.0
0.26615635 -1.15158939 -1.18865705 40.0
1.31852984 -0.95704424 0.22565907 40.0
1.33858621 0.83644754 -0.29755104 40.0
-1.04857457 0.51064140 1.12121308 40.0
-1.34051895 -0.81201136 0.61336374 40.0
-1.34195495 0.56784219 -0.66827869 40.0
0.57343048 1.50322604 0.29423490 40.0
-1.14211917 -1.28399599 -0.81731039 40.0
0.63655627 -1.50191700 -0.63739574 40.0
-1.30486703 -0.88439929 -1.36179066 40.0
1.00704217 0.52759182 -1.19928253 40.0
0.10685834 1.52512825 0.32611111 40.0
0.52011687 1.51870728 0.44136995 40.0
-1.30363011 -1.10842133 0.50294513 40.0
0.79287511 1.46902287 0.36898321 40.0
-0.86029178 1.45302618 0.62629807 40.0
0.07366422 -1.58007288 -0.34928071 40.0
0.59405166 -1.49583888 -1.13627625 40.0
-1.31955814 1.05372012 -0.29619479 40.0
0.26959068 1.03902543 -1.20820749 40.0
1.26830232 0.94633174 0.92138433 40.0
-1.29432917 0.29472369 -0.05835605 40.0
1.29170251 -1.10842133 -0.00822394 40.0
-0.88174289 -0.72716641 1.18842351 40.0
0.76257849 1.45372319 -0.97676170 40.0
-0.86728674 -1.18854344 -1.20014060 40.0
0.89453399 -0.94760537 1.07234359 40.0
0.51595074 1.18717718 1.04512393 40.0
0.57345504 1.50278294 0.24083757 40.0
1.28408706 1.14327288 0.81595743 40.0
-1.36316335 0.62926483 0.30297092 40.0
-0.62912911 -0.10525804 2.18635368 40.0
-0.19099763 -0.39883462 1.88608539 40.0
1.31451285 0.48731124 0.44580525 40.0
-1.10236108 0.54475051 1.11249554 40.0
-0.65612870 -0.32465434 1.93372476 40.0
-1.28336239 0.20256752 -0.05839336 40.0
1.28765500 -1.06659067 -0.68985856 40.0
1.01974106 0.57352215 -1.19840944 40.0
-1.35966051 0.69524533 0.66882080 40.0
-1.13441360 -0.58383405 -1.17349482 40.0
-1.32614136 0.48780361 0.30569872 40.0
-0.19840731 0.44481179 -1.20048249 40.0
-1.28358531 0.11849687 0.17703676 40.0
0.86575341 1.37936330 0.86195451 40.0
0.27413747 -0.76986879 -1.19577742 40.0
-0.70727575 1.11947894 -1.24286067 40.0
-1.27913022 -0.27358708 -0.32346636 40.0
0.95444226 1.42243278 0.10386693 40.0
1.25935638 -0.04763892 -0.67705280 40.0
-1.35353744 0.74631828 -0.62049693 40.0
1.32966530 -0.84769958 0.71025527 40.0
1.29018974 0.97053319 -1.36991227 40.0
0.72328180 0.77420837 -1.22977829 40.0
-0.90940189 -0.58876711 -1.19709015 40.0
1.08133364 1.34121120 -1.00093269 40.0
1.24871576 -0.41215867 0.96256399 40.0
-0.70144254 -1.14863527 -1.21419835 40.0
1.24871576 -0.41215867 0.96256399 40.0
1.28986096 1.10224116 0.82925582 40.0
-0.54283273 -0.77248359 1.16256011 40.0
1.16657329 -0.33547801 1.04559529 40.0
-1.13492239 -0.65629458 1.05684114 40.0
-0.80483103 1.46568382 0.19991493 40.0
0.50615686 1.51497579 0.37312022 40.0
0.52606046 0.60232419 1.19333875 40.0
-0.43562251 -1.54779339 -1.06423378 40.0
-0.19585972 0.52172536 1.26939666 40.0
-1.31773484 -0.88439929 -1.00380743 40.0
-0.58858085 1.50322795 0.29423490 40.0
0.89784890 -0.80028087 1.14952624 40.0
-1.28373384 0.11849687 0.41124940 40.0
-0.99092036 1.34794497 -1.15330458 40.0
-1.25042892 -1.19187367 0.64868963 40.0
1.28481293 0.37648395 0.86867452 40.0
0.69653726 1.07857525 -1.25569689 40.0
1.31562757 0.97159451 0.72997856 40.0
-0.44005039 1.50718653 0.04967024 40.0
-1.06389034 -0.39652649 1.13836288 40.0
-0.48967129 -0.32574838 2.01756239 40.0
-0.24685578 1.26853049 -1.18021595 40.0
-0.23594940 -1.54673123 -0.03355997 40.0
1.27712417 -0.49048379 -0.67463231 40.0
1.24424219 0.43384615 -1.02349305 40.0
-0.11779211 1.52116740 0.17612317 40.0
-0.27767915 -1.09117866 -1.20616245 40.0
1.19594777 -1.24038434 0.43613893 40.0
-1.02234495 -1.01669240 1.02346575 40.0
-1.16503108 0.76015633 -1.49262333 40.0
1.34887028 0.79016316 0.13764781 40.0
1.30047894 -1.06671059 0.25062737 40.0
0.87844831 -1.42198527 -0.39475957 40.0
-1.29241788 0.46161678 0.88582337 40.0
1.19560361 -1.23417568 0.58033061 40.0
1.11607945 -1.13768995 0.86963922 40.0
-0.71016276 1.03625190 -1.26421642 40.0
-1.25104225 -1.19808364 0.50212264 40.0
-0.18689254 0.03709663 -1.20201015 40.0
0.07360608 -1.58007288 -0.40148771 40.0
-1.16051316 -0.97596747 1.04459035 40.0
0.67335361 1.43376100 -1.10552704 40.0
1.02144361 1.29822373 -1.15420604 40.0
-0.98499095 -0.34650955 -1.20061624 40.0
-0.61982942 -1.47207594 0.14796242 40.0
-1.22850943 -0.34326193 -1.02254558 40.0
1.20919049 0.11873291 -1.02467954 40.0
1.27374911 0.20256752 0.17704357 40.0
-1.29555643 0.29472369 0.17705570 40.0
-0.43987522 1.51472080 0.27070180 40.0
0.90258628 1.30539525 -1.17780197 40.0
1.27287602 0.03561665 0.17703377 40.0
-1.36210096 0.69557101 -0.30287886 40.0
-0.90552193 -0.74189848 -1.22235417 40.0
-1.31660879 0.43289199 0.35390767 40.0
-1.30577838 0.37848464 -0.31541038 40.0
-1.25997353 -0.78339976 -1.45189989 40.0
0.42140165 -1.37030101 -1.17191124 40.0
-1.31139112 -1.06671059 0.47562701 40.0
-1.29265356 -0.41319346 0.37673253 40.0
1.29216647 1.05372012 -0.97458494 40.0
-1.28512859 1.17948782 -0.61800325 40.0
-1.34820127 0.88258052 0.30230135 40.0
-0.90427977 -0.76711971 1.16052401 40.0
-0.15451583 1.44794953 -1.10581744 40.0
-0.52124476 1.51497567 0.37312022 40.0
-1.28470099 -1.15352595 -0.08344775 40.0
-1.02205777 -0.79422778 -1.51749396 40.0
0.52120513 1.50084090 -0.57456040 40.0
-1.28293800 -0.34272152 -0.32381403 40.0
0.26631427 -1.17275810 -1.18159723 40.0
1.11919677 -0.58383298 -1.17347705 40.0
-1.30892551 1.01235354 -0.98046547 40.0
-0.48649541 -1.54536569 -0.46833071 40.0
-1.20043981 1.25173461 0.87499034 40.0
-0.48072878 -1.54546165 -0.93310934 40.0
-1.15955162 0.79729283 -1.59590375 40.0
-0.92913562 0.57587469 -1.19840944 40.0
1.30873001 1.05372012 -0.29619479 40.0
-1.36682916 0.69538701 0.30316430 40.0
-0.53971767 -0.99089152 1.05097890 40.0
-1.24972260 -0.66528010 0.98224974 40.0
1.30664778 0.46371841 -0.05869029 40.0
-1.04352188 0.76517743 -1.48932922 40.0
1.23083758 -0.95861828 -1.65424657 40.0
-1.29645813 1.17977226 0.29150763 40.0
0.47516796 -1.54437470 -0.22199734 40.0
1.34950542 0.74589336 -0.29973668 40.0
-1.35241079 0.69621652 0.79197061 40.0
1.33270073 0.88260651 0.64222753 40.0
-0.41908512 -1.48776150 0.15575698 40.0
-0.90001386 -0.93841523 -1.45368874 40.0
1.30056310 -1.06671059 0.47562701 40.0
-0.20415121 -0.80793852 1.14993358 40.0
1.13149393 1.33912504 -0.30534440 40.0
-0.58875406 1.50012612 0.17612317 40.0
-1.28622580 0.90146172 0.91873646 40.0
1.20919251 -0.76328760 -1.38655329 40.0
0.90955985 -0.65608382 1.22684312 40.0
1.26832438 -1.15336025 -0.47427636 40.0
-1.23148978 -1.06694281 -1.51906466 40.0
0.75893456 1.42853999 -1.10436559 40.0
1.10713923 -0.99911547 -1.73417366 40.0
-1.10236108 0.54475051 1.11249554 40.0
-0.47261930 1.37063301 -1.17581153 40.0
0.92042655 0.74490750 -1.28282070 40.0
0.35382000 -1.56489348 -0.58646715 40.0
-0.12775227 1.50314748 -0.80812109 40.0
0.60007226 -1.36544752 -1.17191124 40.0
-1.06389034 -0.39652649 1.13836288 40.0
0.37386951 -1.55347371 -1.06252670 40.0
1.33709836 0.88257760 0.13770822 40.0
-0.20287742 -0.73410499 1.20041597 40.0
0.74792331 -1.02419114 1.02346575 40.0
-0.81552386 1.33485615 0.95457822 40.0
1.32562578 -0.77936602 -0.11614179 40.0
-1.36316335 0.62926483 0.30297092 40.0
0.10677145 1.51605785 -0.12875366 40.0
-1.18656468 1.29716086 0.76838201 40.0
-1.06290698 -1.22615278 0.73273826 40.0
-0.48708043 -1.54536569 -0.38991404 40.0
-0.85410815 0.55085701 1.14776468 40.0
-1.30974436 -0.57994807 0.69195032 40.0
-1.31130695 -1.06671059 0.25062737 40.0
-0.44005039 1.50718653 0.04967024 40.0
0.61084706 -1.43351364 -1.16837323 40.0
-1.33619285 -0.84769958 -0.35153431 40.0
-0.72099811 0.70016563 -1.20030487 40.0
0.64082634 -1.50082695 -0.12216166 40.0
1.30390716 0.97053319 -0.98440021 40.0
0.20768303 0.58175361 -1.19840944 40.0
-1.36225605 0.62911367 0.44282511 40.0
-1.34631681 0.88259983 0.55131489 40.0
-0.65250158 -1.49429679 -0.02369431 40.0
-1.25035775 0.37915856 -1.02380300 40.0
1.07211113 1.37946844 -0.30862933 40.0
0.73975611 -0.72968632 1.19675469 40.0
1.26029718 0.58269805 1.05058444 40.0
-1.24818182 -0.92246020 -1.65520084 40.0
0.95865911 1.42130339 -0.64276618 40.0
0.70342523 0.94930768 -1.26728141 40.0
1.29479408 0.71318251 -1.23020315 40.0
-1.32449317 0.57176453 0.96961433 40.0
-1.10433829 0.20401753 -1.17886770 40.0
1.00805223 -0.98017949 1.05097890 40.0
0.74831611 1.01414394 1.06299531 40.0
-1.28801847 -0.41319346 -0.32362980 40.0
-0.77371585 0.87744850 1.06403267 40.0
-1.26102221 1.07285964 0.92846382 40.0
0.49243268 -0.47644472 1.69362223 40.0
1.25490451 1.17980969 -0.96647298 40.0
-0.71851051 -1.40368104 0.37047657 40.0
-1.36316335 0.62926483 0.30297092 40.0
1.30589592 1.09499764 0.48552349 40.0
-1.31872988 0.46371841 0.14367895 40.0
-0.95957869 -0.86074907 -1.57996595 40.0
1.20919049 0.11873291 -1.02467954 40.0
0.18745728 0.44481203 -1.20048249 40.0
-0.70696127 0.03673147 -1.20201015 40.0
1.23807693 -1.19911861 -0.14460748 40.0
1.26289141 -1.10508704 -1.27138519 40.0
-1.20563054 -1.24141920 -0.02735645 40.0
1.33709836 0.88257760 0.13770822 40.0
-1.33420718 -0.87715447 0.96001470 40.0
-1.28016889 0.20256752 -0.31630784 40.0
-0.89708954 1.09493124 1.03511202 40.0
1.26830232 0.94633174 0.92138433 40.0
-0.67402518 1.48474705 -0.12672503 40.0
0.69607031 -0.97865915 -1.27512193 40.0
-0.71441430 -0.18117493 1.99071777 40.0
-1.35733235 0.79017019 0.55781120 40.0
-0.19585972 0.52172536 1.26939666 40.0
1.12160122 0.93350554 -1.77668047 40.0
0.29903370 -1.57040584 -0.30071750 40.0
-1.35522187 0.79018450 -0.29815245 40.0
1.31387925 0.48796776 -0.05872319 40.0
-1.22565401 -0.12647136 0.97937948 40.0
0.19191799 -0.95671260 1.07234359 40.0
-0.64781827 -1.50192940 -0.63741189 40.0
-1.02536988 0.52759254 -1.19928253 40.0
-1.00214171 1.19341362 -1.29877710 40.0
-0.90971625 0.52976286 -1.19928253 40.0
0.07785933 -1.56845307 -1.06210005 40.0
1.29404032 -0.88439929 -1.36175978 40.0
-1.33684444 -0.81097639 0.84426874 40.0
0.19340810 -0.84454775 1.13440549 40.0
-1.29688060 -1.10830140 -0.43535778 40.0
0.69219267 -0.56648999 1.46868753 40.0
-1.33859909 -0.81201136 -0.11604233 40.0
-0.96543229 1.42513156 0.32211548 40.0
-0.94023621 -1.23169315 0.73917216 40.0
1.32480347 -0.84045607 0.97659600 40.0
-0.11016164 -1.52197313 -1.14461112 40.0
1.30349255 -1.02168274 0.87091005 40.0
0.17917506 1.28909612 0.99063975 40.0
-1.32037640 0.51988810 0.84201622 40.0
0.52149826 0.49974805 -1.19991493 40.0
-0.93558735 0.74490696 -1.28283477 40.0
-0.88812250 0.38480848 -1.20078957 40.0
0.63824642 0.64267534 -1.19787002 40.0
1.26824880 -1.06604373 -1.30758095 40.0
-1.28603780 1.09512973 -1.29384613 40.0
0.30794826 1.51179302 -0.57386810 40.0
1.22099054 0.20330757 0.98758036 40.0
-1.02340007 -0.82252216 -1.59746969 40.0
1.30932438 1.01340055 0.71950144 40.0
1.28156567 -0.41319346 0.14474246 40.0
-0.70803684 -0.97865832 -1.27513802 40.0
0.66062236 1.48474228 -0.12672338 40.0
-1.29947054 -0.49001360 0.57261264 40.0
0.91430992 -1.34879172 -1.15747428 40.0
1.32903838 -0.88439929 0.52209044 40.0
-0.31900930 1.52968264 0.44127154 40.0
-0.73936009 0.74767613 -1.21855521 40.0
0.19264796 -0.91968352 1.09332049 40.0
-1.20673573 -1.24141920 0.20933411 40.0
1.22293425 0.53634387 1.07952809 40.0
-1.20643151 -1.23417437 0.58034056 40.0
-0.08362341 -1.58007205 -0.92972261 40.0
-1.33867586 -0.77936602 0.50569665 40.0
1.11607945 -1.13768995 0.86963922 40.0
-1.01443946 0.49398383 -1.19991493 40.0
-1.28512859 1.17948782 -0.61800325 40.0
1.29821682 0.37848464 -0.05838979 40.0
1.27971029 -0.83176535 1.08456826 40.0
1.29760075 -1.05946708 0.82983613 40.0
-0.93737525 0.40046924 1.39504015 40.0
0.73739302 1.14099717 1.05421913 40.0
0.27354527 -0.78453070 -1.19951761 40.0
-0.51560950 -0.20671247 -1.20162404 40.0
1.27135324 -1.10727417 -1.01023948 40.0
-1.27309144 -1.15269744 -0.73775494 40.0
-0.95671880 0.03629391 -1.20201015 40.0
0.49340320 0.49509811 1.39217687 40.0
1.24424219 0.43384615 -1.02349305 40.0
0.72229773 0.30087259 -1.20125282 40.0
1.31217337 0.48665965 0.56811398 40.0
0.95336992 1.42297053 -0.32114986 40.0
1.27468228 -0.90513533 1.04358983 40.0
1.24802661 -1.09292579 0.88716525 40.0
-0.67459977 1.49219215 0.24450395 40.0
0.96696055 -0.34650913 -1.20061624 40.0
-1.33563125 -0.84045476 0.97660577 40.0
0.63265592 -1.49602938 -1.07127380 40.0
-1.28470099 -1.15352595 -0.08344775 40.0
0.17076221 1.34820104 0.96332902 40.0
1.30682218 -0.77900797 -0.98106468 40.0
-0.51949531 0.30203772 -1.20125282 40.0
-1.28181303 -0.04763892 0.17566615 40.0
0.50675976 1.50613868 0.17612317 40.0
1.14528501 -1.28419781 0.14953271 40.0
-1.34205997 0.92737246 0.13773839 40.0
1.18080854 0.50239676 1.10720444 40.0
-1.30974436 -0.57994807 0.69195032 40.0
0.69082314 -1.08838391 -1.24868429 40.0
0.48361960 -0.39784920 1.86327052 40.0
-0.77284825 -0.80306137 1.14993358 40.0
-1.36300981 0.62931520 0.13756597 40.0
0.47516796 -1.54437470 -0.22199734 40.0
-0.70803684 -0.97865832 -1.27513802 40.0
-0.86515272 -0.12917699 -1.20188093 40.0
-1.34381998 0.83750534 0.74448556 40.0
0.92042655 0.74490750 -1.28282070 40.0
-0.90522796 0.94581199 -1.45093429 40.0
-1.33158410 0.51953518 0.68539906 40.0
-0.86515272 -0.12917699 -1.20188093 40.0
-1.30443144 0.43308070 -0.67586124 40.0
0.68708718 -1.24081242 0.73917216 40.0
-1.32381213 -0.95704424 -0.33893067 40.0
0.52054417 1.10296834 1.06896389 40.0
-1.32186878 -0.99284059 -0.03906311 40.0
-1.08688784 1.37969708 0.27837157 40.0
1.22316742 1.13584685 -1.42311728 40.0
0.86709619 -0.49741179 -1.19870126 40.0
0.95611262 -1.18889189 0.80800444 40.0
-0.67751247 1.50391901 0.44669876 40.0
-0.28338552 -0.86900157 -1.21076381 40.0
-1.27691340 -0.97714955 1.00135446 40.0
0.71821606 0.81106395 -1.24200857 40.0
0.93779498 -0.89802867 -1.62596393 40.0
0.66081357 1.49351144 0.33185688 40.0
0.45676368 0.14612880 2.28552794 40.0
0.27354527 -0.78453070 -1.19951761 40.0
-1.31473505 0.97053319 -0.98440671 40.0
0.26992935 -0.94413781 -1.21673632 40.0
0.97251993 -1.17952728 -1.22958887 40.0
-1.27964008 0.20243186 0.78358483 40.0
0.91176033 -0.39257362 1.33887732 40.0
-0.70581895 -1.01528192 -1.26766729 40.0
0.93836313 1.41118538 0.74002981 40.0
1.32601655 -0.81097656 0.84426743 40.0
1.31357598 1.05372024 0.29370317 40.0
0.91176033 -0.39257362 1.33887732 40.0
1.27294016 0.29472369 -0.67670286 40.0
1.35218167 0.62931520 0.13756597 40.0
0.68503588 0.51835406 1.21333683 40.0
0.91674030 1.21801639 -1.21945202 40.0
1.27596247 -0.34272152 0.59940845 40.0
-0.69852608 1.45992339 -0.99108660 40.0
-1.31890225 0.46353728 0.31921676 40.0
1.19325912 -1.24141920 -0.19324161 40.0
-0.77183503 -0.91411269 1.09332049 40.0
0.74831611 1.01414394 1.06299531 40.0
-1.09093189 -1.20495939 -1.16770840 40.0
-0.64457643 -1.49603832 -1.07129300 40.0
-0.92482233 -1.25581396 -1.17649400 40.0
1.35270345 0.74578708 -0.05832362 40.0
0.07300099 -1.58007288 -0.80332333 40.0
-1.32037640 0.51988810 0.84201622 40.0
1.13014007 -1.09229386 0.93041217 40.0
0.86575341 1.37936330 0.86195451 40.0
0.48649839 1.50814676 0.53129661 40.0
0.63205725 0.32319474 2.10431838 40.0
0.95040029 1.25093579 -1.18949187 40.0
1.12480307 1.33889771 -0.66040206 40.0
1.30653250 -1.02892625 0.63606453 40.0
1.02934098 -0.25668663 1.16703868 40.0
0.14165844 1.48006332 0.63901699 40.0
1.02503312 0.76517648 -1.48932636 40.0
-1.00026822 -1.07669580 -1.59499490 40.0
-1.14437723 1.29081845 -0.99465215 40.0
1.31974304 1.01235473 0.29594800 40.0
1.26851392 -0.12750633 -0.06473286 40.0
0.99182981 -0.76418579 1.15237522 40.0
-0.53803319 0.60232365 1.20486844 40.0
0.86589867 -0.56241441 1.33498478 40.0
0.96415228 0.76847398 -1.43280900 40.0
-0.86849475 -0.20539103 -1.20162404 40.0
-1.15611303 -1.28419781 0.14953271 40.0
-0.80855709 -0.32238877 1.64199245 40.0
0.87936807 -1.10137403 0.93680608 40.0
-1.06391811 -1.34133649 -0.61219746 40.0
-1.32449317 0.57176453 0.96961433 40.0
-0.71900147 -0.83150285 -1.25115049 40.0
1.26110137 0.11849687 -0.67704183 40.0
-1.22169340 -0.12768437 -1.02436423 40.0
1.35585463 0.69539958 0.13759585 40.0
-0.74811822 1.42493987 0.76161230 40.0
0.46244124 -1.28898311 0.66092759 40.0
1.27294016 0.29472369 -0.67670286 40.0
-0.22081044 -1.56927478 -0.15393661 40.0
-0.94796360 -1.32550752 0.53844482 40.0
-1.15025949 0.59132594 1.10704601 40.0
-1.15617168 -1.27695298 0.50355554 40.0
-1.04124212 -0.25668505 1.16708410 40.0
-0.71970737 1.28096318 1.00990915 40.0
1.29789639 -0.67149013 0.87914521 40.0
0.53334892 -0.87994486 1.11512053 40.0
1.26904070 -0.12750633 0.62157649 40.0
-0.88357782 -1.42109334 -0.88074297 40.0
-0.41649640 -1.55787778 -0.23698701 40.0
-1.30785501 1.09603262 0.70003819 40.0
1.27865148 -1.06648123 -1.00752926 40.0
-1.15561879 -0.19529013 1.04114985 40.0
1.01296222 0.84657532 -1.67796874 40.0
-0.54498821 -0.80588335 1.14993358 40.0
-0.54711884 0.73606938 1.14791155 40.0
-1.32534087 0.48731124 0.44580525 40.0
0.52561855 -1.02781200 1.02346575 40.0
0.97769904 -1.13662362 -1.42167664 40.0
1.29971409 -1.06671059 0.07948404 40.0
0.64244533 -1.47876465 0.08789228 40.0
0.18005222 -0.39883482 1.88608539 40.0
1.14420509 0.79729128 -1.59589469 40.0
-1.32618868 0.93465418 0.83949792 40.0
1.34439373 0.79018450 -0.29815239 40.0
0.89677542 0.92111808 1.02415216 40.0
0.42670837 1.51159656 0.17612317 40.0
1.27387297 -1.15352595 -0.08344775 40.0
0.66365403 1.50391352 0.44670093 40.0
0.85471046 -0.34779257 -1.20061624 40.0
-1.27290297 0.20256752 -0.67696452 40.0
-1.29612672 0.71364516 1.00678837 40.0
-0.20495641 0.79003990 1.09466159 40.0
1.31277847 -0.99284059 0.21492559 40.0
0.27741590 0.81324649 -1.19941676 40.0
1.28908670 1.13602936 -0.60678977 40.0
-0.53476739 -0.50083470 -1.19870126 40.0
1.33025527 0.79741752 0.86704153 40.0
-0.47261930 1.37063301 -1.17581153 40.0
0.51104337 1.47044432 -0.99184620 40.0
-1.31191576 -1.02892625 -0.35444552 40.0
-0.77686518 0.49140465 1.23548257 40.0
-0.20394908 0.53518790 -1.19928253 40.0
1.33543193 0.56540298 0.67958069 40.0
-1.28293800 -0.34272152 -0.32381403 40.0
1.31682944 -0.88439929 -0.65447640 40.0
1.29971409 -1.06671059 0.07948404 40.0
-0.21952945 -1.57599843 -0.58646715 40.0
0.10685962 1.52431297 0.29423490 40.0
-0.28514242 -0.76986843 -1.19577742 40.0
-0.52904266 -0.66317344 1.31433034 40.0
-0.97611797 0.80510330 -1.51243114 40.0
-0.85410815 0.55085701 1.14776468 40.0
1.32178295 -0.74003410 0.73345357 40.0
-0.84097129 0.03652328 -1.20201015 40.0
-0.08423609 -1.58007205 -0.58646715 40.0
-1.28470099 -1.15352595 -0.08344775 40.0
1.27207601 -0.27358708 0.60939449 40.0
-0.91752869 0.66264987 1.14358878 40.0
-1.31054211 -1.06671059 0.07948404 40.0
0.63791853 -1.50191700 -0.51544029 40.0
-0.45186055 1.52409899 0.44127154 40.0
-1.24354291 -1.19888723 -0.51193386 40.0
0.19148993 0.97634548 1.03769326 40.0
0.75711846 -0.47319570 1.56375444 40.0
-1.00383854 1.17381489 0.98440337 40.0
-0.94703913 -0.97182137 -1.65125072 40.0
-0.71540213 0.94930691 -1.26729810 40.0
-0.55486715 -1.47797096 0.15308374 40.0
0.71812332 -0.27847955 -1.20121062 40.0
-0.90522796 0.94581199 -1.45093429 40.0
0.43849736 1.52409995 0.44127154 40.0
0.69531095 1.11947989 -1.24284935 40.0
-0.37333050 -1.44344795 -1.16838264 40.0
0.70747751 0.90347749 -1.26281202 40.0
1.14402843 -1.28419781 -0.07580759 40.0
0.42964944 1.40940177 -1.16083205 40.0
-0.52904266 -0.66317344 1.31433034 40.0
-0.19438535 0.49645239 1.39267802 40.0
1.29533887 0.37718302 0.75045747 40.0
1.34040678 0.56581390 0.56126893 40.0
-1.35343492 0.83645588 0.44170842 40.0
-0.53758985 -1.02781117 1.02346575 40.0
-0.90186536 -1.05900431 0.98601431 40.0
1.31861591 -0.95704424 0.63282734 40.0
-1.10092402 -1.28613806 -1.05306590 40.0
1.00513768 -0.82252109 -1.59746552 40.0
-0.93042761 0.77134305 -1.32585084 40.0
-0.48781693 -1.54438162 -0.22200842 40.0
1.13494074 0.59132415 1.05785871 40.0
-1.10678375 -0.12818980 -1.17902780 40.0
1.34027219 0.63082862 -0.65448505 40.0
0.63791853 -1.50191700 -0.51544029 40.0
1.18080854 0.50239676 1.10720444 40.0
-1.01647258 -0.65358138 1.14334464 40.0
-0.52124476 1.51497567 0.37312022 40.0
1.06148601 -1.34031653 0.25778389 40.0
1.30694103 1.09499764 0.40187725 40.0
0.26818818 1.15923905 -1.19578540 40.0
0.97623557 1.34794235 -1.15328670 40.0
1.31514370 1.01236439 0.60136551 40.0
1.28521407 1.17977226 0.13793860 40.0
1.30578077 0.43289199 0.35390767 40.0
1.32402062 0.74863809 -1.26176703 40.0
-1.31089878 1.13602936 0.13789968 40.0
0.50460905 -0.27940685 -1.20121062 40.0
-1.28472888 0.20255050 0.41113123 40.0
0.89105737 -0.98396730 1.05097890 40.0
0.63265592 -1.49602938 -1.07127380 40.0
-1.28133404 -0.20253494 0.40134829 40.0
-1.34235895 0.92737567 0.30138788 40.0
0.70276928 1.47385323 -0.81578696 40.0
0.19364496 0.83557004 1.06714487 40.0
-1.14633477 0.12574169 1.05523884 40.0
-1.34077096 -0.81201136 0.34328100 40.0
1.33709836 0.88257760 0.13770822 40.0
-1.31294072 1.01961148 0.84296572 40.0
-0.20142710 1.02060974 1.04373181 40.0
1.11328816 0.44685650 1.15478909 40.0
1.34260690 0.83645588 0.44170842 40.0
0.18150763 -0.13023356 -1.20188093 40.0
-1.33798075 -0.77936602 0.12025364 40.0
0.98899400 0.43844834 -1.20048249 40.0
0.95351112 1.42629790 0.45392811 40.0
-0.92049581 1.32951772 0.92938894 40.0
0.98707300 -1.00430024 -1.72477412 40.0
1.15267634 0.91160601 0.96757621 40.0
-1.34372091 0.70237422 0.91741818 40.0
-1.30610013 -0.57994807 0.80159467 40.0
0.53084981 -0.77248424 1.16256011 40.0
0.74358279 0.06041458 1.83962715 40.0
-1.36353159 0.74578708 -0.05832362 40.0
-0.19945303 1.10591543 1.04445529 40.0
0.52864814 0.97373652 1.06221104 40.0
0.18850234 1.10591590 1.04444611 40.0
1.23192096 -0.76331675 1.08360565 40.0
0.94627136 1.27121711 0.95443159 40.0
0.47242662 1.34462011 0.98631448 40.0
0.40147850 -1.55881894 -0.47877347 40.0
-1.30800772 -0.84769958 -1.33840513 40.0
1.30916095 -0.84769958 -0.99466527 40.0
-0.89380813 0.47138891 -1.20026445 40.0
0.29910401 1.52027190 0.27070180 40.0
-1.01137018 -0.03035647 1.18510723 40.0
1.30636477 -0.95704424 -0.66737705 40.0
0.16744922 1.37428319 -1.17581153 40.0
1.32694602 0.92740321 0.63657397 40.0
1.31424582 -0.94980073 0.92258012 40.0
1.13149393 1.33912504 -0.30534440 40.0
1.31816947 -0.74012816 -0.35227844 40.0
-1.28668320 -0.90513426 1.04360330 40.0
0.70907694 -1.26511502 -1.17649400 40.0
-0.36947730 -1.56394100 -0.23711196 40.0
-0.20483324 0.73805565 1.12339365 40.0
0.18680890 1.19034541 1.02060616 40.0
0.19148993 0.97634548 1.03769326 40.0
-1.27371848 -1.10508871 -1.27139831 40.0
0.74831611 1.01414394 1.06299531 40.0
-1.34946048 0.56683165 -0.30971548 40.0
1.25233257 -0.20253494 0.89361596 40.0
-0.52623570 -1.15529037 0.87604332 40.0
1.27435982 0.75368321 -1.43109035 40.0
-0.19438535 0.49645239 1.39267802 40.0
0.95865911 1.42130339 -0.64276618 40.0
1.27563930 -1.15352595 0.43802303 40.0
-1.26138568 -0.04763892 0.89828503 40.0
1.07606041 1.37989962 0.36776775 40.0
1.18667209 1.28991604 -0.05686807 40.0
1.29064667 -0.74276781 -0.99098641 40.0
1.25490451 1.17980969 -0.96647298 40.0
-0.65438712 -1.47877276 0.08787990 40.0
-1.12570512 1.06067169 -1.66754448 40.0
1.23960102 -1.19187498 0.64867985 40.0
-1.32306194 1.05372179 0.49235415 40.0
1.32355332 -0.74003410 0.51103503 40.0
-0.53275383 -1.10914326 0.93680608 40.0
-1.29521656 -0.49010769 -0.32557485 40.0
-0.72597873 -0.25334969 1.91323268 40.0
0.92596948 1.14784598 -1.42896712 40.0
-1.14541626 -1.09229517 0.93041712 40.0
-0.69208157 1.22693503 -1.18778682 40.0
-0.71236026 0.99346507 -1.26782048 40.0
1.27668321 -0.34272152 0.38358888 40.0
0.93247181 -0.46989018 1.27475584 40.0
1.27575421 -1.15352595 0.33388376 40.0
0.50813711 -0.42223957 -1.19981492 40.0
1.32930565 -0.81201136 0.12029115 40.0
-0.46879977 0.14612865 2.28551912 40.0
-0.53758985 -1.02781117 1.02346575 40.0
1.00977468 0.96273214 1.00148523 40.0
0.12994127 -1.44717503 -1.16838264 40.0
-0.52168423 1.50925267 0.27070180 40.0
1.12981200 1.08382142 0.97795826 40.0
1.13546538 0.12574039 1.05523753 40.0
1.30206275 0.43157709 0.66702139 40.0
-1.15955162 0.79729283 -1.59590375 40.0
1.34328592 0.83644956 0.30270931 40.0
-1.28358531 0.11849687 0.17703676 40.0
0.63906610 -1.50191700 -0.39763507 40.0
0.74208254 0.49787107 -1.19991493 40.0
-0.53015345 1.14519608 1.05947351 40.0
1.08908999 -1.28613722 -1.05303013 40.0
-0.84097129 0.03652328 -1.20201015 40.0
0.76257849 1.45372319 -0.97676170 40.0
1.35218167 0.62931520 0.13756597 40.0
-1.12298191 1.10122764 -1.58586323 40.0
-0.97262436 -0.72439063 1.16571879 40.0
-0.71680313 1.47385776 -0.81579173 40.0
-0.73305005 -0.27847937 -1.20121062 40.0
1.33025527 0.79741752 0.86704153 40.0
-1.29265356 -0.41319346 0.37673253 40.0
-0.16592036 1.41315174 -1.16083205 40.0
-0.86038107 -1.42043698 -1.07187665 40.0
0.76518440 1.38490057 0.88043255 40.0
-0.19487503 -0.42328891 -1.19981492 40.0
1.23951292 -1.19911861 0.02650904 40.0
0.94470173 -0.77707803 -1.38906145 40.0
0.92902958 -0.97182143 -1.65122187 40.0
-0.31945425 1.51179171 -0.57386810 40.0
0.86709619 -0.49741179 -1.19870126 40.0
-0.52127874 1.50107777 -0.12875366 40.0
-1.13918674 0.43602064 -1.17770433 40.0
0.52120513 1.50084090 -0.57456040 40.0
-1.27309144 -1.15269744 -0.73775494 40.0
-1.14508629 1.08382416 0.97796994 40.0
1.23630106 1.23087585 -0.63817447 40.0
-0.36685553 -1.56489336 -0.69767278 40.0
0.68476665 -0.10496092 2.03854251 40.0
-1.16263294 0.95669514 0.97117668 40.0
1.10435665 -1.03543437 -1.67642856 40.0
0.68503588 0.51835406 1.21333683 40.0
0.17577355 0.03709666 -1.20201015 40.0
-0.74265760 0.72900921 -1.20797348 40.0
-1.30729425 -0.95704424 -1.01475728 40.0
1.02273130 0.77896798 1.01918709 40.0
0.72643918 1.22741878 1.02374125 40.0
-1.28647423 -1.15352595 0.22653213 40.0
0.49524501 1.28566968 1.01515746 40.0
0.74667388 0.14427286 1.82637608 40.0
0.89786416 -0.91093707 1.09332049 40.0
-1.32284069 -0.67252493 -0.10509501 40.0
-0.19099763 -0.39883462 1.88608539 40.0
-0.76901102 -0.95091200 1.07234359 40.0
-1.30658209 1.09499764 -0.60745806 40.0
1.27112579 -0.04763892 0.41104254 40.0
1.20976055 -0.12768428 -1.02431011 40.0
-0.88002598 1.22297227 0.99513435 40.0
0.17709346 0.32534805 2.23945904 40.0
0.16744922 1.37428319 -1.17581153 40.0
1.17467320 0.69425678 -1.22778833 40.0
1.28505206 -1.02892625 -1.00653946 40.0
1.32480347 -0.84045607 0.97659600 40.0
1.32778287 -0.77936602 0.34380853 40.0
1.32333529 -0.88439929 -0.34978002 40.0
1.24018466 -1.19911861 0.16340666 40.0
-1.29435921 0.80886739 0.95062566 40.0
1.10947990 -0.49309489 -1.17565048 40.0
1.27207601 -0.27358708 0.60939449 40.0
0.87989473 -1.42198527 -0.25947648 40.0
-1.27351236 0.49169201 1.02373564 40.0
-1.35556698 0.62869799 0.67439336 40.0
-0.53803319 0.60232365 1.20486844 40.0
-0.48428643 1.34461904 0.98632318 40.0
1.13538015 1.04219830 0.98062509 40.0
1.32977581 0.92739624 0.54511446 40.0
0.69653726 1.07857525 -1.25569689 40.0
-0.54509419 0.88069636 1.06929016 40.0
1.32923079 0.52104980 0.30248627 40.0
0.29907927 1.52596295 0.37297463 40.0
-0.08438645 -1.58007205 -0.47877347 40.0
-1.29401994 -0.95704424 -1.37501717 40.0
-1.15485644 -1.28419781 -0.07580759 40.0
-0.47427920 -1.28898191 0.66092759 40.0
-0.49905941 -1.53624058 -1.06396580 40.0
-1.31989944 1.05372226 0.58529419 40.0
-0.31023902 -1.57040465 -0.58646715 40.0
-0.59232926 1.50287652 0.53103989 40.0
-1.31294072 1.01961148 0.84296572 40.0
1.30728245 -0.99284059 -0.33630815 40.0
1.14402843 -1.28419781 -0.07580759 40.0
-0.91082239 0.96662283 1.02835917 40.0
1.15992820 0.81857002 0.98775947 40.0
-0.49552682 -0.39784887 1.86326444 40.0
0.42919305 -1.53015912 -0.03296999 40.0
0.42670837 1.51159656 0.17612317 40.0
-1.12325513 1.21068835 0.93802142 40.0
-1.31045282 0.37832132 0.39474848 40.0
1.13538015 1.04219830 0.98062509 40.0
-1.28472888 0.20255050 0.41113123 40.0
-1.07192457 -1.34136212 0.06471197 40.0
-0.70001286 0.51835370 1.22619545 40.0
-0.64690262 0.32319447 2.10429621 40.0
-1.15131414 0.84199470 -1.68709648 40.0
1.16133201 0.72289348 1.02102304 40.0
0.88112199 -0.97521526 -1.45280695 40.0
0.12243208 1.51769698 0.53129661 40.0
0.74541801 -0.02382349 1.84035325 40.0
-0.49581844 -1.48277915 0.15522234 40.0
1.34754932 0.74578893 0.66223949 40.0
-0.94716555 1.07071233 -1.57008052 40.0
-1.36353159 0.74578708 -0.05832362 40.0
-0.31900930 1.52968264 0.44127154 40.0
-1.23833537 1.09645200 -1.50648916 40.0
1.25429678 -1.05114484 0.93640471 40.0
-1.23531973 -1.14269781 -1.23834705 40.0
-0.87694168 1.35524428 -1.17581153 40.0
-0.35291854 1.51367164 0.53129661 40.0
0.47242662 1.34462011 0.98631448 40.0
-0.43987522 1.51472080 0.29423490 40.0
-1.14158452 1.34021688 0.61469012 40.0
-1.08098757 -0.47347596 1.10787702 40.0
-0.48455471 -1.54536569 -0.68991500 40.0
0.49456573 -1.51888239 -0.01968593 40.0
1.32607734 0.88257760 -0.61041248 40.0
-0.46753359 0.06133310 2.29242325 40.0
-0.84097129 0.03652328 -1.20201015 40.0
0.50754899 0.30203798 -1.20125282 40.0
0.75615674 0.22894251 1.80087733 40.0
-1.27913022 -0.27358708 -0.32346636 40.0
-0.87025476 0.14255330 1.49918675 40.0
-1.29435921 0.80886739 0.95062566 40.0
-0.71540213 0.94930691 -1.26729810 40.0
1.01198232 -0.94396079 1.07234359 40.0
0.52054417 1.10296834 1.06896389 40.0
0.51428747 -1.15529132 0.87604332 40.0
1.34328592 0.83644956 0.30270931 40.0
-0.31059051 1.52027059 0.27070180 40.0
-1.30007541 0.52554142 0.99781376 40.0
-1.31998873 -0.84769958 -0.99467075 40.0
-1.33264995 -0.91991127 0.81681633 40.0
-0.22048961 -1.57599843 -0.30071750 40.0
1.34112537 0.83646315 0.55460316 40.0
0.53512889 0.73606992 1.13951671 40.0
0.74667388 0.14427286 1.82637608 40.0
0.46500680 1.49368834 -0.80812109 40.0
1.11559117 -0.92675656 -1.76856279 40.0
0.95865911 1.42130339 -0.64276618 40.0
0.48273683 -1.24521577 0.73917216 40.0
1.24904406 1.07285690 0.92845160 40.0
-1.35905409 0.79016697 0.44296429 40.0
0.26935050 -0.74639422 -1.19466424 40.0
0.28453067 -1.49305773 0.15575698 40.0
-0.70696127 0.03673147 -1.20201015 40.0
1.27430058 1.17948794 -0.61799526 40.0
1.30877388 0.97780502 0.84284574 40.0
0.68988985 -1.16974962 -1.19644928 40.0
-0.86297852 -1.19350421 0.80800444 40.0
1.28235316 0.80886495 0.94727224 40.0
0.70839465 -0.78253692 -1.22532880 40.0
-0.37333050 -1.44344795 -1.16838264 40.0
1.02033186 0.80181110 -1.58885312 40.0
-0.29598635 -1.49305642 0.15575698 40.0
-0.55486715 -1.47797096 0.15308374 40.0
-0.65209329 -1.50083888 -0.12219112 40.0
1.00117314 -0.65358084 1.14331293 40.0
-0.18595329 -0.18274294 2.27273703 40.0
0.63978702 -1.50191700 -0.31156236 40.0
-0.19413111 -0.35099941 -1.20061624 40.0
0.68988985 -1.16974962 -1.19644928 40.0
1.24131000 0.72752637 -1.35207033 40.0
-0.89493042 1.11537158 -1.36687505 40.0
-0.12085798 1.53374887 0.44127154 40.0
1.14025295 -1.28419781 -0.39991868 40.0
-1.20643151 -1.23417437 0.58034056 40.0
-0.31056568 1.52596164 0.37297463 40.0
-0.65209329 -1.50083888 -0.12219112 40.0
-0.76342899 1.01414323 1.06299210 40.0
-0.67923397 -1.19275773 -1.18463480 40.0
1.01871240 -0.87045848 1.11512053 40.0
-1.28290403 -0.27358708 0.60939449 40.0
-1.07147813 -1.34136212 -0.02350537 40.0
0.13286407 -1.42168534 0.37319031 40.0
1.25519621 1.03143144 0.93103391 40.0
-1.31134522 -0.57994807 0.36303458 40.0
-0.78032911 1.36068439 -1.17581153 40.0
1.31974304 1.01235473 0.29594800 40.0
1.10749769 1.20216131 -1.22021472 40.0
0.11012051 1.51581192 -0.57386810 40.0
-0.91685069 0.85312057 -1.41008258 40.0
1.26881206 0.20243186 0.78358483 40.0
-1.25101268 -1.19911861 0.16340666 40.0
1.20976055 -0.12768428 -1.02431011 40.0
-0.85615838 0.20611189 -1.20167136 40.0
-0.20040466 1.06349289 1.04713476 40.0
0.12994127 -1.44717503 -1.16838264 40.0
1.29874277 1.13602936 -0.05736340 40.0
-1.33207643 -0.77833104 0.85201812 40.0
0.85518914 0.14255235 1.49906659 40.0
-1.27964008 0.20243186 0.78358483 40.0
-0.58829015 1.50408387 0.32621515 40.0
-0.31119794 -1.57040465 -0.40148771 40.0
1.14446092 0.71917939 -1.31257010 40.0
1.13612223 1.33918190 0.28880420 40.0
-0.44147697 1.50901282 -0.33833599 40.0
-1.30960381 -0.57994807 -0.09171984 40.0
0.17501110 -0.18274303 2.27273703 40.0
0.53084981 -0.77248424 1.16256011 40.0
0.62007052 1.26515841 -1.18120670 40.0
-0.93841088 1.44289863 0.58912861 40.0
0.71920788 -0.32357645 1.81055450 40.0
0.90258628 1.30539525 -1.17780197 40.0
0.78491372 0.57800967 -1.19840944 40.0
-0.50307858 0.46357629 1.66503811 40.0
1.24797308 -0.78339994 -1.45188272 40.0
0.28227147 0.73097742 -1.19671082 40.0
-0.29598635 -1.49305642 0.15575698 40.0
1.32355332 -0.74003410 0.51103503 40.0
1.00805223 -0.98017949 1.05097890 40.0
0.84511304 -1.19350445 0.80800444 40.0
-1.32300138 0.48665965 0.56811398 40.0
-1.25123119 -1.19911861 0.26963106 40.0
-1.31190288 0.43308070 -0.31360140 40.0
-1.24932003 1.23333216 0.66727036 40.0
0.55172485 1.48832583 -0.80875540 40.0
0.70701927 -0.83150357 -1.25113893 40.0
-1.31473505 0.97053319 -0.98440671 40.0
1.32607734 0.88257760 -0.61041248 40.0
0.29924658 -1.56944871 -0.23714320 40.0
-1.27873170 0.79285097 -1.51664293 40.0
1.33548868 0.88259983 0.55131489 40.0
-1.32766473 0.52136487 -0.67393214 40.0
1.26958668 -0.79601705 1.09423661 40.0
0.19400218 0.79004031 1.09465241 40.0
-1.25443590 0.72752589 -1.35207331 40.0
1.10435665 -1.03543437 -1.67642856 40.0
0.58887970 1.49487221 -0.57732987 40.0
-0.96327877 0.54860371 1.11960220 40.0
-0.85430783 -0.04804770 -1.20200443 40.0
-1.28060293 -0.04763892 -0.05968717 40.0
1.21202993 0.20294505 -1.02448368 40.0
1.28389335 1.17977226 -0.05722956 40.0
-1.28190267 -0.94129300 1.02267551 40.0
-0.18550523 -1.24842143 0.73917216 40.0
-0.86038107 -1.42043698 -1.07187665 40.0
-1.36033332 0.74589330 -0.29973680 40.0
-0.20210835 -0.99343169 1.05097890 40.0
0.86640108 -1.21956706 -1.18372524 40.0
1.27301931 0.03561665 0.41153368 40.0
-1.06686938 -1.34136212 -0.44765612 40.0
0.20823798 -1.57599974 -0.58646715 40.0
1.34650421 0.79017019 0.55781120 40.0
0.68708581 0.22993335 2.01228356 40.0
0.98247206 -1.14276123 0.87604332 40.0
0.94135147 0.63793528 -1.20128369 40.0
-1.27350295 -0.75158840 -1.24499881 40.0
-0.96340054 1.43231416 0.52155316 40.0
1.21967983 -0.20150015 0.97744411 40.0
-1.16263294 0.95669514 0.97117668 40.0
1.32450640 -0.92094624 0.40948036 40.0
1.19814944 1.23182917 -0.98527580 40.0
-1.33535171 -0.81201136 -0.35215524 40.0
0.51104337 1.47044432 -0.99184620 40.0
1.15684259 -1.22614753 0.68918139 40.0
-1.07238638 -1.33405030 0.38729370 40.0
0.35213855 -1.56490123 -0.80340910 40.0
1.32450640 -0.92094624 0.40948036 40.0
1.13129175 -1.28399611 -0.81728125 40.0
0.60790485 -0.02383900 2.20290589 40.0
1.22963822 1.05552995 -1.57344246 40.0
-0.48428643 1.34461904 0.98632318 40.0
1.27218640 0.03561665 0.62206930 40.0
0.96144974 -0.56040573 1.20415354 40.0
-1.33610666 0.97054291 0.42726088 40.0
0.29948804 -1.56370640 -0.15393661 40.0
-1.22786164 -1.10261536 -1.44614172 40.0
0.19606143 1.32374680 -1.17780197 40.0
-1.36015129 0.62891364 0.56157225 40.0
0.35450557 -1.56489348 -0.47877347 40.0
1.12480307 1.33889771 -0.66040206 40.0
-0.48565033 -1.50760758 -1.14468670 40.0
-0.56719649 1.48832572 -0.80875552 40.0
0.89453399 -0.94760537 1.07234359 40.0
1.09168255 -0.12818959 -1.17900944 40.0
-0.52623570 -1.15529037 0.87604332 40.0
1.27521074 1.09512925 -1.29382455 40.0
-1.29273760 1.17977226 0.56084663 40.0
1.01966834 -0.83332574 1.13440549 40.0
-1.02085340 -0.67784971 -1.20835471 40.0
-1.36225605 0.62911367 0.44282511 40.0
-0.51625270 -0.56845719 1.50095665 40.0
-1.08659887 1.37993467 0.42338189 40.0
-1.28126574 1.13668954 -1.24982691 40.0
-1.31747591 0.46371841 -0.05869029 40.0
-1.31190288 0.43308070 -0.31360140 40.0
-1.27177048 -1.01329601 0.97386813 40.0
-0.77707422 0.78500366 1.11392188 40.0
-1.16410673 -0.79396933 1.13856244 40.0
-1.13563037 1.33889735 -0.66044378 40.0
-0.62612706 1.40424991 -1.16083205 40.0
-1.29612672 0.71364516 1.00678837 40.0
0.82239187 -1.33128285 0.54575807 40.0
-0.47302198 -0.10555961 2.28321624 40.0
0.89791101 -0.32164633 1.39234304 40.0
-0.98209518 -0.27655917 -1.20121062 40.0
1.33263421 0.88257760 -0.29728115 40.0
0.17826919 -0.32654527 2.04551196 40.0
0.52054417 1.10296834 1.06896389 40.0
0.91962206 -1.14067268 -1.37621033 40.0
0.18272905 -0.47763631 1.71079612 40.0
-1.19045532 -0.40594864 1.03608561 40.0
1.27374911 0.20256752 0.17704357 40.0
0.69653726 1.07857525 -1.25569689 40.0
-1.32596958 0.48796776 0.13873877 40.0
0.82239187 -1.33128285 0.54575807 40.0
1.01451635 0.91740638 0.99723792 40.0
0.84874088 -1.42043197 -1.07184625 40.0
-0.47261930 1.37063301 -1.17581153 40.0
1.05519569 -0.72152627 1.12054336 40.0
0.52606046 0.60232419 1.19333875 40.0
0.98371476 1.37112510 0.83987862 40.0
1.10454762 0.29676878 -1.17843962 40.0
1.28521407 1.17977226 0.13793860 40.0
1.28478777 0.76440525 0.97193384 40.0
-0.27886495 -1.01788592 -1.21156347 40.0
1.31357598 1.05372024 0.29370317 40.0
-0.49552682 -0.39784887 1.86326444 40.0
0.50033659 0.52030510 1.27445900 40.0
-0.89611614 -0.97521460 -1.45284593 40.0
0.73420614 1.18282604 1.03987896 40.0
-0.54711884 0.73606938 1.14791155 40.0
0.98403484 -1.29233158 -1.15889728 40.0
0.94670779 -0.76261955 -1.31535602 40.0
0.57297558 1.49508333 -0.12875366 40.0
-0.22081044 -1.56927478 -0.15393661 40.0
-0.48072878 -1.54546165 -0.93310934 40.0
1.29305291 -1.10842133 0.29488164 40.0
-1.10123885 -1.18357873 0.80158824 40.0
0.42964944 1.40940177 -1.16083205 40.0
-0.36763915 -1.56489336 -0.58646715 40.0
0.97432190 0.72369480 -1.27985096 40.0
0.89670163 -0.77979887 -1.30276227 40.0
1.13014007 -1.09229386 0.93041217 40.0
1.35417950 0.74578726 0.30318564 40.0
-1.29171515 -0.83176422 1.08458173 40.0
0.52054417 1.10296834 1.06896389 40.0
1.30051720 -0.57994807 0.36303458 40.0
-0.86297852 -1.19350421 0.80800444 40.0
0.60623139 -1.47207105 0.14796501 40.0
0.26667896 -1.09117913 -1.20616245 40.0
0.94148386 -0.86074919 -1.57994151 40.0
-1.02814436 0.96273345 1.00149047 40.0
-1.35837400 0.79016316 -0.05823229 40.0
1.26029718 0.58269805 1.05058444 40.0
-1.01263142 1.09053683 1.00824332 40.0
0.12994127 -1.44717503 -1.16838264 40.0
-0.19775859 1.19034481 1.02061534 40.0
0.18850234 1.10591590 1.04444611 40.0
1.22657847 -0.99447477 -1.62703097 40.0
-0.80604601 -1.39925456 0.35804498 40.0
-0.47261930 1.37063301 -1.17581153 40.0
1.26824880 -1.06604373 -1.30758095 40.0
1.31298411 -0.95704424 -0.33893067 40.0
-1.33172536 0.97053319 -0.29674822 40.0
0.49468046 -0.04823685 -1.20200443 40.0
0.16708060 -1.29230404 0.66092759 40.0
-0.98033327 -0.20466843 -1.20162404 40.0
1.18832135 1.28991604 0.29026797 40.0
1.30211318 1.01961017 0.84295928 40.0
-1.09093189 -1.20495939 -1.16770840 40.0
1.27865148 -1.06648123 -1.00752926 40.0
-1.31564379 -1.02892625 -0.07410728 40.0
0.89105737 -0.98396730 1.05097890 40.0
-1.34144819 -0.84769958 0.61182988 40.0
-0.98242879 0.76847386 -1.43282437 40.0
-0.71899158 -0.04814157 -1.20200443 40.0
1.32291961 -0.74003410 0.12171786 40.0
1.32601655 -0.81097656 0.84426743 40.0
-0.58654606 1.50921869 0.37370270 40.0
-0.16622193 -1.34923232 0.54614574 40.0
0.43046740 -1.34576321 0.54614574 40.0
-0.12102164 1.51581109 -0.57386810 40.0
1.31256473 -0.73899931 0.86068809 40.0
0.82239187 -1.33128285 0.54575807 40.0
0.94372618 0.89686596 -1.63436067 40.0
-0.25145832 0.64441627 -1.19734156 40.0
0.95052618 0.85000712 -1.58432662 40.0
-0.70803684 -0.97865832 -1.27513802 40.0
-1.28994489 -0.57891309 0.90765917 40.0
-1.16603637 -0.26634225 1.04402697 40.0
-1.28210247 -0.41319346 0.86852103 40.0
0.17826919 -0.32654527 2.04551196 40.0
-1.27915239 -1.15336025 -0.47427794 40.0
-1.31139112 -1.06671059 0.47562701 40.0
-0.64457643 -1.49603832 -1.07129300 40.0
-1.27267444 -0.67778510 -1.00708985 40.0
0.50158989 -0.12995006 -1.20188093 40.0
-0.19247152 -0.13023351 -1.20188093 40.0
1.34343600 0.56648302 0.30272347 40.0
1.26110137 0.11849687 -0.67704183 40.0
-0.65032965 -1.50192940 -0.39765686 40.0
1.29789639 -0.67149013 0.87914521 40.0
0.92561227 1.17752349 -1.34894204 40.0
1.28182554 -0.41319346 0.37673253 40.0
-1.09024787 1.26355278 0.92420644 40.0
-1.17268026 -0.86682516 1.10871351 40.0
-1.32793117 0.79073310 -1.30348969 40.0
-1.07238638 -1.33405030 0.38729370 40.0
1.19118094 0.38222498 1.06543314 40.0
0.89861757 -0.76522791 -1.26072288 40.0
-1.01756930 1.04869282 1.01092267 40.0
0.18170890 0.40943781 2.03490639 40.0
0.79197025 -1.39925158 0.35804322 40.0
0.98466253 -1.04081178 -1.66803372 40.0
0.66761810 0.49323785 1.32421064 40.0
0.53084981 -0.77248424 1.16256011 40.0
0.57665020 1.50287664 0.53103989 40.0
-1.19906795 1.28991604 0.39170992 40.0
0.74472237 -1.06270957 0.98601431 40.0
1.27596247 -0.34272152 0.59940845 40.0
-0.76606292 -0.98740369 1.05097890 40.0
1.14242852 -1.28419781 -0.23554412 40.0
1.26837313 -0.27358708 0.77704316 40.0
-0.31082031 -1.57040465 -0.47877347 40.0
-1.17170036 0.30014309 1.06385374 40.0
-1.33486223 0.97053319 -0.05781481 40.0
0.72831213 0.40523750 1.78565454 40.0
0.75893456 1.42853999 -1.10436559 40.0
-1.28210247 -0.41319346 0.86852103 40.0
-0.91685069 0.85312057 -1.41008258 40.0
-0.93841088 1.44289863 0.58912861 40.0
0.83601421 0.55085707 1.09296739 40.0
-0.92877221 -1.34879434 -1.15748596 40.0
0.19606143 1.32374680 -1.17780197 40.0
1.28864253 -0.49001360 0.57261264 40.0
0.87832290 -1.01170695 -1.43591785 40.0
0.86468589 0.22677520 1.48562551 40.0
1.31816947 -0.74012816 -0.35227844 40.0
-1.18526709 -0.72391748 1.06161582 40.0
-0.96418041 1.42297494 -0.32115921 40.0
1.18823993 1.28991604 0.39170992 40.0
1.09115791 -0.56356317 1.07677197 40.0
-1.32982087 -0.95704424 0.42526656 40.0
-0.69236946 1.48425400 -0.58620262 40.0
0.45288777 1.39502454 0.90370363 40.0
0.60790485 -0.02383900 2.20290589 40.0
-1.27618432 -0.12750633 -0.31877723 40.0
-1.22473693 -0.04660395 0.98213971 40.0
0.90717298 0.69756788 -1.21140015 40.0
1.25233257 -0.20253494 0.89361596 40.0
-1.31705439 0.48595712 0.69708806 40.0
0.19299549 0.53518814 -1.19928253 40.0
1.01871240 -0.87045848 1.11512053 40.0
-1.31804097 -1.02892625 0.46363416 40.0
-0.58860558 1.50278497 0.24083757 40.0
-1.26089334 -0.12750633 0.89689052 40.0
-0.19247152 -0.13023351 -1.20188093 40.0
-1.01384175 0.98224473 -1.75841534 40.0
-0.54283273 -0.77248359 1.16256011 40.0
-1.19465160 1.28963149 -0.30406645 40.0
0.42654482 1.52039254 0.37297463 40.0
-1.26596069 0.20235901 0.89670867 40.0
-1.29160857 1.17971528 -0.29763961 40.0
-1.07216012 -1.34136212 0.14946093 40.0
-1.23684132 1.19912124 0.88871282 40.0
-0.54459208 0.66757518 1.17745006 40.0
1.30864406 -0.81193966 -0.98788738 40.0
-1.25620866 0.43384650 -1.02354717 40.0
-1.34352887 0.88260651 0.64222753 40.0
0.76051581 0.83025157 1.07439649 40.0
-0.74285477 1.39920032 -1.16077399 40.0
-1.00174832 1.17325103 -1.38685691 40.0
