-1.45183003 0.60881984 0.29552960 45.0
-0.14964908 0.64998317 -1.07433450 45.0
1.29725587 -1.10113156 0.78563511 45.0
-0.74191666 -1.02786219 1.25881863 45.0
1.06581569 1.30738926 -1.03939247 45.0
-0.11595157 1.44090509 0.48272663 45.0
-0.27660823 -1.36402428 -0.96064001 45.0
-1.22519183 1.39687228 -1.00327349 45.0
0.96027577 0.81617802 -1.38478947 45.0
0.03343648 -0.99053842 1.25482690 45.0
1.27732396 -1.20727313 -0.28316134 45.0
-0.45711306 -0.31202215 -1.06471550 45.0
1.23072278 1.14488041 -0.99970627 45.0
-1.46298540 0.41795424 0.29478613 45.0
-1.35943520 -1.03964722 -1.02069056 45.0
1.36920667 -0.44842410 -0.69003350 45.0
-0.74746722 1.44054937 0.28990966 45.0
-1.37342250 1.14704955 -0.69934833 45.0
1.37992358 -0.31202215 -0.17699745 45.0
-1.31078017 1.05259824 -1.08357799 45.0
1.33413494 -0.89276189 0.54870087 45.0
0.84225565 0.89364117 -1.15128100 45.0
1.24869442 -0.88916582 1.22643030 45.0
-1.36939871 1.20675743 0.05653027 45.0
0.71940404 0.96421671 -1.07375169 45.0
1.06581569 1.30738926 -1.03939247 45.0
-0.87302768 1.15084016 -1.05062723 45.0
-1.44206357 0.69121498 0.29391092 45.0
1.28459346 0.62767410 1.12570810 45.0
-0.96031028 -1.44937766 0.33005849 45.0
-0.97839028 1.41555250 1.16111922 45.0
0.89664847 1.03937054 -1.10040236 45.0
1.27451670 1.25258780 -0.45968789 45.0
0.34915984 0.87327427 1.21864378 45.0
0.18258321 1.05636954 1.21459115 45.0
1.29362118 -0.63102543 -0.99958438 45.0
1.34710765 0.64851451 -0.88200802 45.0
1.32144797 0.61259162 0.96699607 45.0
0.03364334 1.44129682 0.69095510 45.0
1.32857454 -0.05598326 0.97917485 45.0
-1.19127274 -0.70244306 -1.15550947 45.0
-0.41548121 -1.29166138 1.19155395 45.0
0.28248882 0.77596778 -1.08150411 45.0
0.35851261 0.57968938 1.20780861 45.0
-1.30609643 -0.37415588 1.19847941 45.0
1.12852693 0.26332131 1.20108509 45.0
-0.37464723 0.59229088 -1.06685281 45.0
-0.60122138 -0.67962039 -1.06390727 45.0
0.48104411 -0.62461787 -1.06234467 45.0
0.65655488 1.15084016 -1.04924071 45.0
1.25341260 -0.85585439 1.21515977 45.0
1.19009554 1.40629828 -0.91204619 45.0
1.14288366 1.39687228 -1.00327349 45.0
0.65706706 -1.24173391 -1.04366219 45.0
-1.19146478 -0.76013118 -1.29996789 45.0
0.03624872 -0.62040687 1.21051395 45.0
0.94104820 0.55676246 -1.08098376 45.0
1.31438041 -0.94653594 1.02130318 45.0
1.23433781 0.25003344 1.18373692 45.0
-0.58431357 1.35085464 -1.04166818 45.0
1.04142666 1.41511464 -1.00030088 45.0
-0.91848141 -0.22677350 1.21797585 45.0
0.35620275 0.70569485 1.20866323 45.0
0.35709417 -0.71295500 1.20942438 45.0
1.33882368 -0.86260784 0.05011895 45.0
0.98301989 -0.73364711 -1.24688554 45.0
1.33392322 -0.81546175 0.99628544 45.0
1.27384686 -0.70091546 -1.09673953 45.0
0.98301989 -0.73364711 -1.24688554 45.0
0.34451056 -1.34488583 -1.01639116 45.0
0.03994747 -1.44937766 0.05162255 45.0
0.83986700 -0.93089348 -1.17298496 45.0
1.35912001 0.69120771 -0.19637464 45.0
0.81900430 0.83310550 1.21755171 45.0
1.35154033 0.60902852 -0.88324624 45.0
-1.20777667 -0.95322847 1.24850810 45.0
1.08052695 1.43703890 0.48249844 45.0
0.06615883 -0.79305464 -1.07750952 45.0
-0.80843008 -1.44937766 0.33005849 45.0
-0.77153128 0.26636773 1.20889044 45.0
-1.02611935 -1.11567247 1.25874710 45.0
0.06478473 -0.93089348 -1.07745469 45.0
1.28516471 -0.39683241 1.13980484 45.0
0.03366797 1.44059455 -0.12139197 45.0
-1.16319478 1.43650532 0.09132947 45.0
0.03264355 -1.06560802 1.26080990 45.0
-1.35805619 1.25277042 0.69116741 45.0
0.82611120 0.74840456 1.21026802 45.0
1.05430079 1.39299655 1.18276596 45.0
-1.34964418 -0.72868305 1.19445670 45.0
0.79183745 1.43686664 1.05316961 45.0
0.35129735 0.83310550 1.21755171 45.0
0.03944018 -1.42353368 -0.59874892 45.0
1.35975540 0.69121498 0.29391092 45.0
0.89171845 -1.05477226 -1.15486562 45.0
-1.16322923 1.43671894 -0.12350596 45.0
0.51826799 -0.76031429 -1.07303703 45.0
0.98396552 0.47437891 1.20439041 45.0
0.99187028 -1.40837300 0.77084756 45.0
-1.41228151 -0.86271441 -0.58409107 45.0
1.24229670 0.69120771 -1.29313040 45.0
-0.25903058 -1.24953783 1.21949458 45.0
0.87052083 -1.42353368 -0.59874892 45.0
0.17380176 1.41498995 1.16195774 45.0
-0.42218921 1.38957369 -1.02976048 45.0
-0.64327186 -1.16575146 -1.04716051 45.0
-0.63354480 -0.31202215 -1.06471550 45.0
-0.27200326 -1.20122826 -1.04563987 45.0
-0.59389776 0.91217649 1.21700907 45.0
0.89454544 0.99728155 -1.13951397 45.0
1.30479121 -1.08354342 0.33201432 45.0
0.05958383 -0.62461787 -1.06234467 45.0
-1.06399345 -0.22677350 1.21792507 45.0
1.06751490 0.99953538 -1.17285550 45.0
1.30128455 1.07505977 -0.69865644 45.0
1.26367652 -1.10732400 1.18828666 45.0
-1.39342821 -0.69313705 -0.98175335 45.0
0.96825933 -1.36385715 -0.96111077 45.0
-1.35758829 -1.26186848 0.33389941 45.0
-1.29270995 1.20684350 -0.99977183 45.0
0.06542499 1.03950572 -1.05344117 45.0
-0.11348409 -1.18246758 1.24584496 45.0
1.28190434 -1.18015242 0.78774709 45.0
0.19337903 -0.64916462 1.21003139 45.0
-1.40020514 0.65224999 0.96604973 45.0
-1.20777667 -0.95322847 1.24850810 45.0
-0.28671947 -1.44117677 0.54908556 45.0
1.20317173 -1.20105350 -1.02825022 45.0
-1.43221831 0.60882080 0.73074287 45.0
1.37282658 -0.31202215 -0.68525761 45.0
0.65007347 -1.11537230 1.25887120 45.0
1.35327387 -0.52533263 0.76531839 45.0
-1.06399345 -0.22677350 1.21792507 45.0
-1.07138109 -0.71466964 -1.19963539 45.0
-1.25342739 -1.44433165 0.05165095 45.0
-0.56371677 1.41498995 1.16195774 45.0
-0.60353619 0.64998317 -1.07433450 45.0
1.31928086 -0.75303614 1.14144754 45.0
-0.45493618 -1.39095640 -0.82686239 45.0
-0.92056966 -0.44350785 1.21638060 45.0
-1.35322964 0.93641740 -1.13301897 45.0
1.37614608 0.52284080 0.06160957 45.0
1.25762856 1.35322428 0.47726607 45.0
0.71706462 -0.96517229 -1.09157455 45.0
1.38049006 -0.31203628 0.33679265 45.0
0.03247609 -1.31776905 1.13894463 45.0
1.20599878 1.41050684 0.08470064 45.0
-1.42691886 -0.79305464 -0.48246470 45.0
1.31861603 -0.99642748 0.55076200 45.0
1.32347214 0.93789655 0.28206995 45.0
-0.82569748 -0.70132196 -1.07257068 45.0
-0.63354480 -0.31202215 -1.06471550 45.0
0.53173816 -0.44350785 1.21638060 45.0
-0.79206401 1.09275258 -1.05271316 45.0
-0.60144794 -0.84039211 1.22288883 45.0
0.93334043 1.44068551 0.90683764 45.0
0.86403447 -0.73388755 -1.12929189 45.0
0.64180917 -1.18246758 1.24584496 45.0
1.21570122 1.11549032 1.18419290 45.0
1.29859555 0.99941355 -0.87757051 45.0
-0.92407137 -1.02919650 -1.12342083 45.0
-0.59085900 0.95065159 1.21614885 45.0
0.63632751 -1.24953783 1.21949458 45.0
-1.37214196 -1.14042735 0.78697896 45.0
1.31702518 -0.78537589 1.14335275 45.0
-1.38350904 0.85512650 -1.01544726 45.0
-1.43558216 -0.52533263 0.76531839 45.0
-0.87533754 1.13204443 1.21113062 45.0
-0.12098009 -1.39095640 -0.82686239 45.0
0.91601396 1.39009273 -1.02980733 45.0
1.33025897 0.77596778 -0.88033628 45.0
-0.64492673 -0.44833562 -1.06402564 45.0
-0.90507036 0.79138929 1.21364856 45.0
-0.91165525 -1.09568632 -1.05989313 45.0
-0.25995648 1.42828512 1.12185109 45.0
-0.59350377 1.44037187 0.09231533 45.0
0.83633077 -0.64916462 1.21003139 45.0
-1.06057537 0.66606873 1.20800793 45.0
-0.59588754 0.52061349 -1.06398714 45.0
-1.29879248 -1.08130741 1.24500811 45.0
-1.45682406 -0.44833562 -0.45459422 45.0
-1.06434798 -0.35852462 1.21819317 45.0
-0.88644856 1.26090038 -1.04585862 45.0
-0.91737324 -1.36399090 -0.96073419 45.0
0.52810836 0.59229088 -1.06685281 45.0
-0.72718078 1.20421898 1.20931756 45.0
-0.59265667 0.99723625 -1.05782390 45.0
1.28190434 -1.18015242 0.78774709 45.0
0.19450687 -0.44350785 1.21638060 45.0
0.06478473 -0.93089348 -1.07745469 45.0
0.86403447 -0.73388755 -1.12929189 45.0
1.33392322 -0.81546175 0.99628544 45.0
0.52721691 0.62664217 1.20777631 45.0
1.28236234 -1.16663802 -0.59778911 45.0
-1.29440916 -0.89689207 -1.32741463 45.0
-0.97963631 -0.82790118 -1.28993618 45.0
0.18307079 1.30743349 -1.04499662 45.0
-0.11483357 1.05636954 1.21459115 45.0
-1.31181943 0.58754522 -1.15539169 45.0
1.02115989 -1.44937766 0.33005849 45.0
-1.37127018 0.54126644 1.12298763 45.0
1.23391414 -0.63612986 1.19464207 45.0
-0.37462261 0.55672729 -1.06397283 45.0
-1.31110036 0.60998648 1.18671799 45.0
1.11359406 -1.03079152 1.25588918 45.0
1.08030534 -0.96517229 -1.34001160 45.0
-1.37057090 -1.16704118 0.05555597 45.0
0.28114426 0.85512650 -1.06786180 45.0
0.35289308 -1.20122826 -1.04563987 45.0
0.80520910 1.44037187 0.09231533 45.0
-1.46752632 0.20530325 -0.19045876 45.0
0.90364206 -0.79305464 -1.26580906 45.0
0.18599138 1.44054937 0.28990966 45.0
0.03944018 -1.42353368 -0.59874892 45.0
1.29931450 -1.08354342 -0.59250498 45.0
0.93547791 1.44118369 -0.39871198 45.0
-1.43646371 0.73422998 0.29250973 45.0
-0.95590228 -1.44420874 -0.28466144 45.0
-1.27209842 -1.20036125 1.22844994 45.0
1.32857454 -0.05598326 0.97917485 45.0
1.33413494 -0.89276189 0.54870087 45.0
-0.26800409 1.44118369 -0.39871198 45.0
1.27712202 -1.03964722 -1.02069056 45.0
-0.44306669 -1.36402428 -0.96064001 45.0
1.32337368 -0.59137934 0.99018914 45.0
-0.27495340 0.62664217 1.20779347 45.0
-0.92407137 -1.02919650 -1.12342083 45.0
-0.73527271 1.38957369 -1.02976048 45.0
0.54813874 -1.39095640 -0.82686239 45.0
-0.59167165 1.44066107 0.90695310 45.0
-0.27082124 -0.87372130 1.23813522 45.0
-0.88037592 1.05636954 1.21459115 45.0
-1.20538306 0.62353593 1.20363927 45.0
1.34129119 0.81619471 0.49261579 45.0
1.34865916 -0.75917429 -0.49493179 45.0
1.09266245 -0.82790118 -1.37618887 45.0
1.36920166 0.60881913 -0.19641383 45.0
-0.11598112 1.44059455 -0.12139197 45.0
-0.37613952 0.57575554 -1.06478417 45.0
0.82335317 -0.84039211 1.22288883 45.0
-1.07138109 -0.71466964 -1.19963539 45.0
0.50547260 1.43337858 -0.91319978 45.0
0.81716228 0.41823050 -1.06477547 45.0
1.35663283 -0.62731153 -0.71222949 45.0
0.03364334 1.44090509 0.48272663 45.0
-1.39974225 -1.00112033 -0.27651355 45.0
0.50470918 -1.24173391 -1.04366219 45.0
0.89216167 0.93087226 -1.22262573 45.0
0.50363058 -1.06560802 1.26080990 45.0
-0.41606730 -1.18246758 1.24584496 45.0
-0.11572994 1.44066107 0.90695310 45.0
-0.14773323 0.77596778 -1.08150411 45.0
-0.36888486 -0.76031429 -1.07303703 45.0
-1.43847811 0.69122136 0.50203615 45.0
1.27991951 -1.20767641 0.05544526 45.0
-0.75196385 0.41823050 -1.06477547 45.0
1.28962684 0.57813895 -1.09468842 45.0
0.46755427 0.41823050 -1.06477547 45.0
1.31851256 -0.97787023 0.78169107 45.0
-1.46571386 0.20530325 -0.45604634 45.0
0.79577750 1.43334055 -0.91334152 45.0
1.02971470 -1.32098365 -1.03349280 45.0
1.23923326 -1.22539747 1.17324233 45.0
-1.42176235 -0.79305464 -0.59743446 45.0
0.71706462 -0.96517229 -1.09157455 45.0
-0.11597619 1.44037187 0.09231533 45.0
1.34630489 -0.71140420 0.76501298 45.0
-1.34351242 1.29926980 0.93346059 45.0
0.03971106 -1.44117677 0.54908556 45.0
0.37925220 -1.44937766 0.05162255 45.0
0.03493372 0.79138929 1.21364856 45.0
-0.97477525 1.09260213 -1.07016885 45.0
-0.80216539 -1.05471563 -1.06861079 45.0
0.79156655 1.41755497 -0.99980813 45.0
-0.36400411 -0.86260784 -1.07916105 45.0
0.02959983 1.39423633 1.18947113 45.0
-0.97038209 -0.93089348 -1.28763330 45.0
-1.40092421 -0.99642748 0.55076200 45.0
1.25668788 1.25554085 -0.88908827 45.0
-1.38009596 -0.89715928 -0.93776882 45.0
-0.41017196 1.36175871 1.20363212 45.0
-1.40572131 0.93789655 0.05835788 45.0
-0.74370939 -1.34488583 -1.01639116 45.0
-0.11520295 1.43337858 -0.91319978 45.0
-1.42413628 0.81617802 -0.19630718 45.0
-1.00591171 1.43318820 -0.91390836 45.0
-1.28238702 1.25883985 -1.00091469 45.0
0.06542499 1.03950572 -1.05344117 45.0
-1.41114378 -0.79305464 -0.73682398 45.0
1.06008780 -1.31361711 1.14087129 45.0
0.52989614 -0.22677350 1.21810269 45.0
-1.35943520 -1.03964722 -1.02069056 45.0
0.83561665 0.00104496 1.21335804 45.0
1.01252127 -1.42353368 -0.59874892 45.0
-0.59366632 -1.07432079 -1.05553484 45.0
1.11855364 0.90908331 1.21219718 45.0
1.35219538 -0.72818774 -0.51362729 45.0
1.22816658 -1.12384284 -1.02956069 45.0
1.32419121 -0.82790118 -0.72364610 45.0
-1.39469397 -0.79305464 -0.93768948 45.0
0.18496695 0.95065159 1.21614885 45.0
-1.36914754 1.20679152 0.46823582 45.0
-0.26828974 1.44129682 0.69095510 45.0
1.38067722 0.41795424 0.29478613 45.0
1.15119720 -0.74810219 1.20696259 45.0
-0.11717299 -1.20122826 -1.04563987 45.0
1.29127192 -0.54004002 -1.00650942 45.0
0.18207100 1.38957369 -1.02976048 45.0
-1.21904528 -1.26397943 1.20415580 45.0
-0.25903058 -1.24953783 1.21949458 45.0
1.34257662 -0.80888385 0.76804280 45.0
-1.19146478 -0.76013118 -1.29996789 45.0
0.52441943 -0.74517179 1.20960641 45.0
-1.37797821 0.73421931 -1.17610312 45.0
0.93547791 1.44118369 -0.39871198 45.0
-0.29013255 -0.44833562 -1.06402564 45.0
1.37633324 -0.44833562 -0.18441544 45.0
0.68011653 -0.77699918 1.20985854 45.0
-0.89076787 -0.99053842 1.25482690 45.0
-1.36116886 0.85512650 -1.16889274 45.0
-0.26989040 -0.91051751 1.24802387 45.0
0.92805088 -0.67964464 -1.08893275 45.0
-0.99338722 -1.28494680 -1.04139495 45.0
1.23967659 1.35487890 -0.90187502 45.0
-1.26466155 1.41454411 1.06625831 45.0
-1.21199751 1.41591847 1.13241708 45.0
0.98018301 0.62664217 1.20753562 45.0
0.34668747 1.44037187 0.09231533 45.0
-0.80068290 0.89364117 -1.08136201 45.0
0.63871616 1.26531637 1.20945430 45.0
-1.37384605 -1.33782887 0.33241394 45.0
1.16101289 0.56074703 -1.08799279 45.0
-0.99832708 1.39009273 -1.02980733 45.0
-0.14716683 -0.99876761 -1.06935132 45.0
1.07908881 1.43729162 -0.40043476 45.0
-1.36351323 -1.20767641 0.33466169 45.0
-1.35375655 -0.93100041 -1.15536869 45.0
-0.28790641 -1.44937766 0.33005849 45.0
-0.91609275 -0.71295500 1.20942438 45.0
-0.34707654 -0.62461787 -1.06234467 45.0
-0.75782967 -0.84039211 1.22288883 45.0
-0.15037307 0.61637115 -1.07015729 45.0
-1.35130394 -1.19443631 1.02851081 45.0
-1.06399834 0.57968938 1.20664847 45.0
1.01855934 0.52064466 -1.06819212 45.0
0.51101333 1.44129682 0.69095510 45.0
-1.32096040 1.31714809 1.10176337 45.0
-1.39051259 -0.84872353 1.16005647 45.0
1.11529326 -0.52932757 1.21021533 45.0
-0.12226062 -1.44937766 0.05162255 45.0
-1.44197488 0.41744262 0.72707832 45.0
0.93675351 1.44054937 0.28990966 45.0
0.88926572 -0.89689207 -1.30189264 45.0
1.23865211 1.31714809 1.10176337 45.0
-0.73642027 -1.31776905 1.13894463 45.0
1.32580173 -0.42000860 0.99027252 45.0
0.98168516 -0.22677350 1.21792507 45.0
-1.37057090 -1.16704118 0.05555597 45.0
1.07413912 1.43617392 -0.70385224 45.0
0.27316561 -1.09568632 -1.05145681 45.0
0.37262303 -1.39095640 -0.82686239 45.0
1.12503016 -0.00188941 1.20857167 45.0
-0.61037225 0.55672729 -1.06397283 45.0
0.88881260 -0.99878138 -1.23043990 45.0
-1.29726577 0.89364117 -1.28041339 45.0
-1.39738798 -0.96624118 -0.66852164 45.0
1.11529326 -0.52932757 1.21021533 45.0
-0.88723660 1.44090509 0.48272663 45.0
0.95635539 0.99487746 1.21633112 45.0
0.51489925 -0.91051751 1.24802387 45.0
-1.41796017 -0.86266112 -0.47716436 45.0
1.03107405 -1.29041088 1.19129264 45.0
0.78958666 1.38967764 -1.02976990 45.0
0.19347259 0.00104496 1.21524239 45.0
1.29323208 -0.93142790 -0.94788527 45.0
-1.42204309 -0.69131798 -0.84188133 45.0
-0.75606644 0.83310550 1.21755171 45.0
-0.80213583 -0.86260784 -1.09948373 45.0
0.03588426 -0.68061060 1.20957136 45.0
1.36592650 0.56961018 -0.70136434 45.0
-0.41437307 1.26531637 1.20945430 45.0
1.25777626 1.35271716 0.07090283 45.0
-0.43709746 -0.77699918 1.20985854 45.0
-0.26491606 1.41757083 -0.99967015 45.0
-0.26220232 -1.32029080 -1.03509617 45.0
0.03326903 1.44008315 -0.70355749 45.0
-1.29531050 0.97691989 -1.19184172 45.0
-0.26828974 1.44129682 0.69095510 45.0
-0.25601640 1.39423633 1.18947113 45.0
-1.21330762 -0.91341269 1.24527478 45.0
-1.39974225 -1.00112033 -0.27651355 45.0
1.22039974 0.73177963 1.18792605 45.0
-0.60144794 -0.84039211 1.22288883 45.0
1.36248386 0.60886103 -0.70062178 45.0
1.26567125 1.29455829 -0.45487872 45.0
-1.21199751 1.41591847 1.13241708 45.0
1.32111800 -0.72785270 -0.96041787 45.0
-1.35758829 -1.26186848 0.33389941 45.0
-1.04258895 0.81617802 -1.38478947 45.0
-0.29783541 1.20841384 -1.04687607 45.0
1.02115989 -1.44937766 0.33005849 45.0
-1.20538306 0.62353593 1.20363927 45.0
-1.44742703 0.64847356 0.06156009 45.0
-1.36939871 1.20675743 0.05653027 45.0
0.28596100 0.69120771 -1.07855999 45.0
-0.42899567 1.44037187 0.09231533 45.0
1.09801102 -1.35322297 0.99717039 45.0
0.51722389 0.69120771 -1.07855999 45.0
0.80520910 1.44037187 0.09231533 45.0
0.04833490 -0.53800666 -1.06303573 45.0
1.31215429 0.89364117 -0.87876850 45.0
0.93601477 0.52061981 -1.06698906 45.0
0.51103795 1.44054937 0.28990966 45.0
-0.36317667 -0.89689207 -1.07831478 45.0
-0.61355388 -0.35852462 1.21819317 45.0
-1.25161004 -1.06040859 -1.16221869 45.0
0.83699566 -0.62040687 1.21051395 45.0
-1.40845966 -0.28661570 0.98866266 45.0
-0.11868992 -1.36402428 -0.96064001 45.0
-0.75240713 -0.91051751 1.24802387 45.0
-1.12373972 1.41511464 -1.00030088 45.0
-1.18179190 1.14757431 -1.04713058 45.0
0.95417851 -0.89689207 -1.38320160 45.0
-0.74547750 -0.99053842 1.25482690 45.0
0.18530187 1.44066107 0.90695310 45.0
-1.37837219 -0.44874245 -1.01010585 45.0
-0.63354480 -0.31202215 -1.06471550 45.0
-1.20086181 0.90908331 1.21219718 45.0
-0.59068662 -0.99876761 -1.06935132 45.0
-0.80219001 -1.42353368 -0.59874892 45.0
0.96349186 -0.82790118 -1.36637223 45.0
0.06516396 -1.05471563 -1.05997932 45.0
-0.77073342 0.00104496 1.21438587 45.0
0.93707860 1.44059455 -0.12139197 45.0
-1.31204593 0.85668015 1.19236672 45.0
-1.43057334 0.77597070 0.06051796 45.0
-0.11868992 -0.58578360 1.21134388 45.0
-0.11875887 -0.44350785 1.21638060 45.0
0.79302931 1.13204443 1.21113062 45.0
-1.36846292 -1.10493350 1.02837908 45.0
-0.72305351 -1.29166138 1.19155395 45.0
-1.24866974 -0.07334872 -1.05871677 45.0
-1.40675557 0.81617802 -0.87983340 45.0
1.10685158 1.05328095 1.20960975 45.0
0.19221178 0.66606873 1.20800793 45.0
0.98018301 0.62664217 1.20753562 45.0
0.51101333 1.44129682 0.69095510 45.0
-1.19727635 -0.73297346 -1.25173950 45.0
0.96849579 -0.95031148 1.25138414 45.0
-1.41129649 -0.68770230 0.99170411 45.0
1.29188752 -0.79305464 -1.14305925 45.0
1.12570977 0.57727057 -1.13394129 45.0
1.36149395 -0.06730232 0.75406367 45.0
-1.07385349 -0.68061060 1.20957136 45.0
0.65411204 -1.31776905 1.13894463 45.0
-0.76017398 -0.80856586 1.21259224 45.0
0.36842683 -1.40837300 0.77084756 45.0
0.06497189 0.93085724 -1.06444335 45.0
-0.11574471 -0.99053842 1.25482690 45.0
-0.74816662 0.91217649 1.21700907 45.0
0.34695834 0.91217649 1.21700907 45.0
-1.43909872 0.52513868 -0.89039534 45.0
0.52441943 -0.74517179 1.20960641 45.0
-1.33567166 0.64927071 -1.25051379 45.0
0.83699566 -0.62040687 1.21051395 45.0
-0.13787317 1.15084016 -1.04889417 45.0
0.55757523 -1.44937766 0.05162255 45.0
1.23967659 1.35487890 -0.90187502 45.0
0.66159821 1.44008315 -0.70355749 45.0
-1.36780298 0.79480696 1.12281358 45.0
-1.40634179 -0.94279593 0.78090775 45.0
0.03196388 -1.28457868 -1.04141653 45.0
1.28120494 -1.20767641 0.33466169 45.0
-1.39883602 0.99941355 0.27997500 45.0
-0.73799628 -1.06560802 1.26080990 45.0
1.36869931 0.52331740 -0.70218903 45.0
1.30506217 -0.72831464 -1.11043406 45.0
1.29356205 0.91241759 1.12068343 45.0
-1.01347673 1.44004488 -0.70369923 45.0
1.28844976 0.95666158 1.11941147 45.0
1.11371720 0.83000886 1.21273792 45.0
-0.42886764 1.44090509 0.48272663 45.0
1.10896444 -0.70244306 -1.15550947 45.0
-1.42003357 0.77599627 0.72067726 45.0
-0.11756207 0.74840456 1.21026802 45.0
-0.11574471 -0.99053842 1.25482690 45.0
0.17380176 1.41498995 1.16195774 45.0
-1.40578043 0.93789655 0.28206995 45.0
0.81279868 -0.95031148 1.25138414 45.0
0.28596100 0.69120771 -1.07855999 45.0
-1.16174185 -1.03048110 -1.24573612 45.0
1.28210628 -1.32489634 -0.60069692 45.0
1.34845221 0.77597940 0.29076332 45.0
-0.98795974 -1.32065189 -1.03516722 45.0
1.38035214 0.41823050 -0.19610313 45.0
-1.01565361 1.44068551 0.90683764 45.0
0.95444447 -1.05499995 -1.18911052 45.0
-1.10998392 1.41571856 1.15512013 45.0
0.49517420 1.20421898 1.20931756 45.0
-0.79051262 -1.16575146 -1.04716051 45.0
1.27509785 -0.89694571 -1.16130602 45.0
0.81508392 0.87327427 1.21864378 45.0
-1.41159689 -0.92658925 0.54966158 45.0
1.08030534 -0.96517229 -1.34001160 45.0
0.80496776 1.44054937 0.28990966 45.0
-1.01901746 1.44129682 0.69095510 45.0
0.18599138 1.44054937 0.28990966 45.0
0.35478923 -0.77699918 1.20985854 45.0
0.87627333 -1.44937766 0.05162255 45.0
0.50797945 -0.93089348 -1.07745469 45.0
1.20568848 1.41104293 0.48096427 45.0
-0.90566140 -0.84039211 1.22288883 45.0
0.06523784 0.99723625 -1.05782390 45.0
-1.20362973 0.64975965 -1.29714322 45.0
-1.43096733 -0.75917429 -0.49493179 45.0
-0.43851095 0.70569485 1.20866323 45.0
-0.36424541 0.99723625 -1.05782390 45.0
1.37715077 -0.07334872 -0.68829018 45.0
0.66515905 1.44054937 0.28990966 45.0
0.25686353 0.41823050 -1.06477547 45.0
1.27509785 -0.89694571 -1.16130602 45.0
-1.28832173 1.18767226 1.18179905 45.0
-0.95587766 -0.70132196 -1.09401131 45.0
-1.38090372 0.99941355 -0.87757051 45.0
0.40455735 0.20530325 -1.06571960 45.0
0.68450975 0.66606873 1.20800793 45.0
1.18979025 -1.20036125 1.22844994 45.0
0.20559819 -1.44937766 0.33005849 45.0
-0.11337081 -1.29166138 1.19155395 45.0
-1.31294227 0.56302351 1.18544793 45.0
1.28709042 1.20675743 0.05653027 45.0
-0.90841943 0.74840456 1.21026802 45.0
0.96113765 -1.09539223 -1.07842660 45.0
1.26797128 1.29492784 0.47268230 45.0
0.83825648 -0.44350785 1.21638060 45.0
1.25341260 -0.85585439 1.21515977 45.0
-1.00591171 1.43318820 -0.91390836 45.0
0.03971106 -1.44420874 -0.28466144 45.0
1.24804425 -0.73077768 -1.21122909 45.0
-0.79935312 -0.93089348 -1.09655929 45.0
-1.41145897 0.85512650 -0.69912350 45.0
0.84346724 -1.05471563 -1.10313988 45.0
-0.71646869 1.31786716 1.20877755 45.0
0.48140365 1.41498995 1.16195774 45.0
0.81900430 0.83310550 1.21755171 45.0
0.81681263 -0.91051751 1.24802387 45.0
-1.38723242 -1.07857823 0.55336022 45.0
-0.14791052 -0.82790118 -1.07975769 45.0
-1.43140566 -0.61235464 0.76373667 45.0
-0.42018467 -1.28457868 -1.04141653 45.0
-1.38672030 -0.96624118 -0.80571866 45.0
-1.43586290 -0.72483099 0.54390597 45.0
-0.88755673 1.44059455 -0.12139197 45.0
1.35561824 0.52257758 0.72909093 45.0
0.89607716 1.41555250 1.16111922 45.0
0.98498499 0.26636773 1.20541024 45.0
-1.23351038 -0.74810219 1.20696259 45.0
-0.97157890 -0.89689207 -1.30189264 45.0
-1.37057090 -1.16704118 0.05555597 45.0
-1.39446247 -1.01669610 0.78245407 45.0
1.26273584 -1.26272523 1.01963723 45.0
-1.37159526 0.93782532 -1.00685084 45.0
-1.07761133 -0.70139551 -1.14832354 45.0
0.52929038 0.47437891 1.20788419 45.0
-1.46803856 0.20520681 0.07006618 45.0
1.26780379 -1.20320535 -0.82838321 45.0
1.25707698 -1.20144105 -0.96828437 45.0
1.30349100 -0.88053167 1.16928744 45.0
0.03089514 1.42828512 1.12185109 45.0
-0.94954890 -0.67962039 -1.07520580 45.0
-0.56335235 -0.62461787 -1.06234467 45.0
1.36920667 -0.44842410 -0.69003350 45.0
0.88704944 -0.53800666 -1.06303573 45.0
0.77425486 1.42832637 1.12170839 45.0
-1.40530753 0.93789655 0.48158517 45.0
0.65825403 0.99487746 1.21633112 45.0
0.63871616 1.26531637 1.20945430 45.0
-0.27082124 -0.87372130 1.23813522 45.0
-0.82820439 0.59229088 -1.07426000 45.0
1.26080525 -1.24910414 -0.82965410 45.0
0.29231438 0.55672729 -1.06397283 45.0
1.28935111 -1.16704118 0.33450344 45.0
0.91920048 -1.31797826 1.13866627 45.0
-0.43721074 0.74840456 1.21026802 45.0
0.06542007 0.77596778 -1.08150411 45.0
-0.67176360 0.20530325 -1.06571960 45.0
0.35938928 0.47437891 1.20813358 45.0
-1.43569541 0.73421931 -0.19635232 45.0
1.32082736 -0.96570671 -0.51996720 45.0
1.03917086 1.39059019 -1.02665889 45.0
-0.26828974 1.44129682 0.69095510 45.0
1.32413709 -0.96517229 0.05118065 45.0
1.36196184 -0.62686878 -0.51491916 45.0
-0.93496573 -1.40837300 0.77084756 45.0
-0.94954890 -0.67962039 -1.07520580 45.0
0.35793638 0.62664217 1.20779347 45.0
-0.59205580 0.81617802 -1.07612872 45.0
0.82808620 -0.62461787 -1.06460428 45.0
1.33881879 -0.85864520 0.54758197 45.0
0.18875435 0.83310550 1.21755171 45.0
1.11321485 0.78829086 1.20913613 45.0
0.03638170 -0.35852462 1.21819317 45.0
-0.59366632 -1.07432079 -1.05553484 45.0
-1.44206357 0.69121498 0.29391092 45.0
-1.43569541 0.73421931 -0.19635232 45.0
0.50935847 1.44066107 0.90695310 45.0
-1.36551774 -1.00111425 -0.99880248 45.0
-0.26881674 -0.95031148 1.25138414 45.0
-1.41171026 -0.84791714 1.00297070 45.0
-0.74816662 0.91217649 1.21700907 45.0
-1.40649450 -0.96069694 0.55026740 45.0
-1.31181943 0.58754522 -1.15539169 45.0
0.34668747 1.44037187 0.09231533 45.0
0.06542007 0.77596778 -1.08150411 45.0
0.84086680 -0.89689207 -1.17993534 45.0
-1.35375655 -0.93100041 -1.15536869 45.0
-1.30191004 -1.32496011 1.00537574 45.0
0.29233900 0.59229088 -1.06685281 45.0
-0.80475599 -1.44420874 -0.28466144 45.0
1.07942867 -1.03048110 -1.24573612 45.0
-0.91609275 -0.71295500 1.20942438 45.0
-0.27681509 -0.52639788 1.21346092 45.0
-0.12567863 1.20841384 -1.04687607 45.0
1.32299447 0.93789655 0.48158517 45.0
-0.44212598 -0.22677350 1.21811545 45.0
1.06008780 -1.31361711 1.14087129 45.0
-1.29440916 -0.89689207 -1.32741463 45.0
0.06734086 -0.73388755 -1.07017469 45.0
0.03971106 -1.44117677 0.54908556 45.0
0.36074862 -0.58578360 1.21134388 45.0
0.50547260 1.43337858 -0.91319978 45.0
-0.12314221 -0.44833562 -1.06402564 45.0
-0.96440792 0.57575554 -1.08530104 45.0
-1.37193513 0.57813895 -1.09468842 45.0
0.70158505 -1.09568632 -1.05314398 45.0
0.19337903 -0.64916462 1.21003139 45.0
-1.42991340 -0.79305464 0.05097822 45.0
-0.14738846 0.96421671 -1.06285536 45.0
-0.58095461 -1.28457868 -1.04141653 45.0
1.08030534 -0.96517229 -1.34001160 45.0
-1.39046824 -0.98438436 1.02205861 45.0
0.33205992 1.26531637 1.20945430 45.0
-0.90131742 0.83310550 1.21755171 45.0
-1.38084459 -0.75919968 -1.12817907 45.0
0.50935847 1.44066107 0.90695310 45.0
1.11773109 -0.58871508 1.20828545 45.0
0.88849247 -1.09562755 -1.07034945 45.0
0.33205992 1.26531637 1.20945430 45.0
0.87746024 0.59229088 -1.10389197 45.0
-0.61296284 0.57575554 -1.06478417 45.0
0.96103424 0.95065159 1.21614885 45.0
-1.33100259 -0.88916582 1.22643030 45.0
-0.88751733 1.44037187 0.09231533 45.0
0.28248882 0.77596778 -1.08150411 45.0
-1.24990594 0.52359790 -1.06104982 45.0
1.22951114 0.58754522 -1.15539169 45.0
-1.28328824 1.41213500 0.91376394 45.0
-1.34964418 -0.72868305 1.19445670 45.0
0.71893126 -0.07334872 -1.06555080 45.0
-1.06399345 -0.22677350 1.21792507 45.0
-0.31291112 -0.53800666 -1.06303573 45.0
1.33352423 -0.89694571 -0.26251447 45.0
0.06590272 0.73421931 -1.08154774 45.0
-1.07138109 -0.71466964 -1.19963539 45.0
-1.45925713 -0.44833562 0.09067485 45.0
0.03163883 -1.32029080 -1.03509617 45.0
1.23028934 -1.00623930 1.23930752 45.0
-1.37766302 0.89364117 -1.01167786 45.0
-1.26327765 1.34265280 1.17459798 45.0
1.28705597 0.58822906 1.12460625 45.0
-1.38350904 0.85512650 -1.01544726 45.0
-1.36527634 0.99905783 -1.00083816 45.0
0.83378452 -0.71295500 1.20942438 45.0
1.29858565 1.07886219 0.94191140 45.0
1.29608369 -1.12685668 0.05443953 45.0
-1.38350904 0.85512650 -1.01544726 45.0
-0.97895670 1.03937054 -1.10040236 45.0
0.98498499 0.26636773 1.20541024 45.0
0.95279950 -1.35749018 0.99586505 45.0
-1.09709501 0.20530325 -1.06571960 45.0
1.20098007 1.41213500 0.91376394 45.0
-1.34344840 -0.69633752 1.19441032 45.0
-0.88920170 0.95065159 1.21614885 45.0
-0.14743279 0.81617802 -1.07612872 45.0
-1.16926241 0.85512650 -1.37239826 45.0
-1.36360180 0.66732359 1.12528419 45.0
1.37451589 -0.44833562 -0.45459422 45.0
1.26597655 -0.76088423 1.19543028 45.0
1.27955997 1.14599931 -0.88448495 45.0
-1.44742703 0.64847356 0.06156009 45.0
0.28055817 -0.96517229 -1.07445872 45.0
1.28847933 -0.96570671 -0.96970183 45.0
0.04833490 -0.53800666 -1.06303573 45.0
1.31043053 -1.04070342 -0.28146213 45.0
-1.42861319 -0.71140420 0.76501298 45.0
0.88209480 0.57575554 -1.08530104 45.0
0.29050687 0.61637115 -1.07015729 45.0
-0.50503427 -0.53800666 -1.06303573 45.0
-1.40515494 0.93789655 -0.19623287 45.0
-0.73591298 1.35085464 -1.04166818 45.0
-1.28832173 1.18767226 1.18179905 45.0
-0.11234640 1.36175871 1.20363212 45.0
-1.33975458 1.35275090 -0.16714236 45.0
1.13999748 -0.84327573 1.22144735 45.0
1.31851256 -0.97787023 0.78169107 45.0
1.19889188 1.41051555 -0.70350462 45.0
0.65007347 -1.11537230 1.25887120 45.0
-0.11776893 -0.74517179 1.20960641 45.0
1.33597207 0.73421931 -0.88083112 45.0
0.34076256 1.43684196 1.05328500 45.0
0.64486760 1.20421898 1.20931756 45.0
-1.36732519 -1.12663841 -0.82428581 45.0
0.98498499 0.26636773 1.20541024 45.0
-1.21083522 0.26332131 1.20108509 45.0
-0.69434518 -0.53800666 -1.06303573 45.0
0.03619454 0.26636773 1.21063030 45.0
0.54215962 -1.40837300 0.77084756 45.0
1.35791337 0.64848119 -0.70027620 45.0
0.66159821 1.44008315 -0.70355749 45.0
-0.95122343 -0.71488571 -1.11288798 45.0
-0.56348038 1.39423633 1.18947113 45.0
0.35384363 1.26090038 -1.04585862 45.0
-0.97080070 -1.09562755 -1.07034945 45.0
1.28565729 -0.99135458 1.18013871 45.0
-1.19552803 0.78829086 1.20913613 45.0
0.72819042 0.52061349 -1.06425726 45.0
-1.05310404 -0.79305464 -1.33428836 45.0
-1.43894112 -0.62731153 -0.71222949 45.0
1.37279701 -0.44608253 0.54786462 45.0
-1.41461599 0.85513669 0.71321809 45.0
-0.87189984 1.38967764 -1.02976990 45.0
-0.34707654 -0.62461787 -1.06234467 45.0
0.94342208 -1.16575146 -1.04716051 45.0
-0.89912575 -0.91051751 1.24802387 45.0
1.26367652 -1.10732400 1.18828666 45.0
1.18564820 1.35454619 -1.00474656 45.0
0.50899899 0.85512650 -1.06786180 45.0
0.19163062 0.70569485 1.20866323 45.0
1.13581121 -0.87660164 1.23595226 45.0
1.27732396 -1.20727313 -0.28316134 45.0
0.92207670 -0.71484256 -1.16513050 45.0
-1.28830695 1.41050684 0.08470064 45.0
0.67299485 -0.87372130 1.23813522 45.0
-0.59167165 1.44066107 0.90695310 45.0
-1.06040788 -0.76026601 -1.29261684 45.0
1.33392322 -0.81546175 0.99628544 45.0
0.32786372 1.36175871 1.20363212 45.0
0.95417851 -0.89689207 -1.38320160 45.0
1.29608369 -1.12685668 0.05443953 45.0
0.35934496 0.00104496 1.21524239 45.0
1.34519672 -0.77481824 0.76719034 45.0
1.34462547 -0.62908125 -0.87327391 45.0
0.18258321 1.05636954 1.21459115 45.0
1.35816944 -0.69087559 -0.26540783 45.0
-0.26651672 -1.02786219 1.25881863 45.0
1.38051462 -0.31202540 0.09373714 45.0
0.52054340 0.79138929 1.21364856 45.0
1.32933307 -0.93089348 0.32920879 45.0
1.28170240 -1.20217133 0.55589467 45.0
0.77294970 -1.12859154 -1.04999447 45.0
0.95444447 -1.05499995 -1.18911052 45.0
1.33722794 -0.78250062 0.99407369 45.0
0.06235173 -1.09568632 -1.05145681 45.0
1.26780379 -1.20320535 -0.82838321 45.0
-1.01565361 0.59223664 -1.14821684 45.0
-0.11855695 -0.62040687 1.21051395 45.0
1.29349315 -1.06670475 1.02592981 45.0
0.35489759 0.74840456 1.21026802 45.0
-0.42779395 -0.99053842 1.25482690 45.0
-0.42509499 0.99487746 1.21633112 45.0
0.74589616 0.59229088 -1.07426000 45.0
-1.41796017 -0.86266112 -0.47716436 45.0
1.31853724 0.73421931 -1.01880527 45.0
0.28596100 0.69120771 -1.07855999 45.0
-0.99832708 1.39009273 -1.02980733 45.0
1.22131085 -0.45919240 1.19765651 45.0
0.90949309 -1.25169480 1.21855044 45.0
1.26743436 1.20608175 -0.88750678 45.0
1.30243707 -1.08354342 -0.28313711 45.0
-0.91121197 -0.77699918 1.20985854 45.0
0.92199302 1.31786716 1.20877755 45.0
0.92199302 1.31786716 1.20877755 45.0
-1.21916354 -0.65209752 1.20714128 45.0
1.23028934 -1.00623930 1.23930752 45.0
-0.98795974 -1.32065189 -1.03516722 45.0
1.19514382 1.24828744 1.18111420 45.0
0.65803730 1.43337858 -0.91319978 45.0
1.30547094 0.52651846 -1.01058447 45.0
-1.18231392 1.12895703 1.20610690 45.0
-1.41629553 0.85512650 -0.46054491 45.0
-1.39638329 0.99941355 -0.46025869 45.0
1.23967659 1.35487890 -0.90187502 45.0
-1.44758463 0.20606540 -0.89324820 45.0
-1.35152555 1.25317848 -0.69980431 45.0
0.34657419 1.44054937 0.28990966 45.0
1.08694923 0.85512650 -1.37239826 45.0
0.64930511 -1.28457868 -1.04141653 45.0
1.33516431 0.81617802 -0.69935590 45.0
1.34776270 -0.79305464 0.32787761 45.0
0.18227293 1.35085464 -1.04166818 45.0
0.88070101 0.55672729 -1.07162571 45.0
-1.27592528 -1.24238837 -1.02720332 45.0
0.97044611 0.73421931 -1.37569416 45.0
0.50895953 0.93085724 -1.06444335 45.0
-0.58095461 -1.28457868 -1.04141653 45.0
1.38428724 -0.07334872 -0.18059899 45.0
-0.25733635 1.36175871 1.20363212 45.0
-0.14821096 0.73421931 -1.08154774 45.0
1.30440712 -0.96624118 -0.80571866 45.0
-0.99986863 1.35141170 -1.04157329 45.0
-1.20205379 -0.36144015 1.21451652 45.0
0.37262303 -1.39095640 -0.82686239 45.0
-1.42560887 -0.82790118 0.05045126 45.0
-1.42473710 0.81618041 0.05996044 45.0
-1.46803856 0.20520681 0.07006618 45.0
-1.38029790 1.14731216 -0.19613498 45.0
-1.43666565 -0.72818774 -0.26691863 45.0
1.36475921 -0.62686878 0.06283199 45.0
0.03909050 -0.31202215 -1.06471550 45.0
-0.74191666 -1.02786219 1.25881863 45.0
1.23923326 -1.22539747 1.17324233 45.0
1.30866730 1.07511234 0.27760288 45.0
-1.10998392 1.41571856 1.15512013 45.0
1.26859176 1.25697649 0.93500537 45.0
0.98906791 -0.71466964 -1.19963539 45.0
1.31486309 0.69499379 0.96337765 45.0
-1.03510773 -0.93089348 -1.36406934 45.0
0.19264518 0.62664217 1.20779347 45.0
-1.43411446 -0.75917429 0.32776642 45.0
1.34680235 -0.79305464 -0.26083043 45.0
-0.60122138 -0.67962039 -1.06390727 45.0
-0.80171722 0.96421671 -1.07375169 45.0
0.03504699 1.26090038 -1.04585862 45.0
0.39699239 1.20841384 -1.04687607 45.0
-1.36780298 0.79480696 1.12281358 45.0
-1.07761133 -0.70139551 -1.14832354 45.0
-1.17328131 1.20113301 1.20418549 45.0
0.20441617 -1.44420874 -0.28466144 45.0
0.06656761 0.69120771 -1.07855999 45.0
-0.88727599 1.44054937 0.28990966 45.0
-0.76500553 0.70569485 1.20866323 45.0
1.29400039 -1.12685668 -0.28297445 45.0
1.36503994 0.64847589 0.29496747 45.0
-0.28110486 -1.40837300 0.77084756 45.0
-1.34974265 1.20608175 -0.88750678 45.0
-0.42310527 1.41757083 -0.99967015 45.0
1.16261852 -0.31202215 -1.05775511 45.0
-1.34344840 -0.69633752 1.19441032 45.0
1.29122758 0.83499855 1.12252522 45.0
1.22816658 -1.12384284 -1.02956069 45.0
1.12503016 -0.00188941 1.20857167 45.0
1.32413709 -0.96517229 0.05118065 45.0
-1.41461599 0.85513669 0.71321809 45.0
1.27991951 -1.20767641 0.05544526 45.0
1.20968759 -0.93089348 -1.31131208 45.0
1.30620480 1.07511234 -0.46014535 45.0
-1.45154929 -0.53800666 -0.48040095 45.0
-0.58594376 -1.06560802 1.26080990 45.0
1.22378325 -0.37415588 1.19847941 45.0
-1.36360180 0.66732359 1.12528419 45.0
-1.35604680 -1.26186848 0.05412236 45.0
1.35664272 -0.68768597 0.54248327 45.0
-0.36346725 -1.02919650 -1.06430352 45.0
0.87627333 -1.44937766 0.05162255 45.0
1.36503994 0.64847589 0.29496747 45.0
0.90364206 -0.79305464 -1.26580906 45.0
-1.35130394 -1.19443631 1.02851081 45.0
-1.43313444 -0.75917429 -0.26302132 45.0
0.51034844 0.99723625 -1.05782390 45.0
0.96825933 -1.36385715 -0.96111077 45.0
-0.80216539 -1.05471563 -1.06861079 45.0
-0.80219001 -1.42353368 -0.59874892 45.0
0.91601396 1.39009273 -1.02980733 45.0
-0.58625406 1.30743349 -1.04499662 45.0
-0.44024462 0.62664217 1.20779347 45.0
1.35989821 -0.31202215 -0.88353056 45.0
-0.14746727 -0.86260784 -1.07916105 45.0
-1.46479285 -0.07334872 -0.44804239 45.0
1.30749512 -0.82790118 -0.93331999 45.0
-0.96440792 0.57575554 -1.08530104 45.0
0.32955796 1.31786716 1.20877755 45.0
0.35129735 0.83310550 1.21755171 45.0
-1.38723242 -1.07857823 0.55336022 45.0
0.27316561 -1.09568632 -1.05145681 45.0
-1.00585759 1.30754495 -1.04497766 45.0
-1.19760144 -0.52932757 1.21021533 45.0
0.85135233 0.73421931 -1.17958844 45.0
1.35616994 0.69122136 0.50203615 45.0
-0.43940735 -0.71295500 1.20942438 45.0
-0.61216003 0.26636773 1.21028233 45.0
0.52474940 0.70569485 1.20866323 45.0
-1.00430119 1.31786716 1.20877755 45.0
-1.30270791 0.73177963 1.18792605 45.0
0.23060291 -0.53800666 -1.06303573 45.0
-1.38406074 -1.04068518 -0.78817326 45.0
-0.28356248 -1.39095640 -0.82686239 45.0
-1.35375655 -0.93100041 -1.15536869 45.0
0.35354811 -0.80856586 1.21259224 45.0
-1.13463402 -1.28596127 -1.03930283 45.0
-0.73591298 1.35085464 -1.04166818 45.0
-1.39033532 1.07511234 -0.19617459 45.0
-1.40084541 0.73421931 -1.01880527 45.0
-0.74816662 0.91217649 1.21700907 45.0
-1.22993958 -0.77991718 1.20776927 45.0
0.51221997 -0.82790118 -1.07975769 45.0
-0.95590228 -1.44420874 -0.28466144 45.0
1.34765434 0.77596778 -0.19632994 45.0
1.27838778 -1.03189886 1.18322277 45.0
1.01917005 -1.44937766 0.05162255 45.0
-1.03515208 -0.96517229 -1.33123755 45.0
0.18377016 0.99487746 1.21633112 45.0
1.35602701 -0.69087559 -0.52749860 45.0
1.35435748 -0.72818774 -0.26691863 45.0
0.88807386 -0.93089348 -1.28763330 45.0
-1.03675270 -1.05499995 -1.18911052 45.0
0.71836978 0.89364117 -1.08136201 45.0
1.38475513 -0.07353836 0.32550147 45.0
0.38555631 -1.16575146 -1.04716051 45.0
0.29233900 0.59229088 -1.06685281 45.0
0.52124274 -0.73388755 -1.07017469 45.0
-1.03515208 -0.96517229 -1.33123755 45.0
1.31861603 -0.99642748 0.55076200 45.0
1.26367652 -1.10732400 1.18828666 45.0
-1.33117497 -1.24414623 -0.96865124 45.0
-1.45682406 -0.44833562 -0.45459422 45.0
0.35489759 0.74840456 1.21026802 45.0
-0.28672439 -1.44420874 -0.28466144 45.0
0.50809765 -1.34488583 -1.01639116 45.0
1.35791337 0.64848119 -0.70027620 45.0
-1.05968893 -0.87372130 1.23813522 45.0
0.18370120 1.43337858 -0.91319978 45.0
-0.74547750 -0.99053842 1.25482690 45.0
0.19429509 -0.58578360 1.21134388 45.0
0.51122016 1.44059455 -0.12139197 45.0
-0.99846005 1.36187220 1.20348549 45.0
-1.06249130 0.62664217 1.20753562 45.0
0.33232588 1.42828512 1.12185109 45.0
1.07712865 -1.20120573 -1.04338837 45.0
0.77295953 -1.24996924 1.21930575 45.0
-1.20796883 -0.62333941 1.20755386 45.0
1.22951114 0.58754522 -1.15539169 45.0
0.28169096 -0.86260784 -1.07916105 45.0
1.11736178 -0.44643280 1.21288860 45.0
-0.41847566 -1.32029080 -1.03509617 45.0
1.08579195 0.93134654 -1.28726435 45.0
1.27451670 1.25258780 -0.45968789 45.0
1.31238580 -0.79305464 -0.93768948 45.0
-0.60222119 1.26090038 -1.04585862 45.0
-0.95169628 -0.07334872 -1.06555080 45.0
0.88849247 -1.09562755 -1.07034945 45.0
1.32418633 -0.96069694 0.55026740 45.0
0.51103795 1.44054937 0.28990966 45.0
-1.38057375 1.14731216 0.47000951 45.0
1.32914591 0.85512650 -0.69912350 45.0
-1.20064521 0.59166956 -1.18165100 45.0
0.66197246 0.95065159 1.21614885 45.0
0.33205992 1.26531637 1.20945430 45.0
-0.56371677 1.41498995 1.16195774 45.0
0.55123657 -0.31202215 -1.06471550 45.0
-1.39501905 -0.81721956 1.14983976 45.0
1.35304737 0.56940657 0.73030519 45.0
-1.19602537 0.83000886 1.21273792 45.0
1.25029504 1.35353696 -0.70181090 45.0
-0.87808573 1.43334055 -0.91334152 45.0
-0.60007387 0.83310550 1.21755171 45.0
0.03364334 1.44054937 0.28990966 45.0
0.52289265 0.74840456 1.21026802 45.0
-1.06984937 -0.77699918 1.20985854 45.0
-0.58095461 -1.28457868 -1.04141653 45.0
-0.92220968 -0.96517229 -1.16004455 45.0
0.33205992 1.26531637 1.20945430 45.0
1.35123003 0.73423922 0.49948385 45.0
1.27086222 -1.26071584 -0.28459656 45.0
0.34159490 1.30743349 -1.04499662 45.0
-1.25008821 -1.43621087 0.54933089 45.0
-0.80429304 1.03950572 -1.05770171 45.0
0.03364334 1.44090509 0.48272663 45.0
-1.28625321 1.41112030 -0.41201863 45.0
-1.30872643 0.64942276 1.18751705 45.0
-0.14465997 -1.09568632 -1.05145681 45.0
-1.34473383 1.07336128 -0.99897331 45.0
-1.38064766 -1.00148690 -0.87198454 45.0
0.03330844 0.95065159 1.21614885 45.0
-0.26651672 -1.02786219 1.25881863 45.0
1.12740409 0.47127107 1.20017767 45.0
0.35289308 -1.20122826 -1.04563987 45.0
-0.59350377 1.44037187 0.09231533 45.0
-0.59181941 0.96421671 -1.06285536 45.0
-1.43475962 0.69120771 -0.70002311 45.0
0.91824502 1.41749191 -1.00035977 45.0
1.27871776 0.71005815 1.12371206 45.0
1.32467389 0.69120771 -1.01668811 45.0
1.31219864 -1.03589332 0.55182946 45.0
0.34076256 1.43684196 1.05328500 45.0
-0.58594376 -1.06560802 1.26080990 45.0
-1.31622732 -0.63612986 1.19464207 45.0
1.31520295 0.73801225 0.96068859 45.0
-0.59352839 1.44059455 -0.12139197 45.0
1.11949432 -0.99346668 1.25193250 45.0
0.51891321 -0.67962039 -1.06390727 45.0
1.20601356 1.18767226 1.18179905 45.0
1.27997863 -1.41040349 0.05184181 45.0
-1.42893326 -0.67492747 0.76360101 45.0
0.68690825 0.57968938 1.20742190 45.0
0.50948161 -0.99053842 1.25482690 45.0
1.01120627 -0.07334872 -1.06555080 45.0
-0.42218921 1.38957369 -1.02976048 45.0
-0.77330428 -1.36402428 -0.96064001 45.0
0.93675351 1.44054937 0.28990966 45.0
0.03474164 -0.84039211 1.22288883 45.0
-0.11730105 -0.80856586 1.21259224 45.0
0.79396510 1.30745578 -1.04499280 45.0
0.06485861 -0.99876761 -1.06935132 45.0
0.03288980 1.43337858 -0.91319978 45.0
0.03550010 0.70569485 1.20866323 45.0
-1.44758463 0.20606540 -0.89324820 45.0
1.25341260 -0.85585439 1.21515977 45.0
-1.28805089 1.41070807 0.28743356 45.0
-1.37079251 -0.96570671 -0.96970183 45.0
-1.46282291 -0.31202540 0.09373714 45.0
1.30826342 1.07511234 0.47357568 45.0
-1.20020688 0.70259243 1.20475674 45.0
1.38475513 -0.07353836 0.32550147 45.0
0.68842518 0.00104496 1.21438587 45.0
0.83699566 -0.62040687 1.21051395 45.0
-0.97080070 -1.09562755 -1.07034945 45.0
0.28832012 -0.73388755 -1.07017469 45.0
0.91920048 -1.31797826 1.13866627 45.0
-1.14592242 -1.05541551 -1.19402289 45.0
1.34461069 -0.79305464 -0.48246470 45.0
-0.87533754 1.13204443 1.21113062 45.0
0.52984691 0.26636773 1.21028233 45.0
-1.01938677 1.44059455 -0.12139197 45.0
-0.99180627 -1.25169480 1.21855044 45.0
1.31112003 -0.69313705 -0.98175335 45.0
0.35384363 1.26090038 -1.04585862 45.0
-1.46298540 0.41795424 0.29478613 45.0
0.72612190 -1.44937766 0.33005849 45.0
-1.45401192 0.52268708 0.50422549 45.0
-1.39883602 0.99941355 0.27997500 45.0
-1.35011196 -1.20320535 -0.82838321 45.0
-0.61159861 0.47437891 1.20788419 45.0
-1.03499937 -1.06560802 1.26080990 45.0
-1.42413628 0.69122571 0.72696966 45.0
0.25686353 0.41823050 -1.06477547 45.0
-0.37062836 -0.73388755 -1.07017469 45.0
-1.40572131 0.93789655 0.05835788 45.0
1.21960187 -1.32496011 1.00537574 45.0
0.55307859 -0.07334872 -1.06555080 45.0
0.86724067 -0.67962039 -1.07520580 45.0
-1.38647401 -1.08354342 0.05295042 45.0
-1.37837219 -0.44874245 -1.01010585 45.0
0.95283890 -0.96517229 -1.33123755 45.0
1.32459509 -0.50657123 0.99034005 45.0
0.98776275 -0.64916462 1.21003139 45.0
-1.05056763 -1.36385715 -0.96111077 45.0
-0.60355592 -0.73388755 -1.07017469 45.0
-0.15096901 0.55672729 -1.06397283 45.0
0.73593760 -0.73388755 -1.08199716 45.0
-1.41747260 0.81617802 -0.69935590 45.0
-1.36781275 -0.82790118 -1.15447903 45.0
-0.11348409 -1.18246758 1.24584496 45.0
0.52124274 -0.73388755 -1.07017469 45.0
0.36110812 -0.44350785 1.21638060 45.0
-0.43851095 0.70569485 1.20866323 45.0
-1.33028352 -0.66488975 1.19453478 45.0
0.29383132 0.57575554 -1.06478417 45.0
0.82335317 -0.84039211 1.22288883 45.0
0.35719761 0.66606873 1.20800793 45.0
0.48680153 1.31786716 1.20877755 45.0
1.37596381 0.52277642 0.29518861 45.0
-0.81840837 0.64998317 -1.08871603 45.0
-0.36533880 -0.82790118 -1.07975769 45.0
-0.43542293 -1.35744846 0.99592066 45.0
0.34539708 1.44066107 0.90695310 45.0
-1.45826221 -0.31005478 0.54789138 45.0
-0.75530308 -0.87372130 1.23813522 45.0
0.79516679 -1.24174452 -1.04366148 45.0
-1.43865538 -0.44877833 -0.88419968 45.0
0.06488816 -0.89689207 -1.07831478 45.0
-0.77205825 -0.62040687 1.21051395 45.0
1.37114716 -0.53800666 -0.20897062 45.0
0.96027577 0.81617802 -1.38478947 45.0
1.28627777 -1.33524215 -0.28552926 45.0
-1.31204593 0.85668015 1.19236672 45.0
-0.36332935 0.89364117 -1.06388390 45.0
1.33973479 -0.69131798 -0.84188133 45.0
-1.34928954 -1.25610590 -0.60022795 45.0
1.27509785 -0.89694571 -1.16130602 45.0
-0.91737324 -1.36399090 -0.96073419 45.0
-1.17151809 0.81617802 -1.39550734 45.0
-1.04965150 0.83310550 1.21755171 45.0
1.08091605 1.43671894 -0.12350596 45.0
1.27474821 0.89364117 -1.15348828 45.0
1.14838004 -1.32674217 -1.02074635 45.0
-0.80539131 -0.82790118 -1.09886205 45.0
-1.37906170 1.14731216 0.69299728 45.0
0.52806401 0.55672729 -1.06397283 45.0
0.51034844 0.99723625 -1.05782390 45.0
0.93675351 1.44054937 0.28990966 45.0
-1.44734824 0.64847589 0.29496747 45.0
0.66159821 1.44008315 -0.70355749 45.0
-1.41187274 0.42099991 0.96189958 45.0
-1.04965150 0.83310550 1.21755171 45.0
-0.94395399 -1.39094985 -0.82688123 45.0
1.37170362 0.52268708 0.50422549 45.0
0.71760637 -0.99876761 -1.08399630 45.0
1.30119598 0.85512650 -1.01544726 45.0
0.97044611 0.73421931 -1.37569416 45.0
0.35129735 0.83310550 1.21755171 45.0
-0.27106750 0.83310550 1.21755171 45.0
-1.04070258 0.85512650 -1.36200809 45.0
0.88810831 -0.96517229 -1.26275826 45.0
0.96406811 0.91217649 1.21700907 45.0
-0.44048592 -0.68061060 1.20957136 45.0
-0.85176110 1.36178136 1.20360279 45.0
-0.58625406 1.30743349 -1.04499662 45.0
-1.42484057 -0.82790118 -0.26038063 45.0
0.55757523 -1.44937766 0.05162255 45.0
-1.24586737 -1.41910326 -0.59887207 45.0
0.83990145 -0.96517229 -1.16004455 45.0
-0.74390638 1.44008315 -0.70355749 45.0
1.18096447 1.34265280 1.17459798 45.0
1.33012593 0.89364207 0.28386980 45.0
-1.18319058 -0.79305464 -1.34310496 45.0
-1.07775903 0.61606294 -1.23281693 45.0
-1.34773314 -1.00048327 -1.13455617 45.0
1.36920166 0.60881913 -0.19641383 45.0
-0.36703795 -0.79305464 -1.07750952 45.0
1.38521814 0.20530325 -0.19045876 45.0
-1.31567574 0.45771506 1.18289030 45.0
0.64486760 1.20421898 1.20931756 45.0
-0.27605662 -0.22677350 1.21811545 45.0
1.22367978 -1.04356813 1.24311042 45.0
1.26119924 1.29926980 0.93346059 45.0
-1.37956405 -1.10113156 0.78563511 45.0
-1.16261351 -0.96517229 -1.34001160 45.0
1.33568144 0.85513431 0.48838899 45.0
-1.34578776 0.61280900 -1.20052946 45.0
0.91614693 1.36187220 1.20348549 45.0
-1.44427490 -0.62686878 -0.51491916 45.0
-1.05310404 -0.79305464 -1.33428836 45.0
0.19390108 -0.62040687 1.21051395 45.0
-0.71811366 -1.12859154 -1.04903042 45.0
-1.37837219 -0.44874245 -1.01010585 45.0
0.98365027 -0.62040687 1.21051395 45.0
-0.36479703 0.77596778 -1.08150411 45.0
1.07643914 1.43695641 0.90788823 45.0
0.06866571 0.59229088 -1.06685281 45.0
-0.99556410 -0.62462258 -1.06734979 45.0
-1.16671121 0.96666318 -1.22952020 45.0
0.20358875 -1.42353368 -0.59874892 45.0
1.36813295 -0.53547186 0.54574496 45.0
-1.14592242 -1.05541551 -1.19402289 45.0
1.29856098 1.14731216 0.05676168 45.0
-0.61354893 -1.36402428 -0.96064001 45.0
-1.18236816 1.08632600 -1.07723999 45.0
1.18569255 -1.28916180 -1.02544737 45.0
1.26567125 1.29455829 -0.45487872 45.0
-0.88920170 0.95065159 1.21614885 45.0
0.52806401 0.55672729 -1.06397283 45.0
1.28210628 -1.32489634 -0.60069692 45.0
-1.36936915 0.58822906 1.12460625 45.0
0.91637349 -0.73383969 -1.20010877 45.0
-1.19146478 -0.76013118 -1.29996789 45.0
0.28988630 -0.71488571 -1.06927550 45.0
-0.26828974 1.44090509 0.48272663 45.0
-0.88647318 -1.02786219 1.25881863 45.0
-0.82569748 -0.70132196 -1.07257068 45.0
1.32614648 -0.28661570 0.98866266 45.0
-1.16318977 1.26214063 1.20416892 45.0
1.05890083 1.35251796 -1.03668618 45.0
-1.40634179 -0.94279593 0.78090775 45.0
-0.11814816 0.62664217 1.20779347 45.0
-0.92918366 1.03950572 -1.07474566 45.0
-0.25979888 1.26531637 1.20945430 45.0
-1.29093206 -0.96517229 -1.28389537 45.0
1.32914591 0.85512650 -0.69912350 45.0
0.28382844 0.52061349 -1.06398714 45.0
0.65803730 1.43337858 -0.91319978 45.0
0.03414570 0.87327427 1.21864378 45.0
-1.44734824 0.64847589 0.29496747 45.0
0.65462917 1.41757083 -0.99967015 45.0
-0.58594376 -1.06560802 1.26080990 45.0
-1.16671121 0.96666318 -1.22952020 45.0
-0.85577506 1.31786716 1.20877755 45.0
0.35934496 0.00104496 1.21524239 45.0
-0.46614569 -0.44833562 -1.06402564 45.0
-0.11721732 -1.35744846 0.99592066 45.0
-0.56669647 1.36175871 1.20363212 45.0
0.51034844 0.99723625 -1.05782390 45.0
-1.35862756 -1.40618551 -0.28519422 45.0
1.27886057 0.85512650 -1.16889274 45.0
-1.20086181 0.90908331 1.21219718 45.0
-0.57305479 1.42828512 1.12185109 45.0
0.84257579 0.93085724 -1.13635600 45.0
1.30043745 0.42053252 -1.01218128 45.0
-0.11875887 -0.52639788 1.21346092 45.0
0.28169096 -0.86260784 -1.07916105 45.0
0.34746069 -0.95031148 1.25138414 45.0
1.28983378 -1.14042735 0.78697896 45.0
1.27362037 -1.20566118 -0.59880364 45.0
1.31571507 -0.72053295 1.14111102 45.0
0.50363058 -1.06560802 1.26080990 45.0
-1.20180261 -0.99346668 1.25193250 45.0
1.37697351 -0.44833562 0.33624738 45.0
1.35912001 0.69120771 -0.19637464 45.0
1.32459509 -0.50657123 0.99034005 45.0
1.23116112 1.36871970 1.08600986 45.0
-0.92036277 -0.52639788 1.21346092 45.0
-0.42583868 -1.02786219 1.25881863 45.0
-0.12314221 -0.44833562 -1.06402564 45.0
-0.75217563 0.87327427 1.21864378 45.0
-1.35682487 1.25258780 -0.45968789 45.0
0.35597125 -0.74517179 1.20960641 45.0
0.55582678 -1.44420874 -0.28466144 45.0
1.29265094 0.22832826 1.12169600 45.0
-0.97963631 -0.82790118 -1.28993618 45.0
-0.41606730 -1.18246758 1.24584496 45.0
1.22347295 -0.60150224 1.19494486 45.0
1.34519672 -0.77481824 0.76719034 45.0
-0.11721732 -1.35744846 0.99592066 45.0
-1.28328824 1.41213500 0.91376394 45.0
-0.80205208 0.81617802 -1.09670281 45.0
1.16760266 -1.43928599 -0.28473043 45.0
0.85265750 -1.40837300 0.77084756 45.0
0.80230820 1.44066596 0.90693009 45.0
0.18244039 -1.31776905 1.13894463 45.0
-0.27446583 -0.71295500 1.20942438 45.0
0.78145534 -1.18288779 1.24567103 45.0
0.33317298 -1.29166138 1.19155395 45.0
-1.44479203 0.60886103 -0.70062178 45.0
-1.28238702 1.25883985 -1.00091469 45.0
1.34727025 -0.78940743 0.54585624 45.0
-0.67176360 0.20530325 -1.06571960 45.0
-0.94954890 -0.67962039 -1.07520580 45.0
-1.43221831 0.60882080 0.73074287 45.0
1.37093532 0.56946981 -0.46107391 45.0
-1.29916680 0.85512650 -1.31039596 45.0
1.12570977 0.57727057 -1.13394129 45.0
-0.26709294 -1.34488583 -1.01639116 45.0
-0.59588754 0.52061349 -1.06398714 45.0
-1.08867311 -0.62464219 -1.06929159 45.0
-1.38009596 -0.89715928 -0.93776882 45.0
-0.76860082 -0.68061060 1.20957136 45.0
0.52122796 0.64998317 -1.07433450 45.0
0.92673093 -1.18456864 1.24497509 45.0
-1.35035825 1.29455340 0.05982012 45.0
0.91473836 0.41823050 -1.06477547 45.0
1.32931328 -0.93089348 0.05081920 45.0
1.36110973 0.64847881 0.50401950 45.0
0.54215962 -1.40837300 0.77084756 45.0
1.26899564 -1.19443631 1.02851081 45.0
0.89171845 -1.05477226 -1.15486562 45.0
0.20358875 -1.42353368 -0.59874892 45.0
0.19429509 -0.58578360 1.21134388 45.0
-1.40810990 -0.42000860 0.99027252 45.0
0.51131868 1.03950572 -1.05344117 45.0
1.36592650 0.56961018 -0.70136434 45.0
0.49074656 1.42828512 1.12185109 45.0
0.86938310 -0.07334872 -1.06555080 45.0
1.33851838 -0.84279567 0.76975304 45.0
-1.38359773 1.07505977 -0.69865644 45.0
0.03486476 -1.20122826 -1.04563987 45.0
1.12307489 0.62353593 1.20363927 45.0
0.34915984 0.87327427 1.21864378 45.0
0.03117094 -1.18246758 1.24584496 45.0
0.24303877 -1.12859154 -1.04878926 45.0
-1.30929768 -1.34055364 -0.96522129 45.0
-1.42473710 0.81618041 0.05996044 45.0
-1.14239597 -1.31361711 1.14087129 45.0
-1.37598848 -1.08338571 -0.81488061 45.0
-1.06516063 0.00104496 1.21267271 45.0
-0.26837349 1.44059455 -0.12139197 45.0
-1.39495504 0.77596778 -1.01924992 45.0
0.64074039 -1.29166138 1.19155395 45.0
-0.74532485 1.44066107 0.90695310 45.0
0.62725550 1.41498995 1.16195774 45.0
0.86403447 -0.73388755 -1.12929189 45.0
-1.41799462 0.85513431 0.48838899 45.0
0.46755427 0.41823050 -1.06477547 45.0
-0.60847610 0.66606873 1.20800793 45.0
-1.36006558 1.21062648 0.93556798 45.0
0.06497681 0.85512650 -1.06786180 45.0
-0.97042149 -0.96517229 -1.26275826 45.0
-0.41305807 -1.24953783 1.21949458 45.0
1.00288773 0.59201914 -1.17734611 45.0
0.52602011 -0.71295500 1.20942438 45.0
0.64619738 -1.32029080 -1.03509617 45.0
1.34341884 -0.82790118 0.32799047 45.0
-0.80290908 0.99723625 -1.06526268 45.0
-0.41463903 1.42828512 1.12185109 45.0
-0.11776893 -0.74517179 1.20960641 45.0
1.24229670 0.69120771 -1.29313040 45.0
1.37694883 -0.44833562 0.09067485 45.0
-0.59083438 -0.89689207 -1.07831478 45.0
-1.38737035 -0.72831464 -1.11043406 45.0
-0.70956367 1.41498995 1.16195774 45.0
-1.03546727 -0.99883717 -1.28891897 45.0
-0.43520623 -1.20122826 -1.04563987 45.0
-1.45510519 -0.44608253 0.54786462 45.0
-0.92918366 1.03950572 -1.07474566 45.0
-1.40675557 0.81617802 -0.87983340 45.0
1.30479121 -1.08354342 0.33201432 45.0
0.49621341 -1.32029080 -1.03509617 45.0
1.23336256 0.45771506 1.18289030 45.0
-1.19523251 -1.36063015 -0.96223491 45.0
0.19163062 0.70569485 1.20866323 45.0
1.21300220 0.97691989 -1.19184172 45.0
1.30664313 1.07511234 0.69722027 45.0
-1.09025407 -0.31202215 -1.06471550 45.0
1.06008780 -1.31361711 1.14087129 45.0
-1.19127274 -0.70244306 -1.15550947 45.0
-1.41088283 -0.05598326 0.97917485 45.0
-0.42307079 1.43684196 1.05328500 45.0
-1.40645015 -0.96517229 0.05118065 45.0
-0.11483357 1.43684196 1.05328500 45.0
1.27561498 -1.25605083 0.55567867 45.0
0.87359405 -1.44420874 -0.28466144 45.0
0.72548652 0.73421931 -1.10115433 45.0
0.74649209 0.55672729 -1.06550336 45.0
-1.43387806 0.73421931 -0.46079695 45.0
-0.11439031 1.13204443 1.21113062 45.0
1.28896201 0.54126644 1.12298763 45.0
1.28589857 -1.16696072 -0.28263411 45.0
-0.97042149 -0.96517229 -1.26275826 45.0
-1.38406074 -1.04068518 -0.78817326 45.0
1.25744629 1.35275090 -0.16714236 45.0
0.20882905 -1.16575146 -1.04716051 45.0
0.18114015 -1.11537230 1.25887120 45.0
0.18750338 0.87327427 1.21864378 45.0
1.36920166 0.60881913 -0.19641383 45.0
-0.42254379 1.35085464 -1.04166818 45.0
1.03107405 -1.29041088 1.19129264 45.0
-1.36747789 -0.39683241 1.13980484 45.0
-1.05968893 -0.87372130 1.23813522 45.0
-1.33975458 1.35275090 -0.16714236 45.0
1.08614159 -0.86260784 -1.39452255 45.0
1.11764741 0.94756007 1.21135473 45.0
1.20968759 -0.93089348 -1.31131208 45.0
-1.46223676 -0.31202215 -0.17699745 45.0
0.71974385 0.81617802 -1.09670281 45.0
-0.11427703 -1.28457868 -1.04141653 45.0
-0.97632176 0.81617802 -1.30247402 45.0
0.86164576 -1.39094985 -0.82688123 45.0
0.03624872 -0.62040687 1.21051395 45.0
0.44395319 -1.12859154 -1.04878926 45.0
-1.24586737 -1.41910326 -0.59887207 45.0
-1.42003357 0.77599627 0.72067726 45.0
0.99257457 -0.71295500 1.20942438 45.0
0.72185183 -1.07432079 -1.06044257 45.0
0.03569218 0.66606873 1.20800793 45.0
-1.43764579 -0.72818774 0.32682660 45.0
1.10685158 1.05328095 1.20960975 45.0
0.19149271 -0.74517179 1.20960641 45.0
-1.03648674 -0.89689207 -1.38320160 45.0
-0.27317545 0.74840456 1.21026802 45.0
-0.81824583 -0.73388755 -1.08199716 45.0
0.42272604 -0.53800666 -1.06303573 45.0
0.99187028 -1.40837300 0.77084756 45.0
-1.42360437 0.81619471 0.49261579 45.0
0.88070101 0.55672729 -1.07162571 45.0
-0.26881674 -0.95031148 1.25138414 45.0
-0.80093414 0.93085724 -1.07882488 45.0
1.37279701 -0.44608253 0.54786462 45.0
-1.08361495 -0.67974222 -1.09864223 45.0
0.63871616 1.26531637 1.20945430 45.0
-0.59452820 -0.82790118 -1.07975769 45.0
-1.40084541 0.77976096 0.95860857 45.0
1.27199006 -1.38931501 -0.59970003 45.0
-1.12373972 1.41511464 -1.00030088 45.0
0.91107899 -1.28494680 -1.04139495 45.0
0.49278554 -1.18246758 1.24584496 45.0
-1.00150871 -1.31797826 1.13866627 45.0
-1.33260822 1.35353696 -0.70181090 45.0
-1.34473383 1.07336128 -0.99897331 45.0
-0.81824583 -0.73388755 -1.08199716 45.0
0.49036732 1.26531637 1.20945430 45.0
1.27832377 -1.14356768 1.02966702 45.0
1.11496329 -0.73297346 -1.25173950 45.0
-0.81641370 -0.67962039 -1.06616676 45.0
-1.40645015 -0.96517229 0.05118065 45.0
0.35597125 -0.74517179 1.20960641 45.0
0.86492592 0.64998317 -1.14624727 45.0
1.33100259 -0.89715928 -0.48239261 45.0
0.06498174 -1.02919650 -1.06430352 45.0
-1.14910889 1.35831392 1.19806409 45.0
1.12932479 0.61525404 -1.23710334 45.0
0.78958666 1.38967764 -1.02976990 45.0
-0.37062836 -0.73388755 -1.07017469 45.0
-1.36858606 -1.33524215 -0.28552926 45.0
-0.97447485 0.93087226 -1.22262573 45.0
-0.11603037 0.91217649 1.21700907 45.0
-0.86754113 -1.28465235 -1.04141223 45.0
-0.27452493 0.66606873 1.20800793 45.0
1.29859555 0.99941355 -0.87757051 45.0
-1.46228111 -0.07240130 0.53523934 45.0
1.28469193 1.20675147 -0.45983496 45.0
-0.61257374 -0.62040687 1.21051395 45.0
-0.95283395 -1.42353368 -0.59874892 45.0
-0.91848141 -0.22677350 1.21797585 45.0
-1.41816211 0.60895276 -1.00962198 45.0
-0.42886764 1.44090509 0.48272663 45.0
0.68432260 -0.71295500 1.20942438 45.0
-1.06596339 -0.62040687 1.21051395 45.0
1.21294308 -0.71062505 -1.17328084 45.0
0.03364334 1.44090509 0.48272663 45.0
0.82890373 0.70569485 1.20866323 45.0
0.34213173 -1.24173391 -1.04366219 45.0
0.17814077 -1.29166138 1.19155395 45.0
-0.14738846 0.96421671 -1.06285536 45.0
0.51891321 -0.67962039 -1.06390727 45.0
1.26080525 -1.24910414 -0.82965410 45.0
-1.37592936 -0.63102543 -0.99958438 45.0
-0.73799628 -1.06560802 1.26080990 45.0
-1.45682406 -0.44833562 -0.45459422 45.0
-0.91165525 -1.09568632 -1.05989313 45.0
1.10081339 0.73421931 -1.38579261 45.0
-1.30536747 1.03980851 1.18788040 45.0
0.28115410 -1.02919650 -1.06430352 45.0
-0.26489636 1.43684196 1.05328500 45.0
0.05698338 0.41823050 -1.06477547 45.0
1.32417154 0.57315367 0.96602100 45.0
0.74952102 0.57575554 -1.06888723 45.0
1.37633324 -0.44833562 -0.18441544 45.0
1.37114716 -0.53800666 -0.20897062 45.0
-0.42681879 -1.34488583 -1.01639116 45.0
0.84343278 -0.86260784 -1.18078172 45.0
-0.73693740 1.41757083 -0.99967015 45.0
-0.59132689 -1.02919650 -1.06430352 45.0
-0.58400327 1.09275258 -1.05098009 45.0
1.31407011 0.99941355 -0.46025869 45.0
0.03619947 -0.22677350 1.21811545 45.0
-1.01347673 1.44004488 -0.70369923 45.0
-0.88287789 1.44007552 -0.70358586 45.0
1.31219864 -1.03589332 0.55182946 45.0
1.30664313 1.07511234 0.69722027 45.0
-0.91121197 -0.77699918 1.20985854 45.0
-1.29200077 -0.93089348 -1.31131208 45.0
-1.33035254 -0.73077768 -1.21122909 45.0
-0.97402668 -1.05477226 -1.15486562 45.0
1.29153788 -1.33782887 0.33241394 45.0
0.34051138 -1.31776905 1.13894463 45.0
1.27838778 -1.03189886 1.18322277 45.0
0.03588426 -0.68061060 1.20957136 45.0
-0.40791628 1.39423633 1.18947113 45.0
-0.36389083 0.81617802 -1.07612872 45.0
-1.28822327 1.41066003 -0.13772027 45.0
1.37275267 0.56946981 -0.19642763 45.0
-1.45559287 0.41873160 -0.70265961 45.0
-1.45682406 -0.44833562 -0.45459422 45.0
-1.41159689 -0.92658925 0.54966158 45.0
0.66986251 0.87327427 1.21864378 45.0
1.32299447 0.93789655 0.48158517 45.0
-1.37797821 0.73421931 -1.17610312 45.0
0.80252981 0.99487746 1.21633112 45.0
0.03253027 1.41757083 -0.99967015 45.0
0.25686353 0.41823050 -1.06477547 45.0
0.03522922 -0.77699918 1.20985854 45.0
-1.28830695 1.41050684 0.08470064 45.0
0.65411204 -1.31776905 1.13894463 45.0
0.04337041 1.20841384 -1.04687607 45.0
-0.27393883 0.70569485 1.20866323 45.0
-1.41954112 -0.78250062 0.99407369 45.0
0.18621793 0.91217649 1.21700907 45.0
1.27474821 0.89364117 -1.15348828 45.0
-0.14920090 -0.67962039 -1.06390727 45.0
-1.45860696 0.41769135 0.50293332 45.0
-1.20802295 0.57727057 -1.13394129 45.0
1.36488235 -0.62686878 0.32816306 45.0
1.10052776 -1.09108984 -1.08273399 45.0
-1.43586290 -0.72483099 0.54390597 45.0
0.19390108 -0.62040687 1.21051395 45.0
1.35156989 0.73421931 -0.46079695 45.0
0.34278679 0.99487746 1.21633112 45.0
-1.35616004 -0.70091546 -1.09673953 45.0
0.83539009 -0.68061060 1.20957136 45.0
1.12570977 0.57727057 -1.13394129 45.0
0.68031847 0.74840456 1.21026802 45.0
-1.05310404 -0.79305464 -1.33428836 45.0
-1.45183003 0.60881984 0.29552960 45.0
-0.25733635 1.36175871 1.20363212 45.0
1.34624088 -0.74169642 0.76637697 45.0
1.36419284 -0.07334872 -0.88671738 45.0
1.28317010 -1.08275628 -0.95302039 45.0
1.36885202 0.56943083 0.50498134 45.0
1.35816944 -0.69087559 -0.26540783 45.0
-0.72411734 -1.18246758 1.24584496 45.0
1.07301128 1.26063347 -1.04003978 45.0
-1.39751613 0.73801225 0.96068859 45.0
1.33100259 -0.89715928 -0.48239261 45.0
0.91601396 1.39009273 -1.02980733 45.0
-0.25979888 1.26531637 1.20945430 45.0
-1.40155959 -0.86271441 -0.72235739 45.0
1.26114011 -0.69633752 1.19441032 45.0
-0.11267145 1.31786716 1.20877755 45.0
-0.27393883 0.70569485 1.20866323 45.0
1.21570122 1.11549032 1.18419290 45.0
0.06542499 1.03950572 -1.05344117 45.0
1.19224298 1.30526114 -1.00202250 45.0
0.36076337 -0.35852462 1.21819317 45.0
1.37694883 -0.44833562 0.09067485 45.0
0.82276213 0.79138929 1.21364856 45.0
-0.42888734 1.44054937 0.28990966 45.0
0.03971106 -1.44117677 0.54908556 45.0
-0.88723660 1.44090509 0.48272663 45.0
0.19450687 -0.52639788 1.21346092 45.0
-1.19713843 0.74530411 1.20610118 45.0
-0.89510691 -0.95031148 1.25138414 45.0
0.03371722 0.91217649 1.21700907 45.0
0.50275886 1.43684196 1.05328500 45.0
-0.88175988 -1.34486806 -1.01648438 45.0
0.97263777 0.74840456 1.21026802 45.0
-1.34473383 1.07336128 -0.99897331 45.0
1.12740409 0.47127107 1.20017767 45.0
-0.69434518 -0.53800666 -1.06303573 45.0
1.35679042 0.52513868 -0.89039534 45.0
1.35083103 -0.69096410 -0.69765705 45.0
1.37323534 0.56946510 0.06170410 45.0
1.30416572 -1.08354342 0.05295042 45.0
0.56261355 -0.44833562 -1.06402564 45.0
-0.36925918 -0.67962039 -1.06390727 45.0
-0.45892549 -1.42353368 -0.59874892 45.0
1.26808941 1.29474103 0.27790937 45.0
0.90364206 -0.79305464 -1.26580906 45.0
-0.45711306 -0.31202215 -1.06471550 45.0
0.35918736 -0.64916462 1.21003139 45.0
-1.38009596 -0.89715928 -0.93776882 45.0
-1.00218832 1.43696487 1.05270779 45.0
-1.05798972 0.70569485 1.20866323 45.0
0.37262303 -1.39095640 -0.82686239 45.0
0.80496776 1.44054937 0.28990966 45.0
1.10052776 -1.09108984 -1.08273399 45.0
-1.13463402 -1.28596127 -1.03930283 45.0
1.11855364 0.90908331 1.21219718 45.0
0.68690825 0.57968938 1.20742190 45.0
-0.75782967 -0.84039211 1.22288883 45.0
-1.02335644 0.55676246 -1.08098376 45.0
1.18569255 -1.28916180 -1.02544737 45.0
1.22878718 0.60998648 1.18671799 45.0
0.65960842 -1.02786219 1.25881863 45.0
0.03381572 -0.95031148 1.25138414 45.0
0.18496695 0.95065159 1.21614885 45.0
-1.38980830 -0.82790118 -0.93331999 45.0
0.27686435 1.09275258 -1.05098009 45.0
0.35311469 -1.35744846 0.99592066 45.0
0.65411204 -1.31776905 1.13894463 45.0
-0.11598112 1.44059455 -0.12139197 45.0
1.22956538 0.97830909 1.19006467 45.0
-1.46571386 0.20530325 -0.45604634 45.0
-0.26828974 1.44129682 0.69095510 45.0
-0.91502398 0.62664217 1.20760441 45.0
0.65706706 -1.24173391 -1.04366219 45.0
0.84059101 -0.99876761 -1.14258218 45.0
0.70975578 1.09275258 -1.05271316 45.0
-1.36936915 0.58822906 1.12460625 45.0
-1.35930228 1.25270653 0.27531415 45.0
-0.80475599 -1.44420874 -0.28466144 45.0
1.32519102 -0.89742649 -0.59372342 45.0
0.81107485 0.91217649 1.21700907 45.0
-1.04003775 -0.86260784 -1.38404799 45.0
1.11483026 0.74530411 1.20610118 45.0
1.22378325 -0.37415588 1.19847941 45.0
0.32577056 1.41498995 1.16195774 45.0
0.36842683 -1.40837300 0.77084756 45.0
-1.38723242 -1.07857823 0.55336022 45.0
0.95221341 -1.02954388 -1.24095356 45.0
1.36503994 0.64847589 0.29496747 45.0
-0.27238744 -0.80856586 1.21259224 45.0
1.20601356 1.18767226 1.18179905 45.0
-1.31482375 0.73421931 -1.32183003 45.0
-1.24528623 0.41852856 -1.05796611 45.0
0.64486760 1.20421898 1.20931756 45.0
1.33881879 -0.85864520 0.54758197 45.0
0.03455448 0.83310550 1.21755171 45.0
0.83986700 -0.93089348 -1.17298496 45.0
-1.29200077 -0.93089348 -1.31131208 45.0
0.03381572 -0.95031148 1.25138414 45.0
0.65803730 1.43337858 -0.91319978 45.0
0.96734327 0.83310550 1.21755171 45.0
1.13999748 -0.84327573 1.22144735 45.0
-1.00430119 1.31786716 1.20877755 45.0
-0.90927148 -1.16575146 -1.04716051 45.0
-1.43630123 0.73422199 0.06095157 45.0
-1.24991095 -1.43928599 -0.28473043 45.0
-0.26828974 1.44090509 0.48272663 45.0
-0.76860082 -0.68061060 1.20957136 45.0
-1.40652406 -0.96517229 0.32949558 45.0
-1.30768716 -1.07178605 -1.09573388 45.0
0.81279868 -0.95031148 1.25138414 45.0
0.63106751 1.36175871 1.20363212 45.0
1.13673711 -1.26397943 1.20415580 45.0
0.57543850 1.20841384 -1.04687607 45.0
-1.16844976 -0.86260784 -1.39452255 45.0
1.22305930 1.03980851 1.18788040 45.0
1.22325623 -0.82790118 -1.31370747 45.0
-0.60623026 -0.71488571 -1.06927550 45.0
-0.94092017 -0.76031429 -1.14626789 45.0
1.01607215 -1.44420874 -0.28466144 45.0
-0.59040588 -1.34488583 -1.01639116 45.0
1.06751490 0.99953538 -1.17285550 45.0
-0.43542293 -1.35744846 0.99592066 45.0
-1.03877199 0.96459359 -1.22546709 45.0
-0.97685856 0.99728155 -1.13951397 45.0
-0.60705763 0.70569485 1.20866323 45.0
-1.37361956 -1.04022837 -0.92518151 45.0
-1.28832173 1.18767226 1.18179905 45.0
0.89454544 0.99728155 -1.13951397 45.0
1.31844854 0.85512650 -0.87931377 45.0
0.50899899 0.85512650 -1.06786180 45.0
0.94265378 1.20841384 -1.04687607 45.0
1.31743395 -1.00112033 -0.27651355 45.0
-1.42176235 -0.79305464 -0.59743446 45.0
-1.38778412 0.52651846 -1.01058447 45.0
1.32421088 -0.96517229 0.32949558 45.0
-0.75530308 -0.87372130 1.23813522 45.0
-0.99263859 0.69120771 -1.27084446 45.0
-1.20064521 0.59166956 -1.18165100 45.0
0.84357560 0.96421671 -1.11734152 45.0
1.21210098 -0.89689207 -1.32741463 45.0
0.51103795 1.44054937 0.28990966 45.0
-1.41816211 0.60895276 -1.00962198 45.0
1.32102442 0.93789655 -0.46035868 45.0
-1.37950993 -1.12171161 0.55467415 45.0
-0.42077076 1.13204443 1.21113062 45.0
-0.92990273 -0.82790118 -1.17528796 45.0
-0.36285654 -0.93089348 -1.07745469 45.0
0.03583501 0.62664217 1.20779347 45.0
1.10710776 -1.06853580 1.25786293 45.0
1.17111921 -1.44433165 0.05165095 45.0
-0.59224296 -0.86260784 -1.07916105 45.0
0.91755551 1.35141170 -1.04157329 45.0
0.71940404 0.96421671 -1.07375169 45.0
0.53026062 -0.62040687 1.21051395 45.0
-1.38884795 -0.68893111 1.14077985 45.0
-1.07292259 -0.74517179 1.20960641 45.0
1.29595077 -0.66002935 1.14034057 45.0
0.03371722 0.91217649 1.21700907 45.0
-0.73238659 -1.11537230 1.25887120 45.0
-1.41368020 0.21207446 0.96566075 45.0
0.28086844 -0.89689207 -1.07831478 45.0
0.18260291 1.41757083 -0.99967015 45.0
-1.14592242 -1.05541551 -1.19402289 45.0
0.64930511 -1.28457868 -1.04141653 45.0
1.30552506 0.93789655 -0.87818950 45.0
1.30360925 -0.07334872 -1.01276529 45.0
-1.45615423 0.52286220 -0.46111539 45.0
-0.11380422 1.20421898 1.20931756 45.0
-1.14592242 -1.05541551 -1.19402289 45.0
1.33597207 0.73421931 -0.88083112 45.0
1.09948361 1.14757431 -1.04713058 45.0
-1.00732529 -1.24178648 -1.04365897 45.0
0.29383132 0.57575554 -1.06478417 45.0
1.22956538 0.97830909 1.19006467 45.0
0.93334043 0.59223664 -1.14821684 45.0
0.48140365 1.41498995 1.16195774 45.0
1.34760022 -0.79305464 0.05097822 45.0
1.15106416 -1.38722587 -0.82727933 45.0
1.33025897 0.77596778 -0.88033628 45.0
-1.38336623 -1.02538645 1.02346611 45.0
1.22641814 0.64942276 1.18751705 45.0
-0.36346725 -1.02919650 -1.06430352 45.0
0.58945042 0.20530325 -1.06571960 45.0
-1.20366418 -0.22966871 1.21410453 45.0
0.83804965 -0.52639788 1.21346092 45.0
0.73609519 0.64998317 -1.08871603 45.0
-0.95858645 -1.44937766 0.05162255 45.0
1.30491936 -1.07857823 0.55336022 45.0
-0.27200326 -1.20122826 -1.04563987 45.0
-1.34798431 1.29455829 -0.45487872 45.0
0.18875435 0.83310550 1.21755171 45.0
-0.11721732 -1.35744846 0.99592066 45.0
-1.38783336 0.93789655 -0.87818950 45.0
1.23391414 -0.63612986 1.19464207 45.0
-1.38591743 -0.07334872 -1.01276529 45.0
-0.26437923 1.38957369 -1.02976048 45.0
1.36541927 0.60882038 0.50502574 45.0
1.38573027 0.20520681 0.07006618 45.0
0.19372870 0.26636773 1.21063030 45.0
0.06865586 0.55672729 -1.06397283 45.0
-0.37462261 0.55672729 -1.06397283 45.0
1.28716433 1.20677519 0.27468094 45.0
-0.74770367 1.44059455 -0.12139197 45.0
0.28657171 -0.76031429 -1.07303703 45.0
0.03867187 -1.39095640 -0.82686239 45.0
-1.39119720 -1.00157833 -0.73512244 45.0
-1.36300099 -1.30494308 0.78299820 45.0
0.49074656 1.42828512 1.12185109 45.0
-1.35130394 -1.19443631 1.02851081 45.0
0.71862096 0.93085724 -1.07882488 45.0
1.34257662 -0.80888385 0.76804280 45.0
-0.27446583 -0.71295500 1.20942438 45.0
-0.71863574 -1.24953783 1.21949458 45.0
-0.76921648 0.57968938 1.20742190 45.0
-0.59588754 0.52061349 -1.06398714 45.0
-1.34008455 1.35271716 0.07090283 45.0
-1.37193513 0.57813895 -1.09468842 45.0
0.92661273 0.61630952 -1.18987095 45.0
-1.31665087 0.25003344 1.18373692 45.0
-1.30289507 0.77477509 1.18945336 45.0
0.72242808 -1.44117677 0.54908556 45.0
-0.27529323 0.57968938 1.20780861 45.0
1.28187966 1.01817036 1.11653650 45.0
-0.11483357 1.43684196 1.05328500 45.0
0.34670222 1.44059455 -0.12139197 45.0
0.35709417 -0.71295500 1.20942438 45.0
-1.39444768 0.64868277 -1.14158678 45.0
0.06835050 -0.70132196 -1.06721103 45.0
1.31853724 0.73421931 -1.01880527 45.0
1.33772051 0.77599627 0.72067726 45.0
0.03343648 -0.99053842 1.25482690 45.0
0.06590272 0.73421931 -1.08154774 45.0
1.08614159 -0.86260784 -1.39452255 45.0
1.28550458 -0.82790118 -1.15447903 45.0
0.19430001 -1.36402428 -0.96064001 45.0
-1.40572131 0.93789655 0.05835788 45.0
1.31264186 0.77596778 -1.01924992 45.0
0.52922636 0.00104496 1.21507108 45.0
1.29719675 -1.12171161 0.55467415 45.0
-1.21199751 1.41591847 1.13241708 45.0
-0.28589699 -1.42353368 -0.59874892 45.0
-0.60057622 -0.76031429 -1.07303703 45.0
0.50275886 1.43684196 1.05328500 45.0
0.06235173 -1.09568632 -1.05145681 45.0
-1.38587809 0.69120771 -1.16239440 45.0
1.01777136 0.41823050 -1.06477547 45.0
0.42272604 -0.53800666 -1.06303573 45.0
1.31270587 0.94164944 0.95027316 45.0
-1.06040788 -0.76026601 -1.29261684 45.0
0.51031888 1.44118369 -0.39871198 45.0
1.35338724 0.73421931 -0.19635232 45.0
1.32337368 -0.59137934 0.99018914 45.0
0.28252327 -1.07432079 -1.05553484 45.0
1.29836404 -0.91398489 1.17529154 45.0
1.33025897 0.77596778 -0.88033628 45.0
1.28899646 0.77596778 -1.18145072 45.0
1.08053184 -0.99902463 -1.29619229 45.0
1.22816658 -1.12384284 -1.02956069 45.0
-0.80205208 0.81617802 -1.09670281 45.0
1.37093532 0.56946981 -0.46107391 45.0
0.49538106 -1.09568632 -1.05145681 45.0
0.50799423 -0.96517229 -1.07445872 45.0
0.20513523 -1.44937766 0.05162255 45.0
-1.39342821 -0.69313705 -0.98175335 45.0
0.06497681 0.85512650 -1.06786180 45.0
0.89237839 0.85512650 -1.28356349 45.0
-0.61037225 0.55672729 -1.06397283 45.0
-0.61153948 0.00104496 1.21507108 45.0
1.10000575 1.12895703 1.20610690 45.0
0.36007386 -0.62040687 1.21051395 45.0
-0.15146644 0.57575554 -1.06478417 45.0
0.84175825 -1.02919650 -1.12342083 45.0
0.52647811 -0.70132196 -1.06721103 45.0
-1.36457705 -1.41040349 0.33089930 45.0
1.01252127 -1.42353368 -0.59874892 45.0
1.31697106 -0.75910723 -0.94695634 45.0
0.92354935 1.30754495 -1.04497766 45.0
1.30888402 -1.00157833 -0.73512244 45.0
-0.13787317 1.15084016 -1.04889417 45.0
0.19215268 -0.71295500 1.20942438 45.0
-0.59056348 1.44008315 -0.70355749 45.0
-1.33567166 0.64927071 -1.25051379 45.0
-1.41877282 -0.72818774 -0.79828930 45.0
-0.92456388 0.89364117 -1.15128100 45.0
-0.72305351 -1.29166138 1.19155395 45.0
-1.37384605 -1.33782887 0.33241394 45.0
-0.27255982 1.26090038 -1.04585862 45.0
0.92501700 -1.24178648 -1.04365897 45.0
1.23701203 -0.96595287 1.23596275 45.0
0.71852243 -1.02919650 -1.07612610 45.0
1.38559735 0.20491748 0.30464971 45.0
-1.29016376 -1.03340900 -1.20533943 45.0
-0.11704987 -0.84039211 1.22288883 45.0
-1.36527634 0.99905783 -1.00083816 45.0
-1.35963225 -1.20727313 -0.28316134 45.0
0.84264475 0.85512650 -1.16590238 45.0
0.27686435 1.09275258 -1.05098009 45.0
-1.39717627 0.69499379 0.96337765 45.0
1.21685863 0.85512650 -1.31039596 45.0
-0.11730105 -0.80856586 1.21259224 45.0
-1.40514505 0.89364117 -0.69887954 45.0
1.30479121 -1.08354342 0.33201432 45.0
-1.24184358 -0.44838819 -1.05704474 45.0
1.26921725 1.25317848 -0.69980431 45.0
0.34482577 0.95065159 1.21614885 45.0
0.79183745 1.43686664 1.05316961 45.0
-1.31567574 0.45771506 1.18289030 45.0
-0.42077076 1.13204443 1.21113062 45.0
1.28015101 0.75306755 1.12279499 45.0
1.37566340 0.52286220 -0.19643889 45.0
-0.58431357 1.35085464 -1.04166818 45.0
-0.11483357 1.05636954 1.21459115 45.0
-0.42307079 1.43684196 1.05328500 45.0
-1.16926241 0.85512650 -1.37239826 45.0
1.24886680 -1.24414623 -0.96865124 45.0
0.80614483 -1.20122826 -1.04563987 45.0
-1.15875232 1.43695641 0.90788823 45.0
1.27451670 1.25258780 -0.45968789 45.0
-0.14465997 -1.09568632 -1.05145681 45.0
-1.12148404 1.39059019 -1.02665889 45.0
-0.60144794 -0.84039211 1.22288883 45.0
-1.22619653 -0.81146467 1.21118712 45.0
-1.35322964 0.93641740 -1.13301897 45.0
-0.26177385 1.20421898 1.20931756 45.0
1.32337368 -0.59137934 0.99018914 45.0
0.03252042 1.05636954 1.21459115 45.0
1.29127192 -0.54004002 -1.00650942 45.0
-0.92631721 0.81617802 -1.17900717 45.0
1.29719675 -1.12171161 0.55467415 45.0
-0.92833161 -1.07432079 -1.08007526 45.0
0.37801600 -1.44117677 0.54908556 45.0
-1.36939871 1.20675743 0.05653027 45.0
-0.36424541 0.99723625 -1.05782390 45.0
0.53173816 -0.44350785 1.21638060 45.0
-1.43747830 -0.72818774 0.05082317 45.0
-1.43909872 0.52513868 -0.89039534 45.0
1.37596381 0.52277642 0.29518861 45.0
-1.31346929 1.36871970 1.08600986 45.0
-0.44048592 -0.68061060 1.20957136 45.0
0.34548080 -0.99053842 1.25482690 45.0
-0.63988340 -1.44937766 0.05162255 45.0
1.25324523 -1.15740597 1.18635356 45.0
-1.00438988 -0.71484256 -1.16513050 45.0
1.33888280 -0.86260784 0.32839546 45.0
1.25762856 1.35322428 0.47726607 45.0
1.31853724 0.73421931 -1.01880527 45.0
0.18932074 -0.84039211 1.22288883 45.0
0.48438826 1.36175871 1.20363212 45.0
-1.07138109 -0.71466964 -1.19963539 45.0
-0.50503427 -0.53800666 -1.06303573 45.0
-1.30191004 -1.32496011 1.00537574 45.0
-0.29013255 -0.44833562 -1.06402564 45.0
-0.41548121 -1.29166138 1.19155395 45.0
-1.41583252 -0.89694571 -0.26251447 45.0
-1.44773233 0.60882038 0.50502574 45.0
-0.36625487 0.73421931 -1.08154774 45.0
0.95828605 -1.02786219 1.25881863 45.0
-0.35917258 1.09275258 -1.05098009 45.0
-0.11394705 -1.32029080 -1.03509617 45.0
-0.36424541 0.99723625 -1.05782390 45.0
0.18244039 -1.31776905 1.13894463 45.0
-1.34828484 -0.76088423 1.19543028 45.0
-1.40569174 -0.96527922 -0.26967385 45.0
0.68613994 -0.62461787 -1.06279647 45.0
-0.87627822 1.30745578 -1.04499280 45.0
-1.09482944 -1.42353368 -0.59874892 45.0
0.65803730 1.43337858 -0.91319978 45.0
-0.89739704 0.87327427 1.21864378 45.0
1.09801102 -1.35322297 0.99717039 45.0
-1.20362973 0.64975965 -1.29714322 45.0
0.18569587 1.44118369 -0.39871198 45.0
1.29836404 -0.91398489 1.17529154 45.0
0.04337041 1.20841384 -1.04687607 45.0
-1.35011196 -1.20320535 -0.82838321 45.0
-0.70926821 1.39423633 1.18947113 45.0
-0.70926821 1.39423633 1.18947113 45.0
0.02959983 1.39423633 1.18947113 45.0
-0.88751733 1.44037187 0.09231533 45.0
-0.58794826 0.99487746 1.21633112 45.0
0.96090126 1.09200060 -1.07759440 45.0
-1.41828525 0.73421931 -0.88083112 45.0
-0.26981655 0.87327427 1.21864378 45.0
0.06523784 0.99723625 -1.05782390 45.0
-0.90841943 0.74840456 1.21026802 45.0
-0.11536548 -1.02786219 1.25881863 45.0
1.27528012 -1.26186848 0.33389941 45.0
-0.41548121 -1.29166138 1.19155395 45.0
-1.37214196 -1.14042735 0.78697896 45.0
-0.11850769 -0.22677350 1.21811545 45.0
-0.80475599 -1.44420874 -0.28466144 45.0
-1.19841409 0.87017941 1.21374321 45.0
-0.40807879 1.41498995 1.16195774 45.0
-1.19523251 -1.36063015 -0.96223491 45.0
0.18605541 1.44037187 0.09231533 45.0
1.28573120 -0.26457658 1.13808680 45.0
-1.34473383 1.07336128 -0.99897331 45.0
1.08694923 0.85512650 -1.37239826 45.0
-1.01347673 1.44004488 -0.70369923 45.0
1.30888402 -1.00157833 -0.73512244 45.0
1.31589246 0.99941355 -0.19620556 45.0
-0.14907777 -0.76031429 -1.07303703 45.0
-1.40690327 -0.50657123 0.99034005 45.0
0.90454340 1.39480376 1.18873751 45.0
-1.36457705 -1.41040349 0.33089930 45.0
-0.75338721 -1.20122826 -1.04563987 45.0
0.96027577 0.81617802 -1.38478947 45.0
-1.39698911 -1.00133395 -0.55354297 45.0
-1.04003775 -0.86260784 -1.38404799 45.0
0.95586288 1.15068984 -1.05421686 45.0
0.80252981 0.99487746 1.21633112 45.0
0.50150299 1.38957369 -1.02976048 45.0
0.70975578 1.09275258 -1.05271316 45.0
-0.92456388 0.89364117 -1.15128100 45.0
-1.34473383 1.07336128 -0.99897331 45.0
-0.73687828 1.43684196 1.05328500 45.0
0.37479991 -0.31202215 -1.06471550 45.0
0.83109045 0.66606873 1.20800793 45.0
1.11789370 0.70259243 1.20475674 45.0
0.50993472 -0.86260784 -1.07916105 45.0
-0.95590228 -1.44420874 -0.28466144 45.0
1.28565729 -0.99135458 1.18013871 45.0
-1.36578369 0.81617802 -1.17873621 45.0
-1.44546688 0.20623799 0.73448515 45.0
0.35719761 0.66606873 1.20800793 45.0
-1.30656433 0.81650150 1.19174111 45.0
1.27698910 1.25270653 0.27531415 45.0
-1.42893326 -0.67492747 0.76360101 45.0
1.32144797 0.61259162 0.96699607 45.0
-1.38783336 0.93789655 -0.87818950 45.0
-1.36527634 0.99905783 -1.00083816 45.0
0.06507531 0.96421671 -1.06285536 45.0
-0.11603037 0.91217649 1.21700907 45.0
0.95586288 1.15068984 -1.05421686 45.0
1.27091646 0.93641740 -1.13301897 45.0
1.11736178 -0.44643280 1.21288860 45.0
0.92673093 -1.18456864 1.24497509 45.0
-0.58511633 1.41757083 -0.99967015 45.0
0.50995445 -1.05471563 -1.05997932 45.0
-1.42855406 -0.74169642 0.76637697 45.0
0.48140365 1.41498995 1.16195774 45.0
1.36091769 0.42073560 -0.89377493 45.0
0.19007428 -0.80856586 1.21259224 45.0
1.27474821 0.89364117 -1.15348828 45.0
-0.26709294 -1.34488583 -1.01639116 45.0
-1.16283023 1.43741798 0.69109488 45.0
1.11321485 0.78829086 1.20913613 45.0
1.29356205 0.91241759 1.12068343 45.0
-0.79492056 -1.39095640 -0.82686239 45.0
1.02971470 -1.32098365 -1.03349280 45.0
-1.33260822 1.35353696 -0.70181090 45.0
0.84602338 -1.07432079 -1.08007526 45.0
1.34727025 -0.78940743 0.54585624 45.0
-1.37079251 -0.96570671 -0.96970183 45.0
0.72720540 -0.79305464 -1.09462535 45.0
-0.26765934 -0.99053842 1.25482690 45.0
1.23013175 -0.01468925 1.19142997 45.0
1.34329569 -0.82790118 0.05045126 45.0
1.34461069 -0.79305464 -0.48246470 45.0
-1.20366418 -0.22966871 1.21410453 45.0
-0.28790641 -1.44937766 0.33005849 45.0
0.18227293 1.35085464 -1.04166818 45.0
-0.42886764 1.44090509 0.48272663 45.0
0.03486476 -1.20122826 -1.04563987 45.0
1.32417154 0.57315367 0.96602100 45.0
1.38084459 0.41816163 0.06186511 45.0
-0.26765934 -0.99053842 1.25482690 45.0
0.50995445 -1.05471563 -1.05997932 45.0
-0.36703795 -0.79305464 -1.07750952 45.0
1.35071290 -0.75567865 0.54525250 45.0
-1.31669521 0.93407530 1.19044316 45.0
1.34991014 0.60882080 0.73074287 45.0
0.52984691 0.26636773 1.21028233 45.0
0.89664847 1.03937054 -1.10040236 45.0
-1.19713843 0.74530411 1.20610118 45.0
1.26197243 -0.79264599 1.19865596 45.0
-0.25610998 1.41498995 1.16195774 45.0
0.35087872 -0.87372130 1.23813522 45.0
-0.59366632 -1.07432079 -1.05553484 45.0
0.33829507 -1.11537230 1.25887120 45.0
-1.40368235 0.85889482 0.95469499 45.0
1.33645964 -0.72818774 -0.79828930 45.0
0.67707282 -1.35744846 0.99592066 45.0
-1.34821093 -1.16488087 -0.96713465 45.0
-1.19146478 -0.76013118 -1.29996789 45.0
-0.74766916 1.44037187 0.09231533 45.0
-1.42473710 0.81618041 0.05996044 45.0
1.30608654 1.00316501 0.94655544 45.0
-1.39090657 1.07511234 0.05724909 45.0
-1.38064766 -1.00148690 -0.87198454 45.0
-0.11855695 -0.62040687 1.21051395 45.0
-0.71811366 -1.12859154 -1.04903042 45.0
0.03371722 0.91217649 1.21700907 45.0
-0.42254379 1.35085464 -1.04166818 45.0
-0.42368641 -1.06560802 1.26080990 45.0
-1.33035254 -0.73077768 -1.21122909 45.0
-1.06057537 0.66606873 1.20800793 45.0
-1.44758463 0.20606540 -0.89324820 45.0
-1.39274371 -1.04070342 -0.28146213 45.0
-1.20003939 -0.58871508 1.20828545 45.0
-1.31204593 0.85668015 1.19236672 45.0
1.34708798 -0.72818774 -0.65976739 45.0
-1.46479285 -0.07334872 -0.44804239 45.0
-0.73687828 1.43684196 1.05328500 45.0
-0.61131293 -0.64916462 1.21003139 45.0
-1.42557430 -0.82409775 0.54654151 45.0
1.33580458 0.85512650 -0.19628364 45.0
1.27474821 0.89364117 -1.15348828 45.0
0.72197986 1.03950572 -1.05770171 45.0
0.35129735 0.83310550 1.21755171 45.0
1.22951114 0.58754522 -1.15539169 45.0
-1.36401069 -1.20217133 0.55589467 45.0
0.65462917 1.41757083 -0.99967015 45.0
1.36737943 0.60881913 -0.46102312 45.0
0.91988015 1.43696487 1.05270779 45.0
-0.37464723 0.59229088 -1.06685281 45.0
-1.36970901 -0.62522918 1.13991225 45.0
-0.87359405 -1.31781077 1.13888907 45.0
0.52289265 0.74840456 1.21026802 45.0
0.18621793 0.91217649 1.21700907 45.0
0.84225565 0.89364117 -1.15128100 45.0
1.32732356 0.89364314 0.70975065 45.0
0.64180917 -1.18246758 1.24584496 45.0
0.78638536 1.20421898 1.20931756 45.0
-1.41650724 -0.89689207 0.32884285 45.0
-0.60144794 -0.84039211 1.22288883 45.0
1.13999748 -0.84327573 1.22144735 45.0
-1.42911053 -0.79305464 -0.26083043 45.0
1.31652772 0.99941355 0.27997500 45.0
-0.74390638 1.44008315 -0.70355749 45.0
-0.58594376 -1.06560802 1.26080990 45.0
-1.31567574 0.45771506 1.18289030 45.0
0.48680153 1.31786716 1.20877755 45.0
-0.46032423 -1.44117677 0.54908556 45.0
-1.26327765 1.34265280 1.17459798 45.0
0.68850398 0.47437891 1.20688593 45.0
-1.43747830 -0.72818774 0.05082317 45.0
-0.57852161 -1.32029080 -1.03509617 45.0
0.20441617 -1.44420874 -0.28466144 45.0
1.37189078 -0.53800666 0.33278391 45.0
0.67375827 0.83310550 1.21755171 45.0
0.67551649 -0.84039211 1.22288883 45.0
0.83617318 -0.22677350 1.21797585 45.0
0.93726575 1.20421898 1.20931756 45.0
-1.35375655 -0.93100041 -1.15536869 45.0
1.21040177 1.20684350 -0.99977183 45.0
-0.11686763 0.83310550 1.21755171 45.0
-1.35792816 -1.25605083 0.55567867 45.0
-1.09836078 -1.44117677 0.54908556 45.0
0.19390108 -0.62040687 1.21051395 45.0
-1.38274574 0.42053252 -1.01218128 45.0
-1.23068821 -1.32674217 -1.02074635 45.0
0.18621793 0.91217649 1.21700907 45.0
0.83986700 -0.93089348 -1.17298496 45.0
-1.33044612 1.30008340 -0.89196223 45.0
-1.37950993 -1.12171161 0.55467415 45.0
0.06835050 -0.70132196 -1.06721103 45.0
0.66515905 1.44054937 0.28990966 45.0
-0.42307079 1.43684196 1.05328500 45.0
0.79577750 1.43334055 -0.91334152 45.0
-1.37956405 -1.10113156 0.78563511 45.0
0.86916643 1.15081000 -1.05273175 45.0
1.22305930 1.03980851 1.18788040 45.0
1.28899646 0.77596778 -1.18145072 45.0
1.30416572 -1.08354342 0.05295042 45.0
-1.26735556 -1.28644681 1.15283334 45.0
0.84510237 0.99723625 -1.09502077 45.0
1.29675353 1.14731216 0.69299728 45.0
-0.36308804 -0.99876761 -1.06935132 45.0
