-1.37346256 0.00501363 -0.72022122 20.0
0.31067327 -1.44684196 -1.18359852 20.0
-1.12772632 1.12340641 -1.35955775 20.0
1.32284677 -1.30710959 0.16408330 20.0
1.40991354 -0.52535588 -0.38017595 20.0
1.39142215 -0.94378448 0.12557176 20.0
1.14905858 0.65516931 -1.20605206 20.0
1.39580667 -0.26001900 0.33954501 20.0
0.81676990 0.89199078 1.49486172 20.0
-0.37422565 1.19629908 -1.12006044 20.0
1.34917235 1.00484085 -0.82252783 20.0
-0.99390781 -0.40304381 1.18880594 20.0
0.80110133 0.33274665 -1.15640604 20.0
-1.43454230 0.00611666 0.12069460 20.0
0.58906400 -1.44862163 -1.16135168 20.0
0.76444489 0.99413484 1.37895191 20.0
-1.31494164 -1.37150180 0.20740072 20.0
-0.41194129 -1.23282838 0.62603956 20.0
-0.52619433 -1.45659530 -1.16429698 20.0
1.24823809 -1.41443729 -0.82173812 20.0
0.80916250 1.53620231 0.76900810 20.0
1.34912896 -0.07749591 -0.73351896 20.0
-0.68016446 0.12283114 1.73303270 20.0
-1.43402100 0.08894625 0.16545893 20.0
1.40666080 -0.82468957 0.16640230 20.0
-0.14448640 0.90682954 -1.19153535 20.0
-1.33683372 1.08558941 -0.89638591 20.0
1.31336093 -0.16198955 0.66916615 20.0
0.79280132 -1.05904758 -1.27571106 20.0
-0.33404297 -0.78575921 0.81069732 20.0
1.25023448 0.66215384 0.83402932 20.0
-0.67363054 -1.28765774 -1.16719997 20.0
-0.82286668 -0.91626734 0.75281662 20.0
-0.75769567 0.55737978 1.71502995 20.0
-0.14252035 0.61232179 -1.20535684 20.0
-1.21880519 -0.54051781 0.86554146 20.0
0.74441940 -0.47865337 -1.19550192 20.0
-0.82582331 -0.16739193 -1.17699087 20.0
-0.72149378 1.45302045 0.97760963 20.0
0.40611413 -1.18797207 0.65191877 20.0
1.39729285 0.40693620 0.03158101 20.0
1.30715716 0.33306953 0.68790555 20.0
1.35852849 0.83306092 -0.71095169 20.0
1.13794410 -1.32544219 -1.10112321 20.0
1.30809903 1.27573967 -0.84154510 20.0
-0.76649135 -0.47865337 -1.19550192 20.0
-1.39073384 -1.09837174 0.12557176 20.0
-0.53810394 -0.81682962 -1.18395138 20.0
1.18105996 1.08486545 0.96415168 20.0
-0.51266086 -1.40738046 -1.17689371 20.0
1.32388639 1.29331028 -0.54443854 20.0
-1.29497039 -1.33317626 -0.82260084 20.0
0.95002937 0.26185867 1.59278989 20.0
-0.62748092 0.53914410 -1.17141378 20.0
0.26860586 -1.51552892 0.12317952 20.0
1.14339924 0.47446099 1.13059163 20.0
-0.62547666 0.69824094 -1.16692507 20.0
1.34959722 0.52912956 0.52337223 20.0
1.39214039 -0.59567654 0.50590485 20.0
0.71974826 -1.18068767 -1.18142486 20.0
-0.84699088 -1.46453679 -1.14853597 20.0
-0.63096344 0.33890215 -1.17141378 20.0
-0.69666404 0.17468478 -1.16634095 20.0
-1.27592671 1.43671310 0.23520492 20.0
-0.74492019 -0.12498064 1.60731018 20.0
-1.25685191 -0.49776840 0.87479192 20.0
0.82335091 1.53190553 0.68066531 20.0
-1.31017780 1.04428172 -1.20160222 20.0
-1.19619524 1.29408705 0.78147840 20.0
0.45124856 0.44904587 1.75838459 20.0
0.25483334 -1.52056551 -0.73202246 20.0
-1.24950516 1.13517737 0.82782865 20.0
1.35235751 -1.19301295 0.22982740 20.0
-1.38757670 -0.16695592 -0.60384578 20.0
-1.34222686 -1.01795721 -0.90470028 20.0
1.40418661 -0.26002219 0.13933545 20.0
-1.39134705 -1.05681872 -0.36638355 20.0
-0.61831433 0.93905330 1.48247230 20.0
1.31661010 -1.31163502 -0.36638355 20.0
0.82209533 -1.31202734 0.54858583 20.0
-1.35214424 0.89738363 -0.90470028 20.0
-0.88271534 0.89738363 -1.52168989 20.0
0.94746321 -1.25975776 -1.16455281 20.0
1.36136055 -1.05564940 0.45307723 20.0
0.77737218 0.20261054 1.74089789 20.0
-0.37989542 -0.69798887 -1.19255686 20.0
1.40092003 0.89857411 0.23573360 20.0
1.24046564 0.93078816 0.88272578 20.0
0.67838651 -0.40371081 1.21646619 20.0
1.27890074 1.34262323 -0.86040205 20.0
-0.48796979 -0.36109138 1.32384765 20.0
0.77624047 1.53632379 0.68114692 20.0
1.20637417 0.52869719 0.96564257 20.0
1.40742898 -0.67388785 -0.56399763 20.0
-0.71666098 1.54141271 0.02980469 20.0
1.31935155 -1.18108547 0.48228201 20.0
0.82649177 1.52184391 0.12768039 20.0
0.35503200 0.82461047 -1.19229305 20.0
-0.79132372 -0.65039504 0.84266794 20.0
-0.12852654 0.45648196 1.77119327 20.0
-1.35401666 -1.14568031 -0.71095169 20.0
0.82157665 0.28217930 1.73118508 20.0
1.29067445 1.13591623 0.67576301 20.0
-1.34854519 -1.13926053 0.50295234 20.0
-0.75248200 1.26321006 1.01229072 20.0
-0.83626688 0.43376890 1.71899569 20.0
-0.53935838 1.23129368 -1.10257840 20.0
1.42304218 -0.67314243 0.03158101 20.0
-1.23387802 1.04418623 0.93580508 20.0
-0.98302317 0.75203818 -1.62985206 20.0
1.40473735 0.25538218 0.16640230 20.0
1.31591713 -1.34035099 0.21515244 20.0
-0.14523301 -0.80150038 -1.20909083 20.0
-1.15283132 0.79266787 -1.72834110 20.0
0.56065810 -1.50713480 -0.14519836 20.0
0.94229293 -0.98706365 0.72558105 20.0
1.09808433 -1.09707034 -1.68554986 20.0
0.86072028 -0.79494578 0.79329205 20.0
0.64424044 1.46058536 0.97865093 20.0
0.62981331 1.54896295 0.02831314 20.0
-1.42302036 0.33304462 0.12557176 20.0
0.86349577 -0.82721555 -1.44077814 20.0
1.33555067 1.00484085 -0.90470028 20.0
-1.18358183 -1.44185817 -0.82888752 20.0
0.87030262 0.42499772 1.68287921 20.0
0.81805497 -1.38392031 0.46440652 20.0
-0.38047582 -0.61932153 -1.19859672 20.0
0.51171517 1.18466043 -1.11584818 20.0
-0.36315256 1.57898355 0.68157351 20.0
-0.66495144 -0.49648672 1.00833106 20.0
1.38887846 0.47411740 -0.14427763 20.0
1.01270568 -0.47445059 -1.18182623 20.0
0.33673674 -0.54981428 0.93923521 20.0
1.39727235 0.40729383 0.12557176 20.0
-0.78701651 0.50340474 1.72379684 20.0
1.32855344 -0.67593110 -1.01382780 20.0
-0.77415824 1.52784038 -0.47162274 20.0
-1.16001606 -1.32544219 -1.10112321 20.0
0.82870382 -1.49164963 -1.08880627 20.0
1.41246891 0.00620610 0.16168551 20.0
0.79511344 -0.75660986 0.80812109 20.0
1.00482404 -0.07749591 -1.16126597 20.0
-0.71110803 1.54162562 0.88454515 20.0
-0.54803777 -1.50279939 -0.96145713 20.0
-1.33575392 -0.34105980 0.65750176 20.0
0.11100047 1.57871795 0.93348914 20.0
0.65475857 -0.84857470 0.78009641 20.0
-0.47205293 0.51856899 1.74376345 20.0
-0.90023774 0.27338147 1.69567847 20.0
-1.39729357 -1.05611444 0.03158101 20.0
-0.73093450 0.89634514 1.52121782 20.0
0.73884946 -0.87439185 -1.18667269 20.0
1.25450444 0.93045419 -1.57492864 20.0
1.38277125 0.66250449 0.36259270 20.0
0.34994644 0.74252462 -1.18868089 20.0
-1.37811482 0.66132081 -0.71095169 20.0
-1.27575064 1.43907392 0.12503463 20.0
1.11342430 1.48177326 -0.46797922 20.0
-0.96446562 0.41352621 1.58082891 20.0
0.65278971 0.96639961 1.43477941 20.0
-0.61277902 -1.25773489 0.60184622 20.0
-0.70710158 -1.45289218 0.27128994 20.0
-1.34557986 -0.86677390 -1.01030838 20.0
-1.19070017 0.83299989 1.08952427 20.0
-1.39336967 0.00501363 -0.57338721 20.0
1.36012459 1.00594163 0.53527957 20.0
1.40166652 0.73594826 0.12557176 20.0
-1.30524862 -1.27388179 0.44238064 20.0
-0.64887643 1.29329741 -1.06368589 20.0
0.78979242 -1.09955955 -1.25846314 20.0
-0.13224968 -0.36711207 1.33202302 20.0
-0.73565376 1.54363930 0.68120533 20.0
-1.40836847 -0.98076695 0.03158101 20.0
0.79199070 -1.02855074 0.71571767 20.0
-0.35387996 -0.60490948 0.88092041 20.0
1.29380500 -0.07749591 -1.01669824 20.0
0.63037622 1.54240847 0.16564122 20.0
-1.41596973 0.47458431 0.03158101 20.0
-1.42717457 -0.78561258 -0.36638355 20.0
1.33690345 0.86614424 -0.82252783 20.0
-0.88683277 -1.41950142 0.35412145 20.0
-1.39877594 -0.52539569 -0.72928685 20.0
-1.41455066 0.89856052 0.36275145 20.0
0.70223910 0.69200593 1.66727316 20.0
0.65056437 -0.88910091 0.76619035 20.0
1.24177718 1.43704867 -0.48683894 20.0
0.12228454 0.00497803 -1.21165776 20.0
1.13062096 1.08495927 1.03566647 20.0
-0.37047002 0.60822868 -1.19212997 20.0
-1.39932346 -0.47411013 0.50826913 20.0
-0.62934858 -1.00280237 -1.20983720 20.0
1.39725697 0.40738314 0.23573360 20.0
0.40502250 -1.51124585 -0.96353048 20.0
-1.21302283 1.00330591 1.00019240 20.0
-0.92977792 -1.37199998 0.46268302 20.0
1.25535107 1.08606195 0.80054080 20.0
0.26463810 -1.52897537 -0.36704955 20.0
0.68435776 -0.68061364 -1.16660583 20.0
-1.38247919 0.58616400 -0.56399763 20.0
-1.15023780 0.96664131 -1.80595875 20.0
-0.51690638 -1.30748653 -1.18027580 20.0
-1.32491612 -1.37194085 -0.36638680 20.0
-0.56256688 0.94494849 1.48514068 20.0
0.61272788 -0.88559705 -1.18935382 20.0
0.12316112 -0.80150038 -1.20909083 20.0
0.77660650 -1.19895995 0.62636071 20.0
0.31722620 -0.13001792 1.62271571 20.0
-0.70214850 1.01986766 -1.12843716 20.0
-1.21302283 1.00330591 1.00019240 20.0
0.65692729 1.52108467 0.96470684 20.0
-0.80377626 -0.40015480 1.21378744 20.0
-0.56198317 1.17356920 1.16652906 20.0
0.65182763 0.36498114 1.75966740 20.0
-0.27690530 -1.52056551 -0.73202246 20.0
-0.99832714 1.42012453 0.93774611 20.0
-1.39877594 -0.52539569 -0.72928685 20.0
0.51360285 1.10940135 -1.13299906 20.0
1.32647026 0.96664131 -1.01143003 20.0
0.96431059 -0.02886986 1.52574360 20.0
0.73126715 0.47789142 -1.16131163 20.0
-0.37679136 0.86481237 -1.18565774 20.0
0.70778638 0.92750752 1.47724593 20.0
1.26213408 -0.78885955 -1.41293740 20.0
1.12405849 1.48764849 0.03203239 20.0
-1.17968953 0.17323707 1.13244820 20.0
-0.81765169 -1.02041781 -1.28586173 20.0
-1.32848549 1.37603498 0.23529185 20.0
-1.23387802 1.04418623 0.93580508 20.0
-0.28982189 -1.48480427 0.26719341 20.0
-1.20301104 0.92970788 1.04227173 20.0
-0.63504905 0.00494198 -1.17732430 20.0
0.50020224 -1.26565850 0.60179234 20.0
-0.86320764 -1.10997880 0.67706883 20.0
0.38986933 -1.23282838 0.62603956 20.0
-0.11332896 -1.03445625 0.73075175 20.0
1.28208280 0.40619111 -1.00039387 20.0
-1.40551400 1.00484085 -0.56399763 20.0
-0.79944408 0.20261054 1.74089789 20.0
1.31476188 1.08558941 -0.89638591 20.0
-0.12998469 0.12738441 1.75435066 20.0
-1.36990309 0.17221369 -0.71095169 20.0
1.33362222 -1.01795721 -0.82252783 20.0
-1.34145546 -1.32294941 0.16335903 20.0
0.34956425 0.49286357 -1.19228876 20.0
1.32947063 -1.28271365 0.16485649 20.0
1.31661010 -1.31163502 -0.36638355 20.0
0.78120822 -1.15532792 0.65196192 20.0
-0.69666404 0.17468478 -1.16634095 20.0
-0.98209816 0.93045419 -1.81215441 20.0
0.69508547 1.53657103 0.12520432 20.0
-0.66631240 1.46058536 0.97865093 20.0
0.87912512 -0.52542180 -1.17519295 20.0
1.36284983 -0.78565735 -0.82253069 20.0
1.00605690 -1.46932685 -0.35586467 20.0
-0.70903891 1.51124954 -0.65041399 20.0
1.37947738 -1.01767933 -0.14427763 20.0
-1.00115466 -0.15297435 1.44145310 20.0
1.27041972 0.08962099 0.82954466 20.0
-0.58378023 -1.46224499 0.26983222 20.0
0.95453304 0.71378714 -1.51547968 20.0
-1.36747456 1.13441408 -0.70245308 20.0
1.28787303 -1.40224171 -0.36641261 20.0
1.29306698 -1.09943807 -1.00931478 20.0
-1.24882078 -1.39442229 -0.99802190 20.0
-0.61323059 0.70059347 1.67230451 20.0
1.40474224 0.25529277 0.12557176 20.0
-1.36940145 0.58732229 0.52337223 20.0
1.06062651 0.09258208 1.35751081 20.0
1.30766153 0.86613804 -1.01181507 20.0
0.34402204 -1.21841657 -1.20874572 20.0
0.35377255 0.90077484 -1.17839289 20.0
-1.00782156 -1.46510518 -0.84301615 20.0
-0.48238999 -0.06389491 1.66686857 20.0
-0.13216619 -1.43523383 0.46704024 20.0
-0.03685763 -1.49180067 0.33840212 20.0
1.35222912 -1.19363952 0.03158101 20.0
-0.12961192 0.21200724 1.77332354 20.0
0.36070052 1.47920322 -0.88781464 20.0
0.86895841 -1.47403324 -0.71267200 20.0
0.98358017 -1.46794248 -0.93607050 20.0
0.69689530 1.35627365 0.98034304 20.0
-0.72484630 0.55874532 1.71708667 20.0
-1.03477764 -0.47445059 -1.18182623 20.0
0.12145336 -0.99026555 -1.23984694 20.0
1.42476285 -0.59451377 -0.14733745 20.0
-0.53378707 1.18466043 -1.11584818 20.0
-0.87591380 -0.95060742 0.74031472 20.0
-0.86914307 -1.48084056 -0.95366257 20.0
-1.31755924 1.29624140 0.50511050 20.0
1.33304513 -1.09571946 0.51986843 20.0
1.29707074 -0.42149422 -1.03845501 20.0
-1.43847048 -0.73856235 0.23573360 20.0
-0.14596820 -0.70265436 -1.20578635 20.0
0.75535035 1.52518725 0.36842415 20.0
-0.90442932 0.19161043 1.68659568 20.0
-1.31460655 1.36573231 -0.64088136 20.0
-1.36128533 -1.24322379 -0.14427763 20.0
-0.14430319 -0.90842438 -1.22374332 20.0
-0.85755789 -0.00613616 1.66219580 20.0
-0.75917822 1.11418521 -1.12549996 20.0
-1.43454230 0.00611666 0.12069460 20.0
1.35558724 -1.14564073 -0.36638355 20.0
-1.33016431 -1.31254292 -0.56399763 20.0
-1.36571062 0.89738363 -0.82252783 20.0
1.41011035 -0.07630336 0.22482944 20.0
-1.42020428 -0.16576114 0.34547648 20.0
1.39450669 1.08680642 0.23573360 20.0
0.51009929 0.34185660 -1.17941141 20.0
-1.32829463 -0.47445059 -1.03325820 20.0
0.62981331 1.54896295 0.02831314 20.0
-1.32574582 0.40730181 0.68801850 20.0
-0.87747818 0.58502519 -1.15663052 20.0
-1.13916409 -0.87760127 0.74773484 20.0
0.12260606 -0.44188926 -1.24302566 20.0
-1.33684707 -1.34588969 0.12557176 20.0
0.83548594 -0.00613616 1.66219580 20.0
0.88920242 1.42744815 0.96055806 20.0
1.39109492 0.66251254 0.16640230 20.0
-0.38564935 1.56068194 0.23272020 20.0
-0.64077783 -0.73792344 -1.17274129 20.0
0.14084733 -1.51356339 -1.16396010 20.0
-0.14389426 1.20435548 -1.12438738 20.0
0.77086514 0.36190337 1.74858689 20.0
1.30928779 -1.35799825 -0.14428180 20.0
-0.97617143 0.18006025 1.58493710 20.0
1.14148796 0.58663023 1.12303984 20.0
1.22791660 -0.21822685 0.89747018 20.0
-0.78651679 0.99413484 1.37895191 20.0
-0.36989847 0.71129233 -1.18775642 20.0
0.26684350 -1.53035986 -0.15071426 20.0
0.82170188 1.51794398 0.36908808 20.0
-1.25020766 1.00484467 0.91111267 20.0
-1.35762250 1.00484085 -0.90470028 20.0
-1.33807647 -0.97095019 0.62367386 20.0
0.50548685 0.70439887 -1.17490613 20.0
1.19095087 1.00330591 1.00019240 20.0
1.24631166 1.43642437 0.36043438 20.0
-0.14374979 -0.27395892 -1.23378778 20.0
1.40094829 0.33304462 0.12557176 20.0
-1.34088683 -1.32569611 0.03158101 20.0
-1.24998856 -0.21822685 0.89747018 20.0
0.83359492 -1.19540012 0.62596279 20.0
-1.21277106 1.26301622 -1.00734532 20.0
1.37725151 -0.47411013 0.50826913 20.0
0.31722620 -0.13001792 1.62271571 20.0
0.73710632 1.11418521 -1.12549996 20.0
-1.44683456 -0.59451377 -0.14733745 20.0
0.67577100 0.91078997 -1.14674842 20.0
-0.79828459 1.52688348 0.92634910 20.0
-0.14429159 0.78767598 -1.20609963 20.0
0.01239644 -1.53985536 -1.14139986 20.0
0.94149572 -1.05639935 -1.75255883 20.0
-1.09647822 -0.27988026 1.30998707 20.0
-0.97527260 1.10461915 -1.47525883 20.0
-0.83237559 1.00731921 -1.20953453 20.0
-1.26193881 1.41549933 -0.67453539 20.0
-0.90023774 0.27338147 1.69567847 20.0
0.12210465 -0.08147011 -1.21974742 20.0
1.16436887 -0.05137441 1.09544396 20.0
0.61279690 0.08946188 -1.17259586 20.0
0.98734862 1.49241436 0.87087369 20.0
0.96045852 -1.46807408 -1.12524807 20.0
1.41011381 -0.07675058 0.01870954 20.0
-0.03994872 -1.52638638 0.19233394 20.0
0.68696702 1.51124954 -0.65041399 20.0
-1.29253435 -0.06765815 0.81396413 20.0
0.46144274 -0.12871416 1.61718714 20.0
-1.28164196 0.73561299 0.83379143 20.0
-1.28565586 -0.80415922 0.73758447 20.0
-1.32960641 0.73586637 0.68827832 20.0
-0.27690530 -1.52056551 -0.73202246 20.0
1.23992693 -0.36422879 0.84728396 20.0
-0.76129597 0.00498463 -1.16715407 20.0
-1.04405499 1.18878198 0.99734390 20.0
0.62312341 1.49539971 -0.77148461 20.0
-1.29054201 -1.19391465 -1.01661122 20.0
0.31644484 -0.06456088 1.67262852 20.0
0.74745250 -0.53004193 -1.18307209 20.0
-0.88284200 -0.86677390 -1.48780429 20.0
-1.41578078 0.93162948 0.36338651 20.0
0.91143161 1.19228709 1.03912222 20.0
1.22791660 -0.21822685 0.89747018 20.0
1.29949391 -1.35281694 -0.56399763 20.0
0.81839579 0.81831664 1.57251537 20.0
-0.90434581 1.35593188 -0.96600878 20.0
0.67087597 -0.35324448 1.31817961 20.0
0.73227483 -0.99012804 -1.20803392 20.0
-0.80197394 -1.22389674 -1.17137969 20.0
0.61358535 0.88421923 -1.15765226 20.0
-1.37436223 -1.19328260 0.12557176 20.0
-0.47228169 1.23469925 1.09397316 20.0
-1.42206919 -0.86649585 -0.14427763 20.0
1.12159288 1.49174857 -0.13144703 20.0
-0.14652419 1.52014649 -0.80018538 20.0
-1.14706373 0.93045419 -1.83580649 20.0
1.12015164 -0.90669042 -1.80188215 20.0
1.23589790 -1.01790345 -1.56288934 20.0
-0.70045853 -0.40371081 1.21646619 20.0
1.22813594 1.00484467 0.91111267 20.0
0.70480335 -0.58607417 0.87761569 20.0
1.04270887 0.47526884 1.35896218 20.0
0.54842550 -0.00420601 1.69666350 20.0
0.66607225 -0.19087607 1.54556179 20.0
0.66385543 -1.32175648 0.55140799 20.0
-0.77525073 -0.44947785 1.10207772 20.0
0.96244383 -0.82721400 -1.65285385 20.0
0.78979242 -1.09955955 -1.25846314 20.0
1.30858362 -1.34937274 -0.36638355 20.0
0.81419504 0.43376890 1.71899569 20.0
1.40641367 0.96738511 0.03158101 20.0
1.04917932 0.33362401 1.37352896 20.0
0.53616339 0.56918913 1.72455227 20.0
-0.13165088 -0.68000436 0.84699428 20.0
-1.41735578 0.86732215 0.36259270 20.0
-0.81718540 -0.75660986 0.80812109 20.0
-0.76308215 -0.42523605 -1.19755602 20.0
1.31256974 -1.32998061 -0.36638355 20.0
-1.41086960 0.58735591 0.16640230 20.0
1.41871965 -0.47325772 0.15222797 20.0
-1.32156575 -1.35281694 -0.56399763 20.0
0.95191711 -0.87576890 0.76201159 20.0
-1.40860939 1.04453981 -0.36638355 20.0
-0.10364401 -1.53884172 -1.09609282 20.0
0.65118164 0.77008873 1.63712049 20.0
-0.46014830 -1.01753175 0.72985125 20.0
1.33493435 -0.42149422 -0.86413294 20.0
1.31949818 0.40619111 -0.82260084 20.0
0.74094802 -0.83448946 -1.17719913 20.0
0.69890356 1.54660749 0.81395531 20.0
-0.26977879 -1.52049136 -0.86928123 20.0
1.39038610 0.89742339 -0.36638355 20.0
-0.84364849 0.28217930 1.73118508 20.0
0.58285081 -0.49968448 1.00925422 20.0
-0.14390235 -0.17520051 -1.22754180 20.0
-0.75216818 0.53249073 -1.16131163 20.0
-0.91520315 -0.01497369 1.62585616 20.0
1.36927509 -1.05681872 -0.36638355 20.0
-0.98100835 0.89738363 -1.81960678 20.0
0.04748956 -1.37261569 0.54927438 20.0
-0.41363749 -1.51806569 -1.09256339 20.0
-1.03980362 -0.21872608 1.37906957 20.0
-0.96160650 0.48102257 1.56731451 20.0
0.80614978 -0.83794427 0.77951723 20.0
-0.64496303 1.50903714 -0.70709568 20.0
1.25057065 0.52888727 0.83350635 20.0
1.32530618 0.66242844 -0.90749711 20.0
1.39326560 0.73602802 0.36259270 20.0
0.86558145 0.54645795 1.65266585 20.0
1.00425935 -1.46928382 -0.14154176 20.0
0.57986081 -0.85400254 0.78039223 20.0
0.30666566 -0.87019855 0.78160918 20.0
-1.41787863 -0.26001900 0.33954501 20.0
-0.16291921 -1.51356339 -1.16396010 20.0
-0.68979001 0.53580314 -1.16634095 20.0
1.35558724 -1.14564073 -0.36638355 20.0
0.60112917 -1.12058187 -1.20078623 20.0
-1.28011692 0.96664131 -1.55599880 20.0
1.32653010 0.25418994 -0.82260084 20.0
-0.67683041 -0.84857470 0.78009641 20.0
0.68696702 1.50167739 -0.70301515 20.0
-0.14437400 1.12780619 -1.15276909 20.0
-0.47698733 1.02432334 1.39842367 20.0
-0.13885662 -1.39039099 -1.20422912 20.0
1.33501446 1.04449892 -0.82132775 20.0
-0.63486874 0.08946188 -1.17259586 20.0
1.20452893 0.58683521 0.96522039 20.0
0.31927341 -0.31504679 1.40988290 20.0
0.98734862 1.49241436 0.87087369 20.0
-1.40213490 -0.78565228 -0.71095169 20.0
-0.55023199 1.55271363 0.16380417 20.0
-1.11487663 -1.13703907 -1.58174634 20.0
1.24799562 -1.39805365 -0.89919895 20.0
1.40959442 0.79284000 0.03158101 20.0
-0.38127935 1.52882266 -0.72388786 20.0
0.79921204 -1.48139620 -0.54600555 20.0
-1.25021052 0.01308733 0.95155239 20.0
1.19864106 -0.33758926 0.96341562 20.0
-0.55218679 -1.42790031 0.40870017 20.0
-0.69792449 0.08895130 -1.16751611 20.0
-0.77324009 1.48080337 -0.76298279 20.0
0.87083441 0.67942142 1.60261226 20.0
-1.32178247 1.37849271 -0.34403807 20.0
-0.96446562 0.41352621 1.58082891 20.0
-1.20247054 -0.27253926 1.00292563 20.0
-1.38495421 -1.09943295 -0.36638355 20.0
1.14648533 0.40690479 1.13349700 20.0
1.31533301 -1.28512585 -0.56399763 20.0
-1.40608859 -0.52532488 0.50871569 20.0
1.12523067 1.48165607 0.16679445 20.0
1.15005875 0.33275491 1.13532245 20.0
0.91020042 0.94611245 1.37360024 20.0
0.31197101 -0.78575921 0.81069732 20.0
-0.70145780 0.98109198 -1.13425183 20.0
0.01232878 -1.54364955 -0.88504183 20.0
-0.33316797 0.37636554 1.77476835 20.0
0.68099058 -1.49609292 -0.35511181 20.0
-0.14539814 -0.78120226 -1.20838952 20.0
-0.71715736 1.53657103 0.12520432 20.0
1.32938194 -1.28306890 0.12557176 20.0
1.06544816 -0.04171149 1.31977618 20.0
1.29597461 0.00501363 -1.00728941 20.0
-1.18644071 -0.05137441 1.09544396 20.0
-0.13216619 -1.43523383 0.46704024 20.0
-1.19070017 0.83299989 1.08952427 20.0
0.12224604 0.09166786 -1.20674479 20.0
1.35572708 1.20774639 0.36093324 20.0
-1.43401265 0.08894623 0.23484471 20.0
0.75291425 0.05317899 1.70901382 20.0
-1.19070017 0.83299989 1.08952427 20.0
-1.40317178 -1.01676619 0.23573360 20.0
0.70857888 -0.71622843 0.82365364 20.0
-1.43219101 -0.07639283 0.11360602 20.0
0.73429656 0.33475876 -1.16131163 20.0
-1.10763574 -0.71185744 0.80456084 20.0
-1.31202996 -1.38580954 0.03166877 20.0
-0.88776606 0.79259449 -1.47003579 20.0
0.62851244 1.55345857 -0.13789202 20.0
-1.32514644 0.79314041 -1.21366262 20.0
1.24054193 -1.31426728 -1.00039065 20.0
1.30603755 1.37831473 0.03147055 20.0
1.39956582 0.25446814 -0.14427763 20.0
-0.67389947 0.36498114 1.75966740 20.0
0.35324007 0.78241491 -1.19286823 20.0
-1.42203259 -0.47441080 -0.39055514 20.0
-1.07874131 -0.53049541 0.91222686 20.0
1.00109434 0.25418994 -1.14796793 20.0
0.81865340 -0.58094436 0.87630719 20.0
0.96714538 1.50679994 0.16848457 20.0
-0.31551877 -1.38566709 0.51501346 20.0
-1.43480158 -0.42039084 0.10406096 20.0
0.77237034 -0.35012394 1.31518877 20.0
-1.34295976 -1.31018770 -0.14427763 20.0
1.12269986 -0.76498383 -1.47686183 20.0
-0.72571045 1.20093334 1.08329523 20.0
-0.88667548 0.96664131 -1.49555647 20.0
-0.97398901 -0.87576890 0.76201159 20.0
-0.37427881 -0.94393170 -1.21932638 20.0
-1.32996202 0.93138921 0.68656814 20.0
0.66530329 0.65467095 -1.16461527 20.0
-0.54413497 1.50546920 -0.77821535 20.0
1.12523067 1.48165607 0.16679445 20.0
1.39929163 -0.73894799 0.48709852 20.0
0.82157665 0.28217930 1.73118508 20.0
1.35233521 1.04449999 -0.71032304 20.0
-1.25836217 -1.41660464 -0.89843845 20.0
-1.26912081 -1.28600168 -1.00037193 20.0
-1.27842128 0.89799112 0.83406204 20.0
-0.93903339 1.25689101 0.97228473 20.0
-1.33516324 0.25418994 -0.90506524 20.0
0.55451632 -0.30911753 1.40277517 20.0
-1.07407498 0.66238248 1.32049549 20.0
-1.43044066 -0.78445399 0.35421097 20.0
-0.78195900 1.52562106 0.23880251 20.0
-0.55022949 1.55084014 0.23524867 20.0
-0.88373703 0.40619111 -1.15351868 20.0
-0.72006249 -1.40451074 -1.15973461 20.0
-0.37950116 -0.54709673 -1.21436644 20.0
-1.44605780 -0.52429223 0.11720884 20.0
1.25528336 1.00484085 -1.52241576 20.0
-0.80197394 -1.22389674 -1.17137969 20.0
-1.34480190 0.93045419 -1.01197100 20.0
-1.35062528 -0.67593110 -1.01382780 20.0
1.41639948 -0.73865199 0.12557176 20.0
1.00657833 -0.26116455 1.40375638 20.0
-0.31551877 -1.38566709 0.51501346 20.0
-0.66829282 0.69624627 1.66975749 20.0
0.35256553 1.56776202 0.53090930 20.0
-0.72178203 1.26642072 1.01369941 20.0
-0.28424525 -1.15550542 0.67791063 20.0
0.66771805 0.53580314 -1.16634095 20.0
0.46144274 -0.12871416 1.61718714 20.0
-1.31758213 0.08775385 -1.00177300 20.0
-1.26904130 1.29672182 0.63547039 20.0
0.10849302 -0.00440482 1.71242714 20.0
-0.66865075 0.56215918 1.71952689 20.0
-1.40353107 1.13534093 -0.14414172 20.0
1.32647336 -1.13926053 0.50295234 20.0
-1.34480190 0.93045419 -1.01197100 20.0
1.31949818 0.40619111 -0.82260084 20.0
-0.13165346 -0.26269937 1.48888099 20.0
-0.31551877 -1.38566709 0.51501346 20.0
-1.42625010 -0.26002213 0.21022941 20.0
-1.32627690 1.37937725 -0.13855872 20.0
0.76265615 0.55737978 1.70854735 20.0
-0.78472799 0.55737978 1.70854735 20.0
0.77990192 -1.22389674 -1.17137969 20.0
-0.14513753 1.05253208 -1.16691542 20.0
-0.12689601 -0.79101318 0.81164706 20.0
0.76881033 -0.58241010 0.87709236 20.0
-0.47427118 0.78664279 1.64637172 20.0
-0.88878340 1.50438714 -0.56860155 20.0
1.31591356 -1.26218867 0.40933701 20.0
1.30955553 0.33194181 -0.90506524 20.0
0.80125588 1.12870884 -1.15106308 20.0
-1.40541005 -0.26117513 -0.41254082 20.0
-0.80726159 -1.11276019 0.67754483 20.0
0.71120661 0.99658662 1.38616741 20.0
-1.30225229 -1.37559450 -0.71095181 20.0
1.42694402 -0.59359914 0.23355618 20.0
1.33194482 -1.14568031 -0.71095169 20.0
-1.31494164 -1.37150180 0.20740072 20.0
0.70616609 -0.53267574 0.93487835 20.0
-0.84226304 -0.64876074 0.84193987 20.0
0.68096638 1.21274960 -1.09595466 20.0
0.58737248 1.37212193 0.98325109 20.0
-0.98302317 0.75203818 -1.62985206 20.0
-0.28424525 -1.15550542 0.67791063 20.0
-1.27176452 -0.90669042 -1.55341208 20.0
1.34958327 -0.97841156 0.54864544 20.0
0.12332626 -0.78120226 -1.20838952 20.0
1.38333809 -0.26117513 -0.41254082 20.0
-1.35462201 -0.52295285 0.65672660 20.0
0.51660717 1.03535724 -1.14127493 20.0
-1.37385762 0.73509425 -0.82313865 20.0
-0.84670073 -1.36336613 -1.15352476 20.0
-1.36648118 -0.47445059 -0.85466987 20.0
1.24054193 -1.31426728 -1.00039065 20.0
1.33007228 0.89738363 -0.90470028 20.0
-0.94331676 -1.19201362 0.62341088 20.0
0.92015564 1.05918539 1.22932732 20.0
-1.29056764 -0.15072706 0.80168396 20.0
1.33760870 1.20333314 -0.69360435 20.0
0.94239384 0.41352621 1.58082891 20.0
-0.72829616 -1.37770414 -1.16061914 20.0
-0.11484009 -1.53250754 -1.13823104 20.0
0.33395076 1.58195817 0.81625921 20.0
0.62925124 1.38315248 -0.98192972 20.0
-0.12207933 -0.91784871 0.76821858 20.0
-1.15296495 -1.38525438 -1.10108459 20.0
-0.11936042 -0.95787692 0.75506115 20.0
-1.40603387 0.25422969 -0.36638355 20.0
-1.21277106 1.26301622 -1.00734532 20.0
0.61520654 0.84892184 -1.16484678 20.0
0.68141979 -0.75671339 -1.16916192 20.0
0.12197293 1.57274890 0.53014201 20.0
1.19788408 -0.46275786 0.96042305 20.0
1.10554349 -0.98889524 0.71155918 20.0
-0.33778796 -0.00439013 1.70631278 20.0
0.10505925 -1.45576894 -1.19378877 20.0
0.61708003 -0.78134942 -1.17493165 20.0
-0.61277902 -1.25773489 0.60184622 20.0
1.00231802 -0.34878859 -1.17971587 20.0
0.24770683 -1.52049136 -0.86928123 20.0
-1.10763574 -0.71185744 0.80456084 20.0
-0.89592457 1.43210685 -0.85341591 20.0
-1.34547806 0.86614424 -0.90470028 20.0
0.51718503 -0.48922437 -1.21393466 20.0
-1.05541861 1.42607975 0.90214163 20.0
-1.02716732 -1.46558392 -0.55092025 20.0
-1.31608129 -1.13059938 0.56476456 20.0
1.40665495 1.00558460 0.03158101 20.0
-0.93932879 1.01892507 1.28474891 20.0
-1.41421235 -0.59567654 0.50590485 20.0
-1.42302036 0.33304462 0.12557176 20.0
-0.85785466 -1.48827493 -1.03043258 20.0
0.80125588 1.12870884 -1.15106308 20.0
-0.76195556 0.87324047 -1.15654254 20.0
1.25293708 1.44225109 0.03149561 20.0
1.34536815 -0.52540004 -0.92481047 20.0
-0.97780961 -0.90669042 -1.78638816 20.0
1.06349230 0.02087352 1.34123898 20.0
-0.65217233 -1.50405610 -1.09085560 20.0
-0.93932879 1.01892507 1.28474891 20.0
-0.66282934 -0.72080731 0.82405078 20.0
0.10904551 -0.13087496 1.62839484 20.0
0.12600118 1.56568003 0.23012294 20.0
-1.17581868 0.25510561 1.13524115 20.0
0.80300862 -0.90896630 -1.27254713 20.0
1.38920915 -0.07745615 -0.38611788 20.0
1.31591713 -1.34035099 0.21515244 20.0
0.52816004 1.55271363 0.16380417 20.0
-1.28314388 0.86676937 0.83288652 20.0
0.52270597 1.55312836 -0.48344794 20.0
-1.38328850 -1.14449036 0.23283637 20.0
-1.13811588 1.43831003 -0.74736547 20.0
1.40158856 1.04568934 0.23573360 20.0
0.96010083 1.51531827 -0.31576088 20.0
1.12633741 0.75120306 -1.64310002 20.0
0.73002297 -1.02679861 -1.20902956 20.0
0.75955939 1.26265955 1.00834596 20.0
-0.13078728 -1.53789055 0.02254000 20.0
-0.90308875 -0.59507936 -1.15974462 20.0
1.24560833 -0.99627161 0.67380106 20.0
-1.40860939 1.04453981 -0.36638355 20.0
-1.43479657 -0.42030135 0.21613112 20.0
0.71935254 -0.00397229 1.68972647 20.0
-1.41349411 -0.94378448 0.12557176 20.0
0.24015382 -1.52163088 -1.13514614 20.0
1.01994991 -0.59680265 -1.15436769 20.0
-1.37867713 0.40619111 -0.56399763 20.0
0.82940155 0.11965176 1.70306337 20.0
-1.15056729 -0.37519324 1.16941476 20.0
1.33155966 -0.07749591 -0.84305531 20.0
1.18075049 0.40619111 -1.10108459 20.0
-0.48796979 -0.36109138 1.32384765 20.0
-0.63655406 -0.43073973 -1.20794702 20.0
-0.68041056 -1.18820167 -1.18259978 20.0
1.19673324 -0.54051781 0.86554146 20.0
0.86707169 0.49247074 1.66803229 20.0
1.16862810 0.83299989 1.08952427 20.0
-1.06412804 0.52929944 1.35007191 20.0
0.85050714 0.68376899 -1.26643491 20.0
-1.38757670 -0.16695592 -0.60384578 20.0
-0.53381890 -0.17231546 -1.20067084 20.0
0.64627230 -1.49442554 -0.95940167 20.0
1.40475416 0.25493512 0.03158101 20.0
0.11341102 1.58178568 0.88930172 20.0
0.62303346 1.53083873 -0.58125526 20.0
-0.56526822 0.83794141 1.60744095 20.0
-1.41359615 -0.67388785 -0.71095169 20.0
0.87030262 0.42499772 1.68287921 20.0
0.81458950 1.14748931 1.13829935 20.0
-1.13591349 0.68834764 -1.37448704 20.0
-0.11632206 -0.99625969 0.74285555 20.0
-0.93570668 0.98090142 1.33252859 20.0
1.36599159 0.83419347 0.52337223 20.0
-0.97660488 0.71378714 -1.51547968 20.0
-1.03023922 1.49643242 0.83275467 20.0
-0.83769792 0.95574087 1.40765131 20.0
1.37035155 0.00620791 0.51973271 20.0
1.00509548 -1.46558392 -0.55092025 20.0
0.80882472 0.83326900 -1.24185359 20.0
-0.82128400 -1.48139620 -0.54600555 20.0
0.35220686 -0.94393170 -1.21932638 20.0
0.60006291 0.20553997 1.75435758 20.0
0.80760902 0.68814391 1.63969541 20.0
0.51596254 -1.50475657 -1.13201499 20.0
0.64770693 -1.34713459 -1.16604102 20.0
0.81562597 0.95574087 1.40765131 20.0
-0.07895286 -1.33776450 0.57660311 20.0
0.64627230 -1.49442554 -0.95940167 20.0
0.96385282 0.83122230 -1.77000105 20.0
1.38006294 -0.78565228 -0.71095169 20.0
1.37103856 -0.98151129 -0.56399763 20.0
-0.11095240 -1.07522833 0.71710265 20.0
1.38145912 1.13534093 -0.14414172 20.0
-0.53535062 0.77482849 -1.17998731 20.0
1.38879788 0.58735591 0.16640230 20.0
-0.82873642 0.61323768 1.66863561 20.0
-0.79328638 1.34993160 0.97531396 20.0
-0.72687525 -0.58607417 0.87761569 20.0
-0.76715660 0.28436387 1.75718701 20.0
1.16971934 0.59309274 -1.11658454 20.0
1.37286520 0.52800715 -0.36638355 20.0
-0.14417654 -0.08147011 -1.21974742 20.0
1.31881487 -1.32569611 0.03158101 20.0
-1.24481773 0.83335316 0.95776755 20.0
-0.14494714 0.83015448 -1.20552087 20.0
-1.14730251 1.48165607 0.16679445 20.0
-0.12595761 -0.83316755 0.79714328 20.0
0.29344687 -1.38566709 0.51501346 20.0
-1.33464158 -1.32998061 -0.36638355 20.0
-0.50554633 1.56970322 0.84828436 20.0
0.48067299 -0.46231648 1.10734069 20.0
0.65182763 0.36498114 1.75966740 20.0
0.79933697 0.40718064 -1.15640604 20.0
-1.35062528 -0.67593110 -1.01382780 20.0
0.52596581 -1.50279939 -0.96145713 20.0
-0.60728085 -0.53954333 0.93629915 20.0
1.41010725 -0.73971516 -0.36638355 20.0
-0.45965290 -1.47160625 0.26869801 20.0
-1.01147115 0.83912063 1.41165388 20.0
-0.63375294 -0.30711931 1.40104795 20.0
-1.42624342 -0.26046944 0.00147555 20.0
0.51421738 0.95869309 -1.15361655 20.0
0.72608346 -0.88346517 0.76593000 20.0
0.69799060 -1.40451074 -1.15973461 20.0
-0.88467866 1.04271400 -1.42285776 20.0
1.26847005 -1.19391465 -1.01661122 20.0
1.39153719 0.00505338 -0.37442714 20.0
-0.83409208 -0.47565135 -1.19050610 20.0
-0.76480651 -0.79929370 -1.17128360 20.0
-0.09301866 -1.48860228 -1.18409824 20.0
-0.55972058 1.22375560 1.09026098 20.0
0.80055112 -0.94725716 -1.28307927 20.0
-1.41933703 0.40738323 0.16640230 20.0
-1.15347457 -0.79161739 -1.57341981 20.0
0.79295558 -0.12464987 1.59936595 20.0
-1.27500904 1.44225109 0.03149561 20.0
-0.53784502 -1.22186840 0.62615120 20.0
-1.32786036 0.96664131 -1.22795773 20.0
-1.42848539 0.96738511 0.03158101 20.0
-0.88961327 1.19437301 -1.10058367 20.0
-0.70752388 -0.60388720 -1.17257285 20.0
0.77237034 -0.35012394 1.31518877 20.0
-0.10660671 -1.53850198 -1.04169905 20.0
1.42695236 -0.59359926 0.16409144 20.0
1.27518892 -0.39165497 0.76342392 20.0
1.31336093 -0.16198955 0.66916615 20.0
-0.67767340 1.04105747 1.34021223 20.0
1.39475083 0.73488581 -0.36638355 20.0
-0.82989806 -0.82929397 -1.23819661 20.0
0.86349577 -0.82721555 -1.44077814 20.0
0.26953650 -1.50142419 0.19791451 20.0
-0.65132314 1.38315248 -0.98192972 20.0
-0.87988341 0.52826583 -1.15354836 20.0
-0.89393926 1.51354885 0.36908290 20.0
1.39087069 1.08589494 -0.14427763 20.0
-0.89624399 0.35093781 1.69330931 20.0
-1.00748789 1.19202626 -1.10605061 20.0
-0.70045853 -0.40371081 1.21646619 20.0
-0.93227232 0.94611245 1.37360024 20.0
-0.79021460 0.86122668 1.55427396 20.0
-0.97809875 1.07669461 -1.57623470 20.0
0.31225637 1.11425221 1.30395257 20.0
1.20548856 1.29663813 0.72459573 20.0
-0.78710836 -0.49022412 1.00652289 20.0
-1.17213058 0.33275491 1.13532245 20.0
0.55776942 -1.50566149 -0.35842887 20.0
0.95501429 -0.83584458 0.77578169 20.0
1.38545334 0.58644211 -0.14427763 20.0
-1.29194713 -0.32156363 0.77467352 20.0
-0.75093091 0.58970368 -1.16122937 20.0
0.54756963 -1.44487655 0.34547457 20.0
-0.83785725 0.92302930 1.45154643 20.0
-1.41658723 1.08680665 0.16640230 20.0
0.97625524 1.42012453 0.93774611 20.0
-0.46014830 -1.01753175 0.72985125 20.0
-1.24525213 0.79246354 0.95983005 20.0
-1.28565586 -0.80415922 0.73758447 20.0
0.53190321 -1.39106107 0.48243016 20.0
-1.24552155 -1.15848684 0.59802204 20.0
-0.63870519 1.02627468 -1.13341951 20.0
-1.37848580 0.96664131 -0.82252783 20.0
-1.42641044 -0.42033160 0.34449542 20.0
-0.83920032 1.02951550 1.31493843 20.0
0.73445809 -0.95318431 -1.20340776 20.0
-1.34402907 -0.73037678 0.69943535 20.0
-1.29859769 -1.39262307 -0.71095246 20.0
1.23215401 1.08572531 0.85913432 20.0
1.35660517 0.40619111 -0.56399763 20.0
0.67932338 -0.80439752 -1.17085314 20.0
1.35192931 0.79214507 -0.82265002 20.0
-0.38141516 1.51515627 -0.78905302 20.0
0.70750725 0.76539314 1.63461292 20.0
-1.38243616 -1.05685842 -0.56399763 20.0
1.17774141 0.47423667 -1.10112202 20.0
-0.97460842 1.12577152 -1.34591138 20.0
0.93644249 -1.21896076 -1.22818887 20.0
0.61520654 0.84892184 -1.16484678 20.0
1.36860561 -1.09872878 0.03158101 20.0
-0.66865075 0.56215918 1.71952689 20.0
1.39956582 0.25446814 -0.14427763 20.0
-0.98302317 0.75203818 -1.62985206 20.0
0.44807115 0.63400090 1.70792866 20.0
-0.29096252 -1.51123989 0.15749760 20.0
-1.42245984 -0.82584184 -0.36638355 20.0
-0.90611768 -1.48106885 -0.35133669 20.0
-1.41813362 1.00488055 -0.36638355 20.0
-1.17067873 -1.44505942 -0.98287904 20.0
-0.61354506 0.56565899 1.72202873 20.0
0.08453474 -1.53850198 -1.04169905 20.0
0.77121443 1.34993160 0.97531396 20.0
-0.70752388 -0.60388720 -1.17257285 20.0
-1.32418060 0.93045419 -1.23390889 20.0
-0.46972719 1.30170047 1.02250755 20.0
0.80375135 -0.16739193 -1.17699087 20.0
0.12101486 0.74751824 -1.20188642 20.0
1.41476595 -0.73947674 -0.14427763 20.0
0.31160441 0.99689400 1.45117533 20.0
-0.57658827 -0.30911753 1.40277517 20.0
-0.54722941 1.30461335 -1.06977785 20.0
0.61081380 1.17424631 -1.11323214 20.0
1.30594361 1.00571704 0.69986033 20.0
-1.28192365 0.33297387 0.83230025 20.0
0.35840386 -0.61932153 -1.19859672 20.0
-1.42206025 0.86642212 -0.14427763 20.0
1.07897902 -1.19232547 -1.34623551 20.0
-1.41360915 0.00505338 -0.37442714 20.0
-0.11752651 -1.46290791 0.40863329 20.0
0.47447988 -0.66887122 0.84469467 20.0
0.12323827 1.25192380 -1.11580777 20.0
-0.90006948 1.52364087 0.84214145 20.0
-0.78710836 -0.49022412 1.00652289 20.0
1.40418530 -0.26011166 0.09758469 20.0
-0.91093779 -1.47512722 0.03357477 20.0
-0.83376485 -1.46977270 0.16284952 20.0
1.30641341 1.37603498 0.23529185 20.0
0.63667899 1.55178905 0.84711105 20.0
1.32284677 -1.30710959 0.16408330 20.0
-1.23088551 -1.27160287 0.49681360 20.0
1.39361370 -0.90549350 0.35160297 20.0
1.19584560 1.13430393 0.89008623 20.0
-1.38975823 0.17221369 -0.56399763 20.0
0.54492706 -1.49780393 -0.72193736 20.0
1.36282444 0.25536940 0.52337223 20.0
-1.39729357 -1.05611444 0.03158101 20.0
-1.08466089 -1.30535448 0.51038301 20.0
-0.98124897 -0.86677390 -1.72992170 20.0
-1.43453252 0.00620610 0.23128913 20.0
0.86585277 0.25418994 -1.15351868 20.0
-0.77742231 1.52518725 0.36842415 20.0
0.66551119 0.69389856 -1.16186321 20.0
0.94537234 -1.01786542 -1.80231178 20.0
1.39028454 -0.90665066 -0.36638355 20.0
-0.61833668 0.36723486 1.76211917 20.0
-1.03791046 1.25738609 0.93381780 20.0
0.95679462 0.68409747 -1.35720623 20.0
-0.37989542 -0.69798887 -1.19255686 20.0
-0.38565102 1.56257379 0.16084631 20.0
0.48551491 1.57206130 0.81530142 20.0
-0.59688699 -0.89478546 0.76645297 20.0
-0.13053524 -1.49945092 0.26485696 20.0
0.81355566 -0.72402674 -1.16999400 20.0
0.31146535 1.15384424 1.24471951 20.0
-0.67736095 -1.34676802 0.52680641 20.0
-0.88961327 1.19437301 -1.10058367 20.0
1.33362222 -1.01795721 -0.82252783 20.0
-0.89641565 1.52660728 -0.13126008 20.0
0.99844569 0.33194181 -1.14796793 20.0
-0.69651705 1.54007447 0.53241450 20.0
-1.36320090 0.83306092 -0.82252783 20.0
1.32373154 -1.28486919 -0.36638355 20.0
0.88101685 -0.59507936 -1.15974462 20.0
1.29400933 -1.13059938 0.56476456 20.0
-0.45597842 -1.51531291 -0.36177462 20.0
0.96281958 0.96664131 -1.78278840 20.0
-0.63718414 1.06496215 -1.12909138 20.0
-1.05365562 0.96791404 1.26502037 20.0
1.31722426 0.47384119 -0.82259977 20.0
0.57844698 -1.29652321 0.57756913 20.0
1.00387406 0.17221369 -1.14796793 20.0
-1.40678942 -0.98123342 -0.14427763 20.0
0.57278293 -0.72542590 0.82445121 20.0
-0.14435643 0.00497803 -1.21165776 20.0
1.41272950 -0.42039084 0.10406096 20.0
-0.85077566 -1.49164963 -1.08880627 20.0
-0.55717671 0.62846506 1.70391858 20.0
1.21276653 1.11017430 -1.36574984 20.0
-0.71727753 1.53305423 0.23781505 20.0
0.45403418 0.29282197 1.77040684 20.0
-1.39581358 0.47387901 -0.36638355 20.0
-0.33360806 0.93029642 1.53998470 20.0
1.10565436 1.12340641 -1.35955775 20.0
-0.88174838 0.47389895 -1.15352464 20.0
0.38986933 -1.23282838 0.62603956 20.0
1.19155335 -0.07749591 -1.11518013 20.0
0.44896105 0.57419658 1.72853076 20.0
-1.40842950 -0.98032027 0.16640230 20.0
-1.38920093 -1.09919488 -0.14427763 20.0
-0.83089668 0.83326900 -1.24185359 20.0
0.34314403 -1.24468350 -1.20253658 20.0
-1.40603352 1.13616323 0.12557176 20.0
1.41871130 -0.47325757 0.22237760 20.0
-0.55451107 1.38021386 0.98473585 20.0
1.23127675 -1.36584187 -1.00039387 20.0
-0.64887643 1.29329741 -1.06368589 20.0
-0.87920070 1.14957023 -1.16335547 20.0
1.41246891 0.00620610 0.16168551 20.0
-0.63802099 -0.80954558 -1.17593658 20.0
-1.28011692 0.96664131 -1.55599880 20.0
1.15814376 -1.44296682 -0.91130418 20.0
1.25863850 -0.88498074 0.70979565 20.0
-0.67885321 -1.48952448 -0.85835385 20.0
-0.53489786 -0.08011654 -1.19320691 20.0
0.85486108 1.12590671 -1.24641049 20.0
-0.53386343 -0.93469769 -1.20628750 20.0
0.45487320 0.84534478 1.61156321 20.0
0.44807115 0.63400090 1.70792866 20.0
0.66551119 0.69389856 -1.16186321 20.0
1.31963348 -0.41326433 0.65654910 20.0
0.54324651 1.01533842 1.39416277 20.0
0.67838651 -0.40371081 1.21646619 20.0
-1.31765950 -1.24349296 -0.82257396 20.0
-0.91551310 -0.48898718 1.00159037 20.0
0.64770693 -1.34713459 -1.16604102 20.0
1.39478898 -0.52539569 -0.58070821 20.0
-1.08752000 -0.04171149 1.31977618 20.0
1.23589790 -1.01790345 -1.56288934 20.0
-1.31202996 -1.38580954 0.03166877 20.0
1.31963348 -0.41326433 0.65654910 20.0
1.38145912 1.13534093 -0.14414172 20.0
-1.02876031 -0.45146871 1.07628191 20.0
0.77990192 -1.22389674 -1.17137969 20.0
-0.58728379 -1.42152321 -1.16751695 20.0
0.45491543 1.02432334 1.39842367 20.0
0.77861708 -0.71176195 0.82326645 20.0
-1.38341117 1.13490117 -0.56120020 20.0
-0.63939255 -0.48483518 -1.20578980 20.0
-1.13916409 -0.87760127 0.74773484 20.0
-1.40317178 -1.01676619 0.23573360 20.0
-0.87713408 -0.94488639 -1.54398346 20.0
1.36284983 -0.78565735 -0.82253069 20.0
-1.38151872 -0.59484023 -0.91067398 20.0
-1.41235638 -0.90665066 -0.36638355 20.0
-1.43605959 -0.47417226 -0.16304608 20.0
1.16673923 -0.35587150 1.09054577 20.0
-0.77999151 -1.34052324 0.52545530 20.0
0.80638117 0.08795135 -1.15756798 20.0
1.07653320 0.79276371 1.27857983 20.0
1.38878965 0.58735585 0.23573360 20.0
1.40642810 -0.34759581 0.13925749 20.0
1.39999747 -0.86649585 -0.14427763 20.0
-1.27266717 1.44514036 -0.13409045 20.0
-0.88284200 -0.86677390 -1.48780429 20.0
-1.25776124 1.04462194 0.87536627 20.0
-0.63939255 -0.48483518 -1.20578980 20.0
0.75195730 -1.37323177 0.48669234 20.0
1.12405849 1.48764849 0.03203239 20.0
0.45219919 0.78664279 1.64637172 20.0
1.42691505 -0.59404659 0.02901073 20.0
0.77866602 -1.48071671 -0.85539216 20.0
-0.70621759 -1.49760258 -0.14307597 20.0
1.03158379 0.96791404 1.26502037 20.0
0.73361707 1.19794929 1.08168495 20.0
-1.36610556 0.25418994 -0.71095169 20.0
0.70857888 -0.71622843 0.82365364 20.0
1.34076524 -1.24213183 0.16513166 20.0
0.08888052 -1.07522833 0.71710265 20.0
-0.61323059 0.70059347 1.67230451 20.0
0.64657891 0.56215918 1.71952689 20.0
-0.54477787 1.55312836 -0.48344794 20.0
-0.53378707 1.18466043 -1.11584818 20.0
1.29971075 1.37849271 -0.34403807 20.0
-0.94167340 1.09930515 1.17100441 20.0
0.73579693 -0.26356143 -1.18783247 20.0
-0.78196245 1.52745485 0.16796160 20.0
-1.42370260 -0.86558193 0.23573360 20.0
-0.59485483 -0.72542590 0.82445121 20.0
-0.37452060 1.14937556 -1.13591576 20.0
-0.58439249 -1.49979377 0.03016505 20.0
0.94746321 -1.25975776 -1.16455281 20.0
-0.37163615 0.49286357 -1.19228876 20.0
-1.37594974 -0.73979139 -0.90479785 20.0
0.49577716 1.56908023 0.68142039 20.0
-0.97398901 -0.87576890 0.76201159 20.0
-1.38258290 -0.94488639 -0.71095169 20.0
-1.22676373 -1.30931675 0.45919105 20.0
1.30045307 0.47493431 0.68812299 20.0
1.22813594 1.00484467 0.91111267 20.0
-1.27593422 1.43796623 0.16577649 20.0
-0.37635991 -0.86121809 -1.20171928 20.0
1.23700011 -0.76069158 -1.36523604 20.0
-1.40760493 -0.34874880 -0.41267377 20.0
0.49742410 -1.25846505 -1.18373322 20.0
1.39488673 -0.90641242 -0.14427763 20.0
-0.96011794 1.51197398 0.53052002 20.0
-0.89103031 -1.47403324 -0.71267200 20.0
1.36867392 -1.09828246 0.16628641 20.0
-0.61237943 0.62456185 1.70137525 20.0
-0.78291512 0.69030970 1.65892601 20.0
-1.32467282 0.66981846 -1.01875436 20.0
0.54250181 1.09374869 1.29274094 20.0
1.32928061 -1.28358722 0.03158101 20.0
-0.89592457 1.43210685 -0.85341591 20.0
0.31722620 -0.13001792 1.62271571 20.0
0.95421112 -0.79494578 0.79013616 20.0
-1.23007739 -1.24092007 0.52237922 20.0
0.10547209 1.50451374 0.98803502 20.0
-0.87920070 1.14957023 -1.16335547 20.0
0.08157213 -1.53884172 -1.09609282 20.0
1.31409669 0.89738363 -1.01209772 20.0
1.41398776 -0.47417226 -0.16304608 20.0
1.35080492 -1.19410539 -0.14427763 20.0
0.36357749 1.56068194 0.23272020 20.0
1.39142215 -0.94378448 0.12557176 20.0
0.23045337 -1.48024547 -1.17641783 20.0
-0.51266086 -1.40738046 -1.17689371 20.0
0.26953650 -1.50142419 0.19791451 20.0
1.41194081 0.08894623 0.23484471 20.0
0.70887053 0.96049398 1.43218291 20.0
-0.58625728 -1.47867179 0.20070866 20.0
1.06110704 -0.36412922 1.24395132 20.0
-1.34922945 -0.74164844 -1.01713765 20.0
-1.34158027 1.00484085 -1.01047051 20.0
-0.37722492 -0.82490391 -1.19685602 20.0
0.61151874 1.54759312 0.53212023 20.0
-0.74961632 -1.06566811 -1.20505059 20.0
-1.38061869 -1.14418364 0.34039420 20.0
-0.82404399 1.52534914 0.53299081 20.0
-0.39237961 -1.27698493 0.60160828 20.0
0.72624063 -0.25111198 1.47071731 20.0
-0.03253268 -1.54445243 -0.97746903 20.0
0.86372584 0.33194181 -1.15351868 20.0
-0.11150355 -1.53600180 -0.97206259 20.0
0.86657238 1.49239028 -0.64082259 20.0
-1.33616865 0.89738363 -1.01209772 20.0
1.31637359 -0.07413363 0.67694783 20.0
0.82209533 -1.31202734 0.54858583 20.0
1.36537850 -0.34878859 -0.61796039 20.0
0.68502969 -1.45289218 0.27128994 20.0
-1.07892489 0.17417344 1.36944509 20.0
-1.42446709 0.93164444 0.23573360 20.0
0.67694652 0.94435924 -1.14070332 20.0
0.71364319 1.51374078 0.96393454 20.0
0.17578973 -1.36348796 0.54992497 20.0
1.36550307 -0.90669042 -0.71095169 20.0
-0.62052405 1.08691680 1.29001629 20.0
-1.24128366 0.25518373 0.96489203 20.0
1.40501893 -0.82560343 -0.14427763 20.0
0.12461568 1.56803524 -0.50050342 20.0
1.11844683 1.47956169 0.36399150 20.0
1.40417135 -0.26046944 0.00147555 20.0
-0.74311137 -0.06193052 1.65657806 20.0
0.26774999 -1.48480427 0.26719341 20.0
0.78170443 -0.40015480 1.21378744 20.0
-0.53322053 -1.51103067 -1.09170592 20.0
1.07522225 -0.17597060 1.24775922 20.0
0.57278293 -0.72542590 0.82445121 20.0
-1.31980634 0.66236806 0.68833780 20.0
1.39028454 -0.90665066 -0.36638355 20.0
0.86707169 0.49247074 1.66803229 20.0
-0.58462459 -0.40894133 1.21926045 20.0
-0.69578272 -0.16959938 -1.18721700 20.0
-1.33065557 -1.34937274 -0.36638355 20.0
-0.82435709 1.15251207 -1.12294340 20.0
1.28658736 -1.36028039 0.28559709 20.0
1.08593726 -1.15214765 0.63539606 20.0
1.36399376 1.20767951 0.12557176 20.0
1.39727235 0.40729383 0.12557176 20.0
-1.08097613 -1.35071743 0.45451561 20.0
-0.52740008 0.66457099 -1.17767525 20.0
-1.22676373 -1.30931675 0.45919105 20.0
-1.33575392 -0.34105980 0.65750176 20.0
-0.41871002 -1.51622188 -1.03686047 20.0
-0.62748092 0.53914410 -1.17141378 20.0
1.11377633 1.44931221 -0.69375718 20.0
-1.39074588 -1.09828246 0.16628641 20.0
0.76363200 -1.40782189 0.42034706 20.0
1.36284983 -0.78565735 -0.82253069 20.0
0.70778638 0.92750752 1.47724593 20.0
1.38109720 -1.01685584 0.12557176 20.0
-0.14430210 0.93994552 -1.18556345 20.0
-1.38528764 -0.26121488 -0.61751467 20.0
-1.39427769 0.66132081 -0.56399763 20.0
-1.18770766 -0.72797006 -1.22116423 20.0
0.84991640 -0.40015480 1.20911396 20.0
-1.37124431 1.00484085 -0.82252783 20.0
-0.83562762 -0.72402674 -1.16999400 20.0
1.22813594 1.00484467 0.91111267 20.0
0.73592108 0.25633004 -1.16131163 20.0
0.84258449 -1.09681118 -1.46207368 20.0
1.21597075 0.73531693 0.96207362 20.0
1.31533301 -1.28512585 -0.56399763 20.0
1.36040735 0.58616400 -0.56399763 20.0
0.61365706 -0.35552946 1.31975448 20.0
1.26719856 1.37816715 0.50479048 20.0
-1.33162737 0.33194181 -0.90506524 20.0
-0.33447707 0.89603961 1.58084607 20.0
-0.83167124 0.79454541 -1.23897338 20.0
-0.50274485 -0.46231648 1.10734069 20.0
-1.36031282 -1.19438279 -0.56399763 20.0
-0.96436483 -0.98706365 0.72558105 20.0
1.19673324 -0.54051781 0.86554146 20.0
1.30858362 -1.34937274 -0.36638355 20.0
0.82269663 1.26964617 -1.05225456 20.0
-1.32178247 1.37849271 -0.34403807 20.0
1.32715762 -0.74164844 -1.01713765 20.0
0.11393293 -0.47001857 1.11331272 20.0
1.40368998 0.86733508 0.16640230 20.0
-0.75248200 1.26321006 1.01229072 20.0
-1.15592575 -0.46406108 1.02156746 20.0
0.01568841 -1.54872489 -0.58657795 20.0
0.23045337 -1.48024547 -1.17641783 20.0
-1.36610556 0.25418994 -0.71095169 20.0
1.31457937 -0.34878859 -0.94882089 20.0
-1.21034348 0.96525669 1.01827180 20.0
0.47044063 -0.81953192 0.79544359 20.0
1.00067055 -0.26121488 -1.17405844 20.0
-0.03949472 -1.50949037 0.26245692 20.0
0.71087396 0.86334795 1.56220472 20.0
1.41840887 -0.59475231 -0.37032422 20.0
0.35920745 1.52882266 -0.72388786 20.0
1.30943477 -0.66935384 0.71687555 20.0
-1.26269138 -1.03518403 0.66068852 20.0
-0.83190066 -0.79431516 -1.22107160 20.0
-0.63375294 -0.30711931 1.40104795 20.0
1.39814472 -0.67474002 0.49698675 20.0
0.81622052 0.99150252 1.36298048 20.0
-1.41060901 0.86618394 -0.36638355 20.0
-0.67033827 1.20839334 1.08557224 20.0
1.36768615 0.17221369 -0.56399763 20.0
-0.70919573 1.52337945 -0.57756037 20.0
0.54842550 -0.00420601 1.69666350 20.0
0.50412244 -1.45659530 -1.16429698 20.0
-0.55218679 -1.42790031 0.40870017 20.0
-1.21277106 1.26301622 -1.00734532 20.0
1.32592928 -0.26121488 -0.86844093 20.0
-0.98338759 1.50456262 0.36745822 20.0
-1.11347663 1.26958942 0.88132477 20.0
-1.04119635 -0.52557838 -1.16954887 20.0
1.31536555 -1.14567375 -0.82253069 20.0
0.84991640 -0.40015480 1.20911396 20.0
1.31949818 0.40619111 -0.82260084 20.0
-0.61745930 -1.22156191 -1.18156219 20.0
-1.43198538 -0.52535588 -0.38017595 20.0
1.39450669 1.08680642 0.23573360 20.0
-0.34464234 1.57375216 0.93179625 20.0
0.86989278 0.08775385 -1.15467691 20.0
0.81712842 1.02951550 1.31493843 20.0
-0.56345737 0.97856086 1.44012630 20.0
-0.37722492 -0.82490391 -1.19685602 20.0
-0.78353703 1.10893559 1.21903467 20.0
-0.12887056 0.96911800 1.50308061 20.0
-1.41421509 0.40646929 -0.14427763 20.0
-0.75929320 1.53262031 0.53270626 20.0
-0.72006249 -1.40451074 -1.15973461 20.0
-0.13984360 1.58398449 0.68173087 20.0
1.11751390 0.92907304 1.17535603 20.0
-0.45860192 -1.51674950 -0.14733912 20.0
-0.47228169 1.23469925 1.09397316 20.0
-0.70290554 -0.48173091 -1.20062363 20.0
-1.31000090 -1.39470339 -0.14427985 20.0
0.66385543 -1.32175648 0.55140799 20.0
-0.66631240 1.46058536 0.97865093 20.0
1.31484127 0.79309094 0.68819994 20.0
0.68083358 -0.48173091 -1.20062363 20.0
-0.72884935 -1.07700396 0.69925302 20.0
0.87501782 -0.19135308 1.51666415 20.0
1.29307020 -0.94488639 -1.23348427 20.0
-0.97884911 1.50717437 -0.46551082 20.0
-1.34158027 1.00484085 -1.01047051 20.0
-0.38356507 1.31717825 -1.07958651 20.0
1.38653743 1.04453981 -0.36638355 20.0
1.41871548 -0.47334722 0.11091553 20.0
-0.63372397 0.17573839 -1.17141378 20.0
0.66771871 -1.03334022 -1.20596945 20.0
-0.37422565 1.19629908 -1.12006044 20.0
-1.26261389 -1.31426728 -1.00039065 20.0
-0.33415097 0.29566583 1.77665472 20.0
0.98541605 1.19202626 -1.10605061 20.0
1.39142382 -0.94369489 0.23573360 20.0
-1.26904130 1.29672182 0.63547039 20.0
-0.64887643 1.29329741 -1.06368589 20.0
0.78170443 -0.40015480 1.21378744 20.0
-1.33104885 -1.33359551 0.30204371 20.0
1.21857738 -1.14093173 -1.41744387 20.0
-0.72484630 0.55874532 1.71708667 20.0
-1.41933703 0.40738323 0.16640230 20.0
0.87186748 1.51354885 0.36908290 20.0
0.64424044 1.46058536 0.97865093 20.0
-0.90858537 0.11082654 1.66822684 20.0
-0.49251243 -0.81953192 0.79544359 20.0
-1.28957081 -0.23865095 0.78833503 20.0
-0.55090469 -1.17740846 0.65193379 20.0
-1.24590349 1.04443944 0.90661919 20.0
0.43973362 -1.48809075 0.19962423 20.0
1.35341620 -0.86677390 -0.82252783 20.0
-1.37124431 1.00484085 -0.82252783 20.0
0.94537234 -1.01786542 -1.80231178 20.0
-1.42840600 0.96783119 0.23573360 20.0
-0.14294693 0.49618307 -1.20551646 20.0
1.22114801 1.38148665 0.63320786 20.0
0.86476088 -1.41950142 0.35412145 20.0
1.11210632 1.45845485 -0.64301091 20.0
1.35235751 -1.19301295 0.22982740 20.0
0.09453804 -1.53443289 -0.87705582 20.0
-0.66977888 -1.34713459 -1.16604102 20.0
1.28053296 0.52820349 -1.00037980 20.0
0.12221972 0.78767598 -1.20609963 20.0
-1.28164196 0.73561299 0.83379143 20.0
0.80543679 0.89959484 -1.23802769 20.0
1.19210982 1.20579958 0.83225697 20.0
-1.35898161 0.40619111 -0.71095169 20.0
-0.72829616 -1.37770414 -1.16061914 20.0
-0.38532242 1.56925189 0.02217524 20.0
0.10904551 -0.13087496 1.62839484 20.0
-1.14730251 1.48165607 0.16679445 20.0
-0.12998469 0.12738441 1.75435066 20.0
-1.32805979 -1.04631221 0.60049510 20.0
0.61272275 0.91650623 -1.15177429 20.0
-1.41455066 0.89856052 0.36275145 20.0
1.38912392 0.66159886 -0.14427763 20.0
0.80110133 0.33274665 -1.15640604 20.0
-1.34882879 -1.24350107 -0.56399763 20.0
-0.53905457 -0.78838217 -1.18294263 20.0
1.33078980 -0.47445059 -0.93749779 20.0
-1.14236295 -0.79677844 0.77566290 20.0
-0.81718540 -0.75660986 0.80812109 20.0
0.98734862 1.49241436 0.87087369 20.0
-1.13624728 -0.32880452 1.24481142 20.0
-0.37458810 -0.36329171 -1.22570801 20.0
1.38333809 -0.26117513 -0.41254082 20.0
-0.33149379 1.24697089 1.09995019 20.0
-0.26977879 -1.52049136 -0.86928123 20.0
0.66448689 -0.12580760 1.60941625 20.0
1.39385700 0.47503123 0.23573360 20.0
-1.42317140 0.79327571 0.36259270 20.0
1.12029099 -0.79677844 0.77566290 20.0
0.46254769 -0.19519606 1.55285192 20.0
1.23323274 -1.18769658 -1.18373895 20.0
0.76925182 -0.65039504 0.84266794 20.0
-1.42841434 0.96783143 0.16640230 20.0
0.86764878 -0.76472342 -1.33240461 20.0
-1.25289536 -1.05658984 -1.53021872 20.0
-1.41315854 0.66251248 0.23573360 20.0
0.82415664 1.53103721 -0.13205367 20.0
-0.28982189 -1.48480427 0.26719341 20.0
0.67672074 0.87870622 -1.15261233 20.0
-0.67592943 0.28676662 1.76162505 20.0
-1.25445795 -0.29668850 0.87193012 20.0
-0.54705709 1.55038035 0.36597469 20.0
0.36149311 1.31717825 -1.07958651 20.0
0.56232059 -1.49979377 0.03016505 20.0
0.92877209 -1.19551110 -1.33619010 20.0
1.40474224 0.25529277 0.12557176 20.0
-0.68507737 -1.11347616 -1.19564366 20.0
-0.88765329 -0.26121488 -1.17974484 20.0
-1.19340956 -0.50263983 0.93326271 20.0
-0.13083152 -0.06497903 1.67854524 20.0
0.75791961 -1.34052324 0.52545530 20.0
1.24823809 -1.41443729 -0.82173812 20.0
0.43973362 -1.48809075 0.19962423 20.0
-0.53867900 1.03535724 -1.14127493 20.0
-0.83283418 1.19773066 -1.09384406 20.0
-0.37833688 -0.77601361 -1.19514430 20.0
-0.83887386 1.49675024 -0.64272881 20.0
-0.33620176 0.12652129 1.74797153 20.0
0.95304275 -0.35208949 1.29162014 20.0
1.23238599 -0.29668850 0.87193012 20.0
1.40657210 1.00603044 0.23573360 20.0
-0.12714946 1.41193414 0.99471813 20.0
-1.18693936 -0.12240548 1.07128835 20.0
-0.92925984 1.52295339 0.67791599 20.0
1.28757811 -1.17020106 0.54053038 20.0
-0.11632206 -0.99625969 0.74285555 20.0
-1.41289890 -0.59479213 -0.71619034 20.0
0.81354636 0.76135403 1.60718811 20.0
-0.92644489 -1.32538247 0.52236474 20.0
1.12426436 -0.86677390 -1.74404132 20.0
-1.36990309 0.17221369 -0.71095169 20.0
-0.52227408 -1.26565850 0.60179234 20.0
-0.14539814 -0.78120226 -1.20838952 20.0
-0.86952651 -0.12684551 1.57997501 20.0
-1.44511390 -0.67314243 0.03158101 20.0
-0.63474560 0.76804823 -1.17198753 20.0
1.25760663 1.12248337 -1.16827953 20.0
-0.98516691 1.14896953 -1.20499444 20.0
-1.10933697 -0.41880250 1.13162923 20.0
0.71603686 -1.23153985 -1.16656947 20.0
1.11196792 -0.98151129 -1.83902299 20.0
-1.33111846 -0.98151129 -1.01202929 20.0
-1.13403988 -0.98151129 -1.83902299 20.0
-0.14618059 -0.62345952 -1.21186316 20.0
-0.85503918 -1.22057128 -1.19920659 20.0
-1.02316618 0.25418994 -1.14796793 20.0
-0.89624399 0.35093781 1.69330931 20.0
1.32284677 -1.30710959 0.16408330 20.0
-0.70282358 -1.25002742 0.60178322 20.0
-0.72431105 0.69200593 1.66727316 20.0
-1.14227283 1.13191283 0.99422425 20.0
1.33493435 -0.42149422 -0.86413294 20.0
1.35432994 -0.94178289 0.55670589 20.0
1.21015096 -1.21304870 0.54869598 20.0
0.67155254 0.33682153 -1.16634095 20.0
-0.74044657 -0.95895517 0.74108398 20.0
1.35416353 -1.09947252 -0.56399763 20.0
-1.30751789 0.33194181 -1.00039387 20.0
-1.41660488 1.08671761 0.12557176 20.0
-0.14294693 0.49618307 -1.20551646 20.0
0.35840386 -0.61932153 -1.19859672 20.0
-0.88718402 1.00484085 -1.46413839 20.0
-1.39015615 -0.07629731 0.51444292 20.0
0.78518969 -1.11276019 0.67754483 20.0
1.24054193 -1.31426728 -1.00039065 20.0
-1.34714961 -0.89611745 0.64650249 20.0
-1.02316618 0.25418994 -1.14796793 20.0
0.12410861 -0.62345952 -1.21186316 20.0
-1.33012807 0.96754527 0.69450635 20.0
1.39893866 0.79213512 -0.36638355 20.0
0.85386151 1.34417903 0.96316892 20.0
0.88920242 1.42744815 0.96055806 20.0
-1.19070017 0.83299989 1.08952427 20.0
-1.32098901 -1.05685079 -1.01069343 20.0
0.35503200 0.82461047 -1.19229305 20.0
0.95811474 0.09906377 1.56832170 20.0
-1.32922912 0.33306953 0.68790555 20.0
0.75566280 1.27737725 -1.05599117 20.0
1.37494457 -1.01791751 -0.36638355 20.0
1.11377633 1.44931221 -0.69375718 20.0
1.26544333 -1.14468074 -1.18669498 20.0
-0.76715660 0.28436387 1.75718701 20.0
-1.35154247 -1.28271365 0.16485649 20.0
0.50544471 -1.08899021 -1.21589363 20.0
-0.56321943 1.13260841 1.23358262 20.0
1.40959442 0.79284000 0.03158101 20.0
-0.93209463 -0.64876074 0.83860838 20.0
-1.42859173 -0.16621055 0.00919426 20.0
-1.38120925 -0.52539653 -0.84179306 20.0
1.40109944 0.79327571 0.36259270 20.0
-1.09729421 -0.17597060 1.24775922 20.0
1.40094221 0.33313403 0.16640230 20.0
-0.96067399 -1.02597821 0.71230954 20.0
1.17344069 -1.44122267 -0.71138179 20.0
-1.37703121 -1.09796238 0.44683039 20.0
-0.97774518 1.48341322 -0.63849342 20.0
1.41869056 -0.47370502 0.01581541 20.0
-1.42843044 0.96774226 0.12557176 20.0
1.21349967 -0.52556956 -1.12223458 20.0
0.74011737 0.93848127 -1.14490819 20.0
-1.40994382 0.17225343 -0.36638355 20.0
0.93453377 -1.06763756 0.69582981 20.0
0.54138547 0.97856086 1.44012630 20.0
-0.62989366 -0.12665536 1.61157548 20.0
-1.10105097 -1.19232547 -1.34623551 20.0
0.75975537 1.52911603 0.12645778 20.0
-0.55451107 1.38021386 0.98473585 20.0
-1.40551400 1.00484085 -0.56399763 20.0
-0.79867834 -1.19895995 0.62636071 20.0
-0.48238999 -0.06389491 1.66686857 20.0
-1.42303634 0.33268696 0.03158101 20.0
-1.40752530 0.58644211 -0.14427763 20.0
0.10849302 -0.00440482 1.71242714 20.0
-1.36648118 -0.47445059 -0.85466987 20.0
1.13973832 -0.30810067 1.13960707 20.0
1.39112961 0.52915943 0.16640230 20.0
0.96010083 1.51531827 -0.31576088 20.0
-0.57799184 -1.00847411 0.72957540 20.0
-1.34958816 1.29586029 0.35886967 20.0
-1.38662505 -0.34757572 0.50167942 20.0
1.12816584 0.96664131 -1.80595875 20.0
-1.42860103 -0.16585277 0.10476028 20.0
-1.38806355 0.83419347 0.52337223 20.0
0.43932486 -1.37090421 0.51737559 20.0
-1.21791732 1.13430393 0.89008623 20.0
1.22643256 0.09027357 0.96023208 20.0
1.30250609 0.74278373 -1.20128071 20.0
-0.73263252 -1.03498197 0.71585613 20.0
-0.33221549 0.45342684 1.76470292 20.0
0.97183585 -0.40304381 1.18880594 20.0
0.75955939 1.26265955 1.00834596 20.0
1.40000057 0.73512417 -0.14427763 20.0
0.66871440 -0.30513829 1.39933550 20.0
-1.03980362 -0.21872608 1.37906957 20.0
0.73456758 0.69030970 1.66522896 20.0
-0.83376485 -1.46977270 0.16284952 20.0
-0.91239452 -1.46384323 0.16312200 20.0
0.74503094 -0.75190902 -1.16674209 20.0
1.39651847 -0.90558839 0.12557176 20.0
-1.23501182 -0.59234524 0.81417656 20.0
0.84745455 -0.12684551 1.57997501 20.0
1.36136055 -1.05564940 0.45307723 20.0
0.74030852 0.89414197 1.51922882 20.0
-0.54042137 -0.74456906 -1.18074405 20.0
0.87385267 1.43210685 -0.85341591 20.0
-0.14437400 1.12780619 -1.15276909 20.0
1.29400933 -1.13059938 0.56476456 20.0
-0.93677163 -0.25259593 1.44446027 20.0
-1.43453252 0.00620610 0.23128913 20.0
-1.42317140 0.79327571 0.36259270 20.0
-1.41657865 1.08680642 0.23573360 20.0
0.78974211 -1.47932053 -0.71427166 20.0
1.20707881 -1.29409373 0.47612703 20.0
0.30666566 -0.87019855 0.78160918 20.0
0.43803993 -1.50934660 0.02867436 20.0
-0.46139672 -1.37090421 0.51737559 20.0
1.31179726 0.83303005 -1.01112807 20.0
-0.71604192 1.37528265 -0.97734481 20.0
1.29405534 0.83272183 -1.22463620 20.0
0.54756963 -1.44487655 0.34547457 20.0
0.57879043 -0.77112478 0.80919862 20.0
1.39814472 -0.67474002 0.49698675 20.0
-0.43583751 -1.50766170 -0.86445278 20.0
-0.36609399 -1.21841657 -1.20874572 20.0
-0.74961632 -1.06566811 -1.20505059 20.0
-1.28890884 0.93108034 0.80474418 20.0
-1.33969855 0.08911103 0.68669713 20.0
1.39087069 1.08589494 -0.14427763 20.0
1.32015502 -1.01795721 -0.90470028 20.0
0.65182763 0.36498114 1.75966740 20.0
0.12293167 1.01250911 -1.17283702 20.0
0.93919981 0.53502858 1.55338085 20.0
0.12113284 0.42530575 -1.20551646 20.0
0.53587782 0.70497829 1.67487335 20.0
-0.69778883 0.76326644 -1.16691327 20.0
0.66878706 0.48085874 -1.16634095 20.0
0.88404578 -1.48106885 -0.35133669 20.0
-0.14435643 0.00497803 -1.21165776 20.0
-0.26886830 -1.44861734 0.41011086 20.0
-0.13083152 -0.06497903 1.67854524 20.0
0.31412986 0.12652129 1.74797153 20.0
0.73361707 1.19794929 1.08168495 20.0
0.33180806 -0.60490948 0.88092041 20.0
-1.23500240 1.13485014 0.85827553 20.0
1.40640771 -0.34804311 0.00138881 20.0
1.18850517 -0.16695592 -1.12309396 20.0
-0.66782075 -0.92788148 0.75327075 20.0
-0.57838279 -0.35783431 1.32134306 20.0
-1.25836217 -1.41660464 -0.89843845 20.0
-0.14348358 0.34751219 -1.20551646 20.0
-0.81765169 -1.02041781 -1.28586173 20.0
0.70750725 0.76539314 1.63461292 20.0
1.06062651 0.09258208 1.35751081 20.0
0.50853795 0.73532695 -1.17582512 20.0
-0.98451573 -0.82721400 -1.65285385 20.0
1.38104486 -1.01721299 0.03158101 20.0
1.37354290 1.13510311 -0.36583987 20.0
-1.36648118 -0.47445059 -0.85466987 20.0
1.05890429 -1.35071743 0.45451561 20.0
0.63010043 -1.50405610 -1.09085560 20.0
0.80300862 -0.90896630 -1.27254713 20.0
1.18850517 -0.16695592 -1.12309396 20.0
-0.76196152 0.43594685 1.74503553 20.0
-1.36100399 0.93045419 -0.90470028 20.0
-1.43402636 0.08849909 0.03053175 20.0
-1.34922945 -0.74164844 -1.01713765 20.0
1.36461711 -0.16575277 0.50784194 20.0
0.86064351 0.89738363 -1.52168989 20.0
1.34354043 -0.94488639 -0.82252783 20.0
-0.69157952 0.72436029 -1.16277635 20.0
0.64712089 -1.41784179 0.41410586 20.0
-0.62128878 0.83271968 1.60482633 20.0
0.98939931 0.83912063 1.41165388 20.0
-0.66829282 0.69624627 1.66975749 20.0
0.63032001 1.54910040 0.88508630 20.0
-1.42859304 -0.16576327 0.21676841 20.0
-0.92441261 -1.35642684 0.48555756 20.0
0.63167548 -1.41298044 -1.16360903 20.0
0.45219919 0.78664279 1.64637172 20.0
-1.18158519 1.37988377 0.76593578 20.0
-1.02696025 -1.46155369 0.03305648 20.0
0.50020224 -1.26565850 0.60179234 20.0
1.39370894 0.93162948 0.36338651 20.0
0.35466430 1.08492327 -1.14862645 20.0
0.75088805 1.50390983 -0.64652365 20.0
1.34567785 -0.59765226 0.64453226 20.0
1.10111618 -1.02780938 0.69838035 20.0
0.62388819 1.54281056 -0.47822273 20.0
0.93644249 -1.21896076 -1.22818887 20.0
1.33234715 -0.81529820 0.67253810 20.0
1.39553630 0.93049389 -0.36638355 20.0
-0.88683277 -1.41950142 0.35412145 20.0
-1.12015629 -1.09707034 -1.68554986 20.0
0.35215378 1.19629908 -1.12006044 20.0
0.70886266 0.89634514 1.52121782 20.0
1.27154112 0.00972383 0.82386953 20.0
1.38280845 0.52915335 0.36259270 20.0
0.87799764 1.52364087 0.84214145 20.0
1.39538074 -0.86673421 -0.36638355 20.0
0.76648510 -1.39624929 -1.15595543 20.0
-0.54413497 1.50546920 -0.77821535 20.0
0.12066776 -1.06672823 -1.24587405 20.0
1.25634944 0.89799112 0.83406204 20.0
-0.49655184 -0.66887122 0.84469467 20.0
-1.29580235 -1.24502170 0.47557995 20.0
-0.56531835 1.01533842 1.39416277 20.0
-0.93209463 -0.64876074 0.83860838 20.0
-0.85503918 -1.22057128 -1.19920659 20.0
-0.82003623 -0.95299244 0.74088746 20.0
-1.36004674 0.73608696 -0.90775436 20.0
-0.37201822 0.74252462 -1.18868089 20.0
1.31309116 0.25418994 -0.90506524 20.0
-0.70621759 -1.49760258 -0.14307597 20.0
-1.33720362 -1.34416831 0.16228606 20.0
0.71364319 1.51374078 0.96393454 20.0
1.25528336 1.00484085 -1.52241576 20.0
0.59889942 -1.16065931 -1.19371951 20.0
0.25111559 -1.19969809 0.65189451 20.0
1.39247859 0.89856052 0.36275145 20.0
-1.27293718 -1.38171613 -0.90389210 20.0
-0.33133483 0.52363402 1.75012755 20.0
1.31477511 -1.34588969 0.12557176 20.0
-0.47332034 0.44904587 1.75838459 20.0
0.64622092 0.69624627 1.66975749 20.0
0.85967660 0.47389895 -1.15352464 20.0
0.36292219 1.40590060 -1.00079739 20.0
-1.00613201 -0.72278589 -1.23615253 20.0
1.38280845 0.52915335 0.36259270 20.0
-1.38380694 0.86727244 0.52337223 20.0
-0.68016446 0.12283114 1.73303270 20.0
-1.38668907 -0.16575277 0.50784194 20.0
1.02198303 1.18878198 0.99734390 20.0
-1.35401666 -1.14568031 -0.71095169 20.0
0.26092595 -1.52340388 -0.56501132 20.0
1.03175962 1.50089276 0.75597000 20.0
-0.56926447 0.05414334 1.71815300 20.0
-0.57799184 -1.00847411 0.72957540 20.0
-0.03621192 -1.54502320 -0.75216496 20.0
-0.75216818 0.53249073 -1.16131163 20.0
-0.98815554 1.51321638 0.03282156 20.0
-0.54705709 1.55038035 0.36597469 20.0
-0.63781369 0.80946350 -1.17141783 20.0
1.40871227 0.17340599 0.23573360 20.0
0.99844569 0.33194181 -1.14796793 20.0
-0.38558570 1.56428790 0.11873734 20.0
1.37534940 1.13623154 0.36302286 20.0
-1.35511696 -1.09571946 0.51986843 20.0
1.12269986 -0.76498383 -1.47686183 20.0
-1.18694448 0.79213989 1.09858799 20.0
-1.31717539 1.37428904 -0.51900643 20.0
0.59689075 -1.19578075 -1.18771112 20.0
-1.25020766 1.00484467 0.91111267 20.0
-1.32118809 1.08550119 -0.99725378 20.0
-0.77149975 1.53433466 0.88401729 20.0
1.34567785 -0.59765226 0.64453226 20.0
-1.36182201 -0.86677390 -0.90470028 20.0
-0.58439249 -1.49979377 0.03016505 20.0
0.77237034 -0.35012394 1.31518877 20.0
1.06047094 -1.32207477 0.49127188 20.0
-1.03477764 -0.47445059 -1.18182623 20.0
-0.68866056 0.59337759 -1.16618407 20.0
0.31153616 0.93029642 1.53998470 20.0
-1.39437532 -0.42149422 -0.60595489 20.0
-0.98286653 0.86577648 -1.80542350 20.0
-0.16607113 -1.39933825 0.51416647 20.0
1.28626537 -1.14556956 -1.00769424 20.0
-0.73382479 1.03469145 1.33758330 20.0
-1.17770100 0.73503345 1.10764194 20.0
1.25553966 0.74791378 -1.45779896 20.0
-0.82870495 0.86790907 -1.24093831 20.0
0.03284463 -1.52131510 -1.16905344 20.0
-1.16767871 1.40648329 -0.83055520 20.0
-0.14767556 1.57891834 -0.15115896 20.0
0.86884785 -0.07749591 -1.16688597 20.0
0.66977447 -0.99643791 -1.20467317 20.0
-1.35135245 -1.28358722 0.03158101 20.0
1.38879788 0.58735591 0.16640230 20.0
-0.52751660 -1.08899021 -1.21589363 20.0
0.75974303 1.14899099 1.15257561 20.0
-1.27176452 -0.90669042 -1.55341208 20.0
1.40872037 0.17340600 0.16640230 20.0
-0.31551877 -1.38566709 0.51501346 20.0
-0.63992494 -0.76155943 -1.17424142 20.0
0.76955163 0.82047313 1.59162498 20.0
-1.29497039 -1.33317626 -0.82260084 20.0
-1.32416534 -1.14564764 -0.90471452 20.0
-0.77911699 1.53699410 0.84621924 20.0
-0.59626424 -0.66289455 0.84399009 20.0
-1.40836847 -0.98076695 0.03158101 20.0
1.33690965 0.40619111 -0.71095169 20.0
-0.84871501 1.52019310 0.16908839 20.0
1.40672743 0.08803207 -0.14552675 20.0
-0.76710278 -0.75190902 -1.16674209 20.0
-1.37548816 -0.86677390 -0.82252783 20.0
-1.13812304 -0.94488639 -1.83367789 20.0
-0.77313113 1.51598430 -0.57389730 20.0
-1.25718439 -1.07684040 0.64440662 20.0
0.58520895 -0.53954333 0.93629915 20.0
0.72624063 -0.25111198 1.47071731 20.0
1.31935155 -1.18108547 0.48228201 20.0
0.87712801 1.51397204 0.23995794 20.0
-1.34431851 0.73847443 -1.01233649 20.0
-0.66282934 -0.72080731 0.82405078 20.0
0.66771805 0.53580314 -1.16634095 20.0
0.01787683 -1.52638638 0.19233394 20.0
-1.41319323 0.52915937 0.23573360 20.0
-0.48520631 -1.43358684 -1.17367804 20.0
-0.37106907 0.54919785 -1.19228876 20.0
1.40806079 0.83425176 0.23573360 20.0
-0.58462459 -0.40894133 1.21926045 20.0
0.68915790 -1.20644832 0.62629217 20.0
0.72162473 -0.76135445 0.80847341 20.0
-1.02716732 -1.46558392 -0.55092025 20.0
-1.33333540 -1.00740278 0.61277980 20.0
-0.13132769 -1.52614665 0.15450181 20.0
-1.41164112 0.96664131 -0.56399763 20.0
-0.63479972 -0.88559705 -1.18935382 20.0
1.40635848 0.96774226 0.12557176 20.0
-1.20661330 1.34249306 -0.93186450 20.0
0.76654708 -1.28298223 0.57585829 20.0
0.45335099 0.98721784 1.44435942 20.0
1.40094221 0.33313403 0.16640230 20.0
-0.29067773 -1.51552892 0.12317952 20.0
-0.14652419 1.52014649 -0.80018538 20.0
-0.12901004 1.16159582 1.25177658 20.0
-1.39932346 -0.47411013 0.50826913 20.0
0.80459887 -0.18915682 1.53596163 20.0
0.60926902 -0.19213505 1.54758739 20.0
0.52768689 1.55932677 0.02596156 20.0
0.85506219 -0.94488639 -1.54398346 20.0
1.39459562 1.08636081 0.03158101 20.0
1.35225630 0.47500491 0.52337223 20.0
0.81957322 -1.33621919 0.52455056 20.0
1.33304513 -1.09571946 0.51986843 20.0
-1.25020766 1.00484467 0.91111267 20.0
0.40611413 -1.18797207 0.65191877 20.0
0.67577660 -0.87997031 -1.18423831 20.0
-0.33062628 0.57980895 1.73493659 20.0
1.21698618 0.89754069 0.95471078 20.0
1.39451516 1.08680665 0.16640230 20.0
-1.41427231 -0.42145446 -0.40185991 20.0
1.42042422 -0.52511734 -0.15498699 20.0
-0.12771903 0.64450920 1.72101760 20.0
-0.78651679 0.99413484 1.37895191 20.0
-0.33505112 1.07392406 1.35681307 20.0
-0.97329247 -1.44863212 -1.14342391 20.0
1.06724167 -0.10633142 1.28919876 20.0
0.86476088 -1.41950142 0.35412145 20.0
0.53011483 -1.42790031 0.40870017 20.0
-0.32873765 -0.87019855 0.78160918 20.0
-1.42171061 0.83423990 0.36259270 20.0
-1.34718466 -0.98151129 -0.90470028 20.0
1.28891695 0.25418994 -1.00039387 20.0
1.26404607 -1.37725401 -0.82236624 20.0
1.31129336 -1.21604002 0.46302676 20.0
-0.74965900 -0.30320588 1.39766526 20.0
-1.44606245 -0.52420270 0.15831438 20.0
1.28461063 -1.35425067 -0.71095169 20.0
1.12834787 0.83137405 -1.78923368 20.0
-0.55013788 1.55441093 0.12194676 20.0
0.95229381 -1.37482023 -1.14796793 20.0
1.18454134 1.34249306 -0.93186450 20.0
-0.97527260 1.10461915 -1.47525883 20.0
-0.96356761 -1.05639935 -1.75255883 20.0
0.81355566 -0.72402674 -1.16999400 20.0
-1.08582437 0.73570263 1.30001295 20.0
0.81135768 -0.76664412 -1.20562124 20.0
0.51230770 1.55790842 0.53165632 20.0
-0.66982853 -1.36600280 0.50490952 20.0
-1.13591349 0.68834764 -1.37448704 20.0
1.41138053 -0.78445995 0.23573360 20.0
0.73894632 0.92522705 1.47527754 20.0
0.54842550 -0.00420601 1.69666350 20.0
-0.67305630 1.15893817 1.16132641 20.0
0.51834947 -0.74456906 -1.18074405 20.0
-1.38662505 -0.34757572 0.50167942 20.0
1.38545334 0.58644211 -0.14427763 20.0
1.12801588 0.96355522 1.14180887 20.0
-1.26719356 -0.94488639 -1.57357800 20.0
1.03158379 0.96791404 1.26502037 20.0
1.38006294 -0.78565228 -0.71095169 20.0
0.10613246 0.52715987 1.75666475 20.0
0.73646152 1.14899099 1.15704441 20.0
-0.72823799 -0.53267574 0.93487835 20.0
-1.37115717 -0.78567785 -0.90471452 20.0
1.12588382 1.44992089 0.78092158 20.0
-1.39623308 -0.67389977 -0.82257551 20.0
1.42304218 -0.67314243 0.03158101 20.0
1.38880765 0.58726656 0.12557176 20.0
0.25483334 -1.52056551 -0.73202246 20.0
1.38883865 0.58690900 0.03158101 20.0
-1.31017780 1.04428172 -1.20160222 20.0
0.45020974 1.23469925 1.09397316 20.0
-1.36996841 -1.14295781 0.43555805 20.0
-1.43218565 -0.07675058 0.01870954 20.0
-1.44514799 -0.67269504 0.23573360 20.0
-0.98515075 1.00484085 -1.73134887 20.0
-0.64510530 1.53083873 -0.58125526 20.0
1.18848991 1.04342210 0.98415440 20.0
-1.30185735 0.47388643 -1.00039101 20.0
-1.26805222 1.44348180 -0.32684678 20.0
0.38104206 -1.46785796 -1.16894066 20.0
0.86718035 -0.34878859 -1.18543184 20.0
0.60782170 -0.12665536 1.61157548 20.0
0.75291425 0.05317899 1.70901382 20.0
0.86511207 1.00484085 -1.46413839 20.0
0.62851244 1.55345857 -0.13789202 20.0
-0.46103713 -1.49781990 0.15935817 20.0
1.26651585 0.79280162 0.83347768 20.0
-0.84303278 1.52873266 -0.31778976 20.0
-0.29657578 -1.06808126 0.71672952 20.0
1.38396192 0.25422969 -0.36638355 20.0
0.55591995 -1.00847411 0.72957540 20.0
0.35742921 -0.54709673 -1.21436644 20.0
0.70886266 0.89634514 1.52121782 20.0
0.81123495 -1.47394466 0.12889990 20.0
0.96523780 0.79259211 -1.71230125 20.0
-1.30558622 -1.01794028 -1.23012447 20.0
1.38878965 0.58735585 0.23573360 20.0
-1.19437099 1.19009447 -1.06997859 20.0
-0.37321717 -0.98368442 -1.22640979 20.0
-0.14767556 1.57891834 -0.15115896 20.0
-0.12874591 1.20369375 1.18409276 20.0
0.35742921 -0.54709673 -1.21436644 20.0
-0.87009186 -1.02597821 0.71518332 20.0
0.12183046 -0.17520051 -1.22754180 20.0
-0.35387996 -0.60490948 0.88092041 20.0
-1.35692608 -0.90669042 -0.90470028 20.0
-0.72985834 0.92750752 1.47724593 20.0
0.75566280 1.27737725 -1.05599117 20.0
-0.63802099 -0.80954558 -1.17593658 20.0
0.87534314 -0.47445059 -1.18755317 20.0
-0.62213475 0.20553997 1.75435758 20.0
-0.88375217 0.75204968 -1.42397749 20.0
1.31677997 1.13329649 -0.88407516 20.0
1.37949264 1.08565712 -0.36638355 20.0
-1.40760493 -0.34874880 -0.41267377 20.0
0.64657891 0.56215918 1.71952689 20.0
0.35978985 1.56300676 -0.49186125 20.0
-0.56526822 0.83794141 1.60744095 20.0
-1.30415463 0.40619111 -1.00039387 20.0
-1.26838362 1.43642437 0.36043438 20.0
-0.67652881 0.86865109 1.56475317 20.0
0.97116947 -0.74546546 -1.35028684 20.0
-1.36320090 0.83306092 -0.82252783 20.0
0.56333941 -1.48833966 0.16053830 20.0
-0.63915193 -0.78134942 -1.17493165 20.0
0.51114678 -0.26946026 -1.20664895 20.0
-0.98515075 1.00484085 -1.73134887 20.0
-1.42446709 0.93164444 0.23573360 20.0
0.89344126 -0.48898718 1.00159037 20.0
0.86184233 0.93045419 -1.51485980 20.0
-0.61833668 0.36723486 1.76211917 20.0
0.64826643 1.20839334 1.08557224 20.0
-0.37471539 0.17894478 -1.19228876 20.0
-1.41936469 0.40693620 0.03158101 20.0
-1.15269291 1.08495927 1.03566647 20.0
0.82651150 -1.48545659 -1.12860548 20.0
-0.64814693 1.55111003 -0.32572010 20.0
-0.67708969 1.00271618 1.38878095 20.0
-1.39877594 -0.52539569 -0.72928685 20.0
1.40696621 0.79237342 -0.14427763 20.0
-0.44431493 -1.50724161 -0.72585142 20.0
-1.41657865 1.08680642 0.23573360 20.0
-1.02809405 -1.45443141 0.12827863 20.0
0.36137339 1.56020594 0.36423185 20.0
1.39152431 -0.67388785 -0.71095169 20.0
0.07917207 -1.20772767 0.65186971 20.0
0.11777163 1.58398449 0.68173087 20.0
0.69689530 1.35627365 0.98034304 20.0
1.22737062 -0.13635664 0.91888648 20.0
0.34993368 -1.31588423 0.57755822 20.0
0.72998118 -0.35101551 1.31664336 20.0
-1.42299211 0.89857411 0.23573360 20.0
1.09137058 1.48653424 0.52445370 20.0
0.53888440 0.44514430 1.75446033 20.0
1.35495925 -1.09796238 0.44683039 20.0
-0.68737531 0.65467095 -1.16461527 20.0
-0.53321868 -0.26946026 -1.20664895 20.0
-0.47829726 1.54665267 0.96755588 20.0
1.37708938 -0.94367152 0.46447331 20.0
-1.23411465 0.40703994 0.96581060 20.0
0.56239045 -0.97123373 0.74148881 20.0
-0.28102085 -1.42121291 0.46816882 20.0
0.73009622 0.53249073 -1.16131163 20.0
-1.22844613 0.52869719 0.96564257 20.0
0.78066379 0.12184313 1.72210014 20.0
0.81698805 1.50877082 -0.57032412 20.0
0.77099168 -1.33037722 -1.15635657 20.0
0.12044846 0.61232179 -1.20535684 20.0
-1.41735578 0.86732215 0.36259270 20.0
-0.37725809 1.00575054 -1.15980864 20.0
-0.89237440 0.42499772 1.68287921 20.0
-1.32336354 1.04535794 0.69930178 20.0
0.85647708 -0.91397333 0.75222564 20.0
-1.42624342 -0.26046944 0.00147555 20.0
-0.42136785 -1.51175046 -1.13323033 20.0
1.36288226 -1.09943295 -0.36638355 20.0
-1.34795165 1.20035923 -0.79436880 20.0
-1.33135974 -1.35799825 -0.14428180 20.0
-1.34795165 1.20035923 -0.79436880 20.0
0.76643443 -0.25046831 1.46905899 20.0
1.24718797 1.04358184 -1.47582698 20.0
1.20187974 -1.32321322 0.44317138 20.0
0.62607509 1.55111003 -0.32572010 20.0
0.80543679 0.89959484 -1.23802769 20.0
0.10957899 -0.68000436 0.84699428 20.0
1.33304513 -1.09571946 0.51986843 20.0
1.18827152 0.96525669 1.01827180 20.0
-1.24203789 0.86637574 0.95517308 20.0
1.18039858 -0.27253926 1.00292563 20.0
-0.33315614 0.96264845 1.49612212 20.0
-1.37939656 1.20661998 -0.36366528 20.0
1.32587969 1.20035923 -0.79436880 20.0
0.61131883 1.12822247 -1.12563968 20.0
-1.30751789 0.33194181 -1.00039387 20.0
1.17412329 1.29408705 0.78147840 20.0
0.12044846 0.61232179 -1.20535684 20.0
-1.31110573 -1.33275867 -0.71095169 20.0
-0.90250498 1.26600397 -1.05014455 20.0
-1.33993793 1.28770220 -0.67622280 20.0
-0.82286668 -0.91626734 0.75281662 20.0
0.68712389 1.52337945 -0.57756037 20.0
1.39729285 0.40693620 0.03158101 20.0
0.78066379 0.12184313 1.72210014 20.0
0.54142988 -1.48440528 -1.15396893 20.0
1.31452549 0.17337726 0.68766654 20.0
-0.13610496 -0.60895079 0.88233149 20.0
-0.64887643 1.29329741 -1.06368589 20.0
-1.38798869 -1.09821796 0.34635723 20.0
-0.03958687 -1.54818773 0.01865290 20.0
1.30210865 0.93045419 -1.23390889 20.0
1.31240249 -1.31695700 0.31363058 20.0
-0.69651705 1.54007447 0.53241450 20.0
1.21698618 0.89754069 0.95471078 20.0
-0.56743145 -1.09078109 0.69945896 20.0
-0.70264059 -0.77637887 -1.16985071 20.0
1.31950831 1.00484085 -1.01047051 20.0
1.34403372 0.25418994 -0.71095169 20.0
0.68722290 1.48807013 -0.76721531 20.0
-1.41859019 -0.90558839 0.12557176 20.0
0.94239384 0.41352621 1.58082891 20.0
0.34782657 0.71129233 -1.18775642 20.0
1.38344193 1.00484085 -0.56399763 20.0
1.29781663 -0.90669042 -1.22714436 20.0
0.36137339 1.56020594 0.36423185 20.0
0.66551119 0.69389856 -1.16186321 20.0
0.90234065 -1.35642684 0.48555756 20.0
0.75988704 1.52562106 0.23880251 20.0
0.54319626 0.83794141 1.60744095 20.0
0.86165965 -0.83584458 0.77888548 20.0
-1.40860939 1.04453981 -0.36638355 20.0
1.41272461 -0.42030135 0.21613112 20.0
-0.69157952 0.72436029 -1.16277635 20.0
-1.12633061 1.10466361 -1.49121249 20.0
-1.19437099 1.19009447 -1.06997859 20.0
-1.44605780 -0.52429223 0.11720884 20.0
-0.96387142 -0.75471199 0.80423892 20.0
1.30581021 1.04447687 -1.00708306 20.0
-0.85578769 -1.40169716 0.42251810 20.0
0.69315666 1.54587984 -0.13591860 20.0
1.40163004 -0.86567158 0.12557176 20.0
1.24129331 0.96688998 0.88063246 20.0
-1.19551253 -1.44122267 -0.71138179 20.0
-1.28092313 1.04495299 0.81359011 20.0
1.37416136 -0.67389977 -0.82257551 20.0
0.95548552 1.49539709 -0.56684178 20.0
1.30904651 -0.98151129 -1.01202929 20.0
0.67672074 0.87870622 -1.15261233 20.0
-1.20247054 -0.27253926 1.00292563 20.0
0.57721937 1.55934346 0.84756643 20.0
1.16345847 0.01635277 1.11366272 20.0
-0.76238030 0.89414197 1.51922882 20.0
-0.63996875 1.54603672 0.92847544 20.0
1.34958327 -0.97841156 0.54864544 20.0
-1.44901860 -0.59368873 0.12318235 20.0
0.60703433 0.72889566 -1.16784060 20.0
-1.41936469 0.40693620 0.03158101 20.0
-1.24399471 0.96665210 0.93488193 20.0
1.00509548 -1.46558392 -0.55092025 20.0
-1.42372620 0.73603761 0.16640230 20.0
-1.34854221 0.96664131 -1.01143003 20.0
1.38553309 -0.34874880 -0.41267377 20.0
-0.82560831 -0.87796783 0.76567602 20.0
0.35346535 1.12027967 -1.14275134 20.0
-0.62134409 1.00900006 1.39146042 20.0
-0.84364849 0.28217930 1.73118508 20.0
-0.62080455 0.87408781 1.56736588 20.0
-0.53803444 -1.50475657 -1.13201499 20.0
0.51596254 -1.50475657 -1.13201499 20.0
-0.85478908 0.05098551 1.68352938 20.0
-1.02876031 -0.45146871 1.07628191 20.0
1.38394320 1.13625228 0.16640230 20.0
1.41398776 -0.47417226 -0.16304608 20.0
-0.34865993 -1.35016596 0.55055839 20.0
-0.67875522 -1.21382046 -1.17646527 20.0
0.58568263 -1.39506125 -1.16970241 20.0
-0.75799292 0.25633004 -1.16131163 20.0
0.63527668 -1.00207400 0.72940046 20.0
1.41273296 -0.42030144 0.14559880 20.0
0.81805497 -1.38392031 0.46440652 20.0
-1.41657865 1.08680642 0.23573360 20.0
-0.81487316 -1.05904758 -1.27571106 20.0
-1.33282411 0.25533512 0.68778896 20.0
0.10547209 1.50451374 0.98803502 20.0
-1.42625844 -0.26002219 0.13933545 20.0
-0.83580261 1.19682300 1.06451070 20.0
-0.82582331 -0.16739193 -1.17699087 20.0
-0.51396579 -1.36779761 -1.17878211 20.0
1.33563173 0.52796745 -0.71095169 20.0
0.79511344 -0.75660986 0.80812109 20.0
-1.04405499 1.18878198 0.99734390 20.0
0.26684350 -1.53035986 -0.15071426 20.0
0.80228525 1.15251207 -1.12294340 20.0
-0.77691925 -0.00394173 1.68775535 20.0
0.75566280 1.27737725 -1.05599117 20.0
1.05447257 1.49685514 0.66907459 20.0
0.87030262 0.42499772 1.68287921 20.0
-0.63655406 -0.43073973 -1.20794702 20.0
0.71232152 -1.27951920 -1.16236341 20.0
0.76334321 0.95813167 1.42478037 20.0
-1.42680097 0.25538215 0.23573360 20.0
-0.12906086 1.00359333 1.45817649 20.0
0.74212414 1.03214514 1.33567941 20.0
-1.42300606 0.33313394 0.23573360 20.0
-0.37047002 0.60822868 -1.19212997 20.0
-0.83330673 -1.47394466 0.12889990 20.0
0.48485735 -0.59897864 0.87954658 20.0
1.33554041 1.29600823 0.03155890 20.0
0.33673674 -0.54981428 0.93923521 20.0
-0.53386343 -0.93469769 -1.20628750 20.0
1.30420482 1.37937725 -0.13855872 20.0
-0.13165088 -0.68000436 0.84699428 20.0
-0.63339067 1.12822247 -1.12563968 20.0
-0.77090585 -1.49105930 -1.12963498 20.0
0.67672074 0.87870622 -1.15261233 20.0
1.39636457 -0.78443134 0.48146349 20.0
1.32195723 -0.73037678 0.69943535 20.0
1.29773450 0.66236806 0.68833780 20.0
-1.21046746 -0.34878859 -1.13465846 20.0
-0.71666098 1.54141271 0.02980469 20.0
-1.39015615 -0.07629731 0.51444292 20.0
-0.71312213 1.53261292 0.36774355 20.0
-0.12876816 0.79968649 1.65971494 20.0
1.23082352 -1.05658984 -1.53021872 20.0
0.98869383 0.53005630 -1.14817595 20.0
1.32227159 0.79277182 -1.01079679 20.0
1.22743332 1.13517737 0.82782865 20.0
-1.14840937 0.75120306 -1.64310002 20.0
-1.38757670 -0.16695592 -0.60384578 20.0
1.34041548 0.33194181 -0.71095169 20.0
0.25894898 -1.42121291 0.46816882 20.0
-0.48867181 -1.33700359 0.55202508 20.0
-0.88373703 0.40619111 -1.15351868 20.0
0.26811278 -1.52286935 0.02632413 20.0
0.11645304 -1.43018413 -1.20036638 20.0
0.96010083 1.51531827 -0.31576088 20.0
-1.42377889 0.73559088 0.03158101 20.0
0.61131883 1.12822247 -1.12563968 20.0
1.25086522 -1.38171613 -0.90389210 20.0
-0.79944408 0.20261054 1.74089789 20.0
1.24046564 0.93078816 0.88272578 20.0
1.34076524 -1.24213183 0.16513166 20.0
1.30598795 -1.04631221 0.60049510 20.0
0.46677873 -0.86168295 0.78085846 20.0
0.54373938 1.05416632 1.34562588 20.0
-0.14389426 1.20435548 -1.12438738 20.0
-0.67325360 0.77008873 1.63712049 20.0
-1.26912081 -1.28600168 -1.00037193 20.0
-0.62213475 0.20553997 1.75435758 20.0
0.96079475 0.86577648 -1.80542350 20.0
-0.78064191 1.36748016 -0.97279924 20.0
0.60634857 -0.06281327 1.66102207 20.0
1.12426436 -0.86677390 -1.74404132 20.0
-0.67617804 1.08014357 1.28731537 20.0
1.22743332 1.13517737 0.82782865 20.0
-1.33150673 -0.66935384 0.71687555 20.0
-0.56581128 1.05416632 1.34562588 20.0
0.79557967 -1.02041781 -1.28586173 20.0
-1.42866898 1.00594151 0.12557176 20.0
0.96309507 1.14896953 -1.20499444 20.0
1.36894608 0.73484606 -0.71095169 20.0
-0.70568639 -0.53344423 -1.18815279 20.0
-0.68344021 -0.00404869 1.69199407 20.0
-0.55972058 1.22375560 1.09026098 20.0
0.76023430 1.53928757 0.81359047 20.0
0.01413995 -1.54502320 -0.75216496 20.0
1.12522411 1.47995043 0.23660845 20.0
-1.40835345 0.79209542 -0.56399763 20.0
1.29558754 -1.24349296 -0.82257396 20.0
-0.03074144 -1.54615796 -1.04476488 20.0
-1.42582488 0.86688852 0.03158101 20.0
0.81419504 0.43376890 1.71899569 20.0
1.37527597 -1.05575728 0.12557176 20.0
-0.44805524 -1.10057235 0.69962198 20.0
-1.40868509 0.52824563 -0.14427763 20.0
-0.96387142 -0.75471199 0.80423892 20.0
-1.34402907 -0.73037678 0.69943535 20.0
-1.41320157 0.52915943 0.16640230 20.0
0.75975537 1.52911603 0.12645778 20.0
0.89022595 1.52725995 0.76594007 20.0
-0.63951319 1.22041821 -1.09852540 20.0
0.83164078 -0.30243289 1.39077687 20.0
-1.05541861 1.42607975 0.90214163 20.0
-1.32627690 1.37937725 -0.13855872 20.0
0.75484729 -0.00394173 1.68775535 20.0
-1.34014189 -0.07749591 -0.92358780 20.0
0.95045447 -1.41179633 -1.14796793 20.0
1.18651068 -0.26121488 -1.12944317 20.0
1.40634251 0.96783143 0.16640230 20.0
0.76259786 -0.18915682 1.54181910 20.0
-1.11918330 0.86656284 1.23274219 20.0
-0.88765347 0.54645795 1.65266585 20.0
0.84929740 -1.01786542 -1.53795111 20.0
-1.34242117 -0.52541637 -1.02078831 20.0
1.13794410 -1.32544219 -1.10112321 20.0
-0.37534362 -0.90238839 -1.21040440 20.0
0.53460997 1.29027402 1.01944554 20.0
