-1.23506236 0.75866228 -1.48785961 15.0
-0.81491762 0.50381905 -1.38125145 15.0
-0.05679306 -1.33622861 0.59022576 15.0
-1.21394682 1.15721357 -0.77450061 15.0
-1.13020730 0.89087504 0.75530076 15.0
-0.17959377 -1.69062507 -0.65130156 15.0
-1.00757611 0.42564020 0.44809082 15.0
-1.00124741 -0.25598684 1.39594865 15.0
1.45196855 0.02786986 -0.11316364 15.0
-0.71859580 -1.51779628 -1.29169369 15.0
1.34785211 -1.05944550 -1.59205616 15.0
-0.88540959 1.06932223 -1.26321852 15.0
0.50295013 1.19895554 0.60068029 15.0
0.67654854 -1.57787967 0.00291884 15.0
0.82049388 0.24657862 -1.32436740 15.0
-0.46474621 1.07564652 0.89041907 15.0
-0.93239248 -1.50804520 0.17711277 15.0
-1.08551145 1.16469169 0.80796582 15.0
1.23454046 0.44695184 -1.59636569 15.0
-0.77078617 0.35675290 0.18440138 15.0
1.16493952 -0.75421810 -1.29061210 15.0
-0.92451453 1.04363227 1.32349479 15.0
-1.05430567 0.71204060 0.92560667 15.0
-1.37189305 0.94258636 0.12251998 15.0
0.44479910 1.08253527 -1.29640222 15.0
-1.43193436 0.43894187 0.40745443 15.0
-0.55303359 1.15552258 1.33126199 15.0
-0.07593264 1.20483744 0.16389158 15.0
-1.08911943 1.08522046 0.84131908 15.0
-0.60707659 0.83001930 -1.32763362 15.0
0.97885090 -0.50903553 0.86950493 15.0
-0.11350393 -1.18789113 -1.37312818 15.0
-1.45630538 0.28621399 -0.22640331 15.0
1.37226927 1.04752684 -0.59868181 15.0
-1.39782524 0.75892442 0.25336519 15.0
0.45571294 0.65135777 0.77990443 15.0
0.05988403 1.03487360 0.87009257 15.0
1.32141495 1.07757497 0.69546419 15.0
0.14235748 0.67147177 -1.36012876 15.0
-1.41465247 -0.05784300 -0.41491085 15.0
0.64299065 1.04009879 1.44373333 15.0
1.14263773 1.03995645 0.83052492 15.0
0.63416040 -1.31441188 -1.33641672 15.0
0.64225012 1.08009982 1.48472738 15.0
0.94578767 0.92620760 0.86132920 15.0
-1.18891382 1.07575822 0.83134937 15.0
1.43534100 -1.16011488 -0.63568425 15.0
1.46791196 -0.99033815 -0.11322672 15.0
-1.45054793 0.25741318 0.20059200 15.0
0.55992860 -1.38978040 -1.32138455 15.0
1.39246726 0.94200736 -0.59462315 15.0
-0.40305078 -0.20251417 1.60837913 15.0
0.87622881 -0.20346858 1.58384311 15.0
1.31722116 0.88009989 0.54577166 15.0
1.19847715 1.09467304 1.48978841 15.0
1.40488708 -0.14404529 0.40017444 15.0
-1.18709338 -0.52194607 0.71740353 15.0
0.99411690 -1.10989571 -1.65666282 15.0
1.40963864 -0.62154830 0.22705640 15.0
-1.24639416 -1.48731554 -0.16089047 15.0
0.44611749 -0.15940252 0.40802512 15.0
-0.91718811 -1.32972634 -1.34933031 15.0
-0.11051363 1.10871971 1.51538968 15.0
1.25464678 0.78591353 -1.41583836 15.0
-0.78414893 0.17776293 -1.32477200 15.0
1.20086849 -1.36542809 -1.27005243 15.0
1.02986395 -0.25598684 1.39594865 15.0
-0.57280803 1.11362910 -1.21748877 15.0
-1.29232430 0.16886736 -1.26664162 15.0
-1.25726032 1.16539919 1.48952603 15.0
-0.40330541 1.19339442 0.82526284 15.0
-1.44144046 -0.92180079 -0.27689055 15.0
-1.11125672 -1.11216128 0.67859316 15.0
1.47153807 0.20855865 -0.40655774 15.0
-1.07943106 1.14602494 0.90156597 15.0
-0.32946965 -1.58731854 0.00456927 15.0
1.11844480 -1.26499736 0.59311557 15.0
1.35318160 -0.37299353 0.58984119 15.0
-1.33258355 1.09917641 -0.60832065 15.0
-0.74443197 1.20826328 -0.50937074 15.0
-1.38794255 -0.35220736 -0.41322216 15.0
-0.10237852 -0.68898642 0.84569645 15.0
-1.14828181 1.16535258 0.68183482 15.0
0.63284236 0.71096003 -1.34166193 15.0
0.10192724 -0.15480788 1.46260810 15.0
0.10339395 1.08225322 -1.30908310 15.0
-0.32391036 1.12718272 1.53810418 15.0
-0.58655089 0.69157034 0.96580774 15.0
1.19004679 1.16646552 0.57472098 15.0
-0.67783105 1.18738580 1.58856559 15.0
-0.40064955 -0.25537071 1.49422228 15.0
-1.03561854 0.99095654 0.84162825 15.0
0.04558044 -1.69476712 -0.52445912 15.0
-0.01241413 -0.90255153 0.79960132 15.0
-0.36554551 0.67155778 -1.35435355 15.0
1.15281272 -1.03262687 -1.66617358 15.0
-1.41551840 -1.02370763 -0.84049523 15.0
-1.43042636 -1.05819201 0.17621733 15.0
0.04558044 -1.69476712 -0.52445912 15.0
1.22431672 1.18155384 1.56239092 15.0
-0.56982487 -1.00216079 0.64645988 15.0
-0.77223670 1.03818762 0.84898007 15.0
-1.26920176 -0.22839443 0.79371262 15.0
1.36953044 -1.39381027 -0.31396198 15.0
-0.24269438 -1.52315819 -1.31896377 15.0
-1.15209591 -0.45091197 0.83123678 15.0
1.28635037 0.85059541 0.58650523 15.0
0.14310753 -1.08283985 -1.37624884 15.0
-1.33538747 0.49890658 0.57784998 15.0
-0.95023441 -0.50903553 0.86950493 15.0
1.19853747 -1.21885371 0.61911613 15.0
0.00379221 -1.69545889 -0.55165422 15.0
0.95388365 -0.91217774 0.66384244 15.0
0.63195789 -1.22305930 -1.35586774 15.0
1.33404422 0.96886897 0.60425788 15.0
-1.44523048 0.48165965 -0.40601888 15.0
-1.45185888 0.32032588 -0.59752923 15.0
-0.75731331 -0.35470611 -1.32474697 15.0
-0.76335871 1.12002194 1.28331816 15.0
-0.60151052 -1.58033931 -1.27264571 15.0
-1.22872078 1.18447828 1.52921236 15.0
-0.25562331 1.11652827 1.34287012 15.0
-0.07740779 -1.47020698 -1.33001566 15.0
-0.42603138 1.13256741 0.96772093 15.0
1.48193800 0.43893707 0.09082235 15.0
1.10459244 1.01628792 0.83489144 15.0
0.96631533 0.45926234 -1.44995105 15.0
1.45196855 0.02786986 -0.11316364 15.0
0.29087117 0.39522097 0.19920905 15.0
-1.14075708 1.11610937 -1.05142069 15.0
1.06033337 -1.29853964 -1.46765530 15.0
0.97515810 -0.15870932 1.42190778 15.0
-0.07734265 -1.13638067 0.71945834 15.0
1.46390498 -0.98784029 0.34390101 15.0
0.64233464 0.50443619 -1.36137736 15.0
1.46083200 0.23174213 0.37670863 15.0
-1.32788920 -0.94361937 -1.40530157 15.0
-0.01241413 -0.90255153 0.79960132 15.0
-1.05491233 -1.55697131 -0.14676611 15.0
0.28200468 1.20949709 -0.01009081 15.0
0.80565590 0.99282366 1.33100283 15.0
-1.04726410 -0.16881415 0.87061441 15.0
-0.90037245 1.16207492 1.57736242 15.0
0.36844170 1.13163126 0.88099873 15.0
1.43326533 -1.22955954 -0.15919526 15.0
-1.22996628 0.94878501 -1.24048221 15.0
-0.75657064 -0.42589504 -1.32453072 15.0
0.13949153 1.00749707 1.38690555 15.0
0.49522734 1.00155663 1.33857548 15.0
-0.90097642 -0.69718230 0.71397680 15.0
0.26308563 1.11486351 0.85798311 15.0
1.44430733 -1.16011488 0.22064984 15.0
-0.01430467 -0.68927801 0.85216194 15.0
-0.99576330 -1.55818450 -1.23688054 15.0
1.25145757 1.11880779 0.82194769 15.0
-1.44266105 -0.96031106 0.18642047 15.0
-1.03585780 -1.54472089 -0.04204224 15.0
0.13949153 1.01680911 1.41019320 15.0
0.29837465 1.07695007 0.84795374 15.0
0.71506774 -1.57638252 -0.00460884 15.0
0.13856295 1.21044981 1.55031312 15.0
-1.35055161 0.75941885 -1.29004681 15.0
-0.96749598 0.62316954 -1.65673447 15.0
-1.32366455 0.58336580 0.58686239 15.0
-1.42756104 0.20644508 0.37798607 15.0
0.38400531 1.20138860 0.37379691 15.0
1.39524281 -1.31038535 -0.89222997 15.0
-1.17858350 -0.49763188 -1.28719521 15.0
-0.60376906 -1.25733328 -1.34900653 15.0
-1.42828596 -0.84622067 -0.27151999 15.0
-0.36050263 0.85254645 -1.33156443 15.0
-1.42349434 -0.96024573 -0.83926928 15.0
1.14233470 1.14475977 0.89649564 15.0
1.44395375 -1.16011488 -0.28066435 15.0
1.45202184 0.64387757 -0.05697874 15.0
0.30368230 -1.03487313 0.74587452 15.0
1.13380635 -1.13657844 -1.73415375 15.0
-0.48270458 -0.54327011 0.87664342 15.0
1.05886924 -1.38931501 0.47045428 15.0
1.45482183 -0.84622067 -0.44097233 15.0
-1.14872086 0.03127510 -1.29474485 15.0
-0.04613597 -1.42882824 0.48572654 15.0
-1.29415190 0.92180544 0.57265055 15.0
-0.05987560 -1.62732708 -0.02238101 15.0
-0.92451453 1.04363227 1.32349479 15.0
0.64304906 0.99717385 1.33477473 15.0
1.35318160 -0.37299353 0.58984119 15.0
1.03179026 -0.19797319 1.09977126 15.0
-1.44899726 0.23296109 0.09533376 15.0
1.37998474 1.04818046 -0.24422427 15.0
-0.44845054 0.24876717 -1.34483910 15.0
-0.11538228 -0.93006939 -1.35506344 15.0
-0.26544529 0.11446672 -1.35267293 15.0
-1.04865742 0.27950493 0.66156036 15.0
-0.65480453 -1.65701544 -0.90018755 15.0
-0.93812639 0.11085887 -1.31125295 15.0
-1.36529160 -0.49551487 -0.88615227 15.0
-0.24160860 -0.43134385 1.09471619 15.0
0.39413485 0.74880946 -1.34973907 15.0
-0.48356980 0.30294904 -1.34354556 15.0
-1.19214332 -1.00654662 0.71143299 15.0
0.64185047 1.06689370 1.29289997 15.0
-0.61243582 1.14914620 1.04631436 15.0
-0.43378249 0.47654873 0.19247371 15.0
-1.30490124 -1.16152751 -1.58904302 15.0
1.19200814 1.18331289 -0.19507031 15.0
0.96085036 -0.20396206 1.55799580 15.0
-0.11003471 1.16238773 1.57814550 15.0
-1.44228029 -0.96031106 0.24773446 15.0
-1.16182458 1.17545629 0.10243982 15.0
-1.42018807 0.10179816 0.26291034 15.0
1.33314621 1.11627018 1.47904348 15.0
1.25630450 1.10198522 0.82351154 15.0
-1.38252473 -1.35404313 -0.05489732 15.0
-1.35540831 0.94586170 0.35627142 15.0
-1.03910851 0.83607662 -1.31600201 15.0
-1.41044033 -1.19403780 0.20937558 15.0
-0.29448709 1.19822872 0.71908176 15.0
-1.08442950 1.17687225 0.26539251 15.0
-0.25870264 0.28998727 0.18934645 15.0
0.62911052 0.43543562 0.18815987 15.0
-0.07706758 0.20856918 0.18832976 15.0
0.99411690 -1.10989571 -1.65666282 15.0
-1.06499183 0.45162639 -1.60304666 15.0
0.57703948 1.14049077 1.55535483 15.0
-0.91311723 0.96811271 0.85650373 15.0
0.74657238 -0.16487242 1.61401474 15.0
-0.09321542 -0.93259221 0.78762132 15.0
0.01430826 -0.93268651 0.79428244 15.0
-0.03650885 -1.69576871 -0.54553598 15.0
-1.41403627 0.25858608 0.50712430 15.0
-1.33850145 -0.80478209 0.59479028 15.0
-1.16602087 1.16940653 0.36779487 15.0
-0.68645120 -1.57638252 -0.00460884 15.0
-0.32293081 1.20808351 1.57069933 15.0
0.06068862 -1.69309783 -1.05369234 15.0
0.00178952 -1.67616963 -0.32300770 15.0
0.57618010 1.20342112 1.56653357 15.0
1.08246386 -1.00269020 -1.60669076 15.0
0.25413990 -1.21113610 0.66536105 15.0
-1.17567849 1.13990045 0.86111230 15.0
1.27561915 0.93872577 0.67220098 15.0
1.46700764 0.31940287 0.42721340 15.0
-0.03654240 -0.57043737 0.91109848 15.0
-0.92451453 1.04363227 1.32349479 15.0
1.41853869 0.28785738 -1.14700973 15.0
1.13490212 -1.26910734 -1.53839123 15.0
0.45864546 -0.28856516 -1.34531260 15.0
-0.11753874 -1.37646663 0.54319221 15.0
0.83823115 0.54766423 -1.38868546 15.0
-1.39470875 -0.28793952 -0.06210857 15.0
-0.87781280 -0.16359879 0.44666502 15.0
-0.52630472 -1.63083792 -1.21120501 15.0
1.12067628 0.31704631 0.78183275 15.0
-0.94289637 1.13713562 1.41607189 15.0
-0.05679306 -1.33622861 0.59022576 15.0
-1.23481619 0.72431493 -1.56297708 15.0
0.64101559 -0.93021172 -1.34198439 15.0
0.45790970 0.60772038 0.47218266 15.0
1.21633315 1.15946066 0.69679570 15.0
-0.24192281 -0.49407735 0.96929193 15.0
-1.31138456 -0.60379291 0.51730055 15.0
0.06533477 -1.69393122 -0.50241435 15.0
-1.08111024 0.24121584 -1.30088222 15.0
0.28867057 0.51867664 0.20230447 15.0
-1.30866039 1.05669129 1.38856816 15.0
-0.71484506 -1.10995710 0.58639795 15.0
-0.19449794 -0.96604931 0.77138770 15.0
1.42644191 0.75892442 0.25336519 15.0
1.04655826 1.18616009 0.05545222 15.0
0.05323986 -1.64444733 -1.25563562 15.0
0.80688399 0.99936169 1.31591117 15.0
-0.60530829 0.63193178 -1.35811126 15.0
1.43905699 -1.19403780 0.20937558 15.0
1.45011091 -0.84349859 0.35755661 15.0
1.28099298 1.11914396 -0.95842546 15.0
1.46786249 0.52422470 -0.40591535 15.0
-0.25870264 0.28998727 0.18934645 15.0
1.17778575 -0.95440274 -1.48070502 15.0
1.19861960 0.78974503 0.74716765 15.0
-1.09172487 0.46033862 0.78711116 15.0
-1.43042636 -1.05819201 0.17621733 15.0
0.28859878 -0.22130699 -1.35267472 15.0
-1.34389925 -0.14582586 -1.15163958 15.0
0.34973618 -1.68112493 -0.92646855 15.0
1.10014594 -1.49956191 -1.26215529 15.0
1.40963864 -0.62154830 0.22705640 15.0
0.14134099 -0.55076063 0.91620660 15.0
0.99080622 -1.14452744 -1.65554655 15.0
-0.93239248 -1.50804520 0.17711277 15.0
1.06210423 1.18596065 1.49651992 15.0
0.12491986 -0.86305249 0.80140531 15.0
-1.14536381 1.18943071 1.55239165 15.0
-1.21394682 1.15721357 -0.77450061 15.0
-1.38764477 0.48165965 -1.36823845 15.0
-0.37756327 -0.95407099 -1.35366750 15.0
-1.41533720 -1.16011488 -0.28066435 15.0
0.54089147 1.15131426 1.23091722 15.0
-1.24404013 -0.56714112 -1.26537967 15.0
-0.73583674 1.11791718 1.04949856 15.0
1.33074868 -1.35331941 0.38593999 15.0
1.47384727 0.48165965 -0.40601888 15.0
0.20986864 -1.68755543 -0.49155274 15.0
1.38480389 -0.33793512 0.51131868 15.0
1.19249105 -1.13414133 -1.72495222 15.0
0.90225577 1.17296290 0.81866676 15.0
0.34712180 -1.67860556 -1.02495563 15.0
0.77770948 0.88531482 0.87426251 15.0
1.05783951 -1.27289498 -1.53801942 15.0
-1.30490124 -1.16152751 -1.58904302 15.0
1.29410923 0.98328316 0.69443917 15.0
-1.09979486 -1.44770455 -1.26736581 15.0
0.90739053 -0.57013500 0.78142959 15.0
1.03359711 0.46558422 0.44839817 15.0
0.42926607 -0.25537071 1.49422228 15.0
1.45548511 -1.05569363 0.33627814 15.0
1.41505992 -0.67367488 0.26848796 15.0
-1.11677539 0.57506448 -1.74356389 15.0
-1.44023860 0.52424580 0.18943332 15.0
-1.22878826 0.80283195 -1.35204554 15.0
1.37226927 1.04752684 -0.59868181 15.0
-1.42520726 -1.09253812 -0.27727643 15.0
0.14234833 0.74871629 -1.35549641 15.0
0.87326068 1.15274358 0.91691560 15.0
0.83960986 -1.61216533 -1.17650235 15.0
-1.37310684 -1.19403780 -1.10531020 15.0
0.77423131 -0.56623203 0.78297138 15.0
-0.09630334 -0.86305249 0.80140531 15.0
-1.38487780 -0.56548280 -0.25898463 15.0
-0.45030645 -1.67469251 -0.82958609 15.0
0.02452160 -1.69678628 -0.77008593 15.0
-0.11209877 1.03211391 0.86806095 15.0
1.44925356 -0.94282848 0.47102910 15.0
-0.46529421 1.10512340 1.51223278 15.0
-1.07813346 -0.92009664 -1.34674907 15.0
1.45460141 -1.09253812 0.08148312 15.0
0.58703619 -1.43988442 0.32913813 15.0
-0.81515092 -1.61570072 -1.11888039 15.0
1.13297355 1.18068409 0.05530866 15.0
-0.25347760 1.21465659 -0.21534535 15.0
-1.19867194 -0.86902708 0.74212122 15.0
0.35396630 1.01045299 1.32552791 15.0
0.36940879 1.19415438 0.82697040 15.0
-0.24192281 -0.49407735 0.96929193 15.0
-1.41171467 -1.12646663 -0.63254279 15.0
-0.01696374 -1.69476712 -0.52445912 15.0
-0.79058641 1.17646217 0.81977493 15.0
-0.82087439 -0.98650670 -1.36090159 15.0
1.36185408 0.95471644 0.48378125 15.0
-1.38777244 -0.01836217 0.38120484 15.0
-0.84416974 1.12001550 1.35431635 15.0
0.99039656 -1.44229329 0.37341771 15.0
1.28334403 -1.17792594 0.59253997 15.0
1.13380635 -1.13657844 -1.73415375 15.0
0.93775880 -0.50049686 -1.31050944 15.0
-0.61656898 -1.34580350 0.43890569 15.0
-0.59191424 -0.35505015 -1.33692563 15.0
-1.42088425 -1.12646663 0.16855770 15.0
-1.11231494 0.61531895 -1.73655295 15.0
0.84599376 -1.62654269 -0.42257652 15.0
0.01430826 -0.90266711 0.80088949 15.0
-1.37124932 0.16727175 -1.15449810 15.0
-0.07648082 -1.69530022 -0.58586079 15.0
-1.13094008 0.97424084 0.80733567 15.0
-0.99626178 0.96027416 0.84913230 15.0
-1.24916911 0.82062745 -1.28239131 15.0
0.39526469 1.20508873 0.16382523 15.0
-1.16221333 -1.16808593 -1.69855452 15.0
-0.58179402 1.21345258 -0.51632869 15.0
-1.28046966 -0.14125670 0.69543695 15.0
-1.13284183 0.45565006 0.79572666 15.0
1.40888035 -0.62157702 -0.60786211 15.0
0.13857049 1.19798613 1.59803760 15.0
1.45948708 -0.99033546 -0.62409037 15.0
1.03619266 0.42564020 0.44809082 15.0
-1.43381870 -0.92190206 -0.62450349 15.0
1.47170591 -0.96031106 0.01252288 15.0
-1.12865531 1.17036068 0.47980645 15.0
1.37059176 0.27297911 0.61178768 15.0
-0.20072062 -0.90173656 0.78688431 15.0
-1.44215643 -0.92179424 0.14852366 15.0
-0.64044446 1.01690269 0.85517210 15.0
1.47542107 0.23365676 -0.40653890 15.0
1.17021930 1.06124771 0.83108413 15.0
-0.80506027 -1.62348819 -0.99878561 15.0
-0.00816561 -1.13638067 0.72483110 15.0
1.40073216 0.56553966 -1.39483225 15.0
0.20395352 -1.68925929 -0.93736112 15.0
-0.86449105 -0.51107669 0.86716360 15.0
0.28594530 -0.42661947 -1.35234237 15.0
1.40488708 -0.14404529 0.40017444 15.0
0.26904228 -0.25537398 1.50029302 15.0
-0.09954827 1.16641355 1.44760907 15.0
-1.19313228 -0.99776149 -1.60019171 15.0
-0.91637725 0.80606878 -1.37258244 15.0
0.32734323 -1.50813901 0.22339223 15.0
0.97480261 1.12268114 0.88321185 15.0
-0.96891069 0.80016977 -1.42003441 15.0
0.78711909 0.60397762 0.46443436 15.0
0.10268033 -0.19145685 0.96199512 15.0
1.15574217 1.11561906 0.86823148 15.0
1.14174271 -1.31417918 -1.38306165 15.0
-0.42789465 -0.63290298 -1.34327555 15.0
1.39165354 -0.73049790 0.47939375 15.0
0.36488411 1.11527145 0.86622369 15.0
-0.81467324 -1.62810266 -0.57851982 15.0
1.41852570 -1.31117952 -0.10423575 15.0
-0.51790118 0.98879117 0.86520433 15.0
-1.37299657 -0.28793952 -0.88682818 15.0
0.13859794 1.17620862 1.59091675 15.0
1.47288120 0.25711396 0.29186243 15.0
-0.61030322 1.18348408 1.47833323 15.0
1.00266719 0.29743630 -1.30949807 15.0
1.47042811 -0.92178661 0.19313751 15.0
1.44446754 -1.16011488 0.16308124 15.0
-0.97767437 -1.03963816 -1.60259283 15.0
1.13719630 -0.61871356 0.77317929 15.0
0.01430826 -1.33622861 0.59688687 15.0
1.33877146 0.11483222 0.60664427 15.0
-1.42813563 0.60535008 0.16869724 15.0
-1.42335188 0.02786986 -0.11316364 15.0
-1.38129663 0.23441985 -1.15432966 15.0
0.26210427 -0.56934208 0.89675897 15.0
0.62931067 1.06845438 0.90105569 15.0
-1.31363761 1.05224907 0.61983424 15.0
0.63804412 0.11421002 -1.33703518 15.0
-0.90202433 1.00354505 1.39793468 15.0
0.12491986 -0.86305249 0.80140531 15.0
0.93495089 0.55492520 0.31055772 15.0
0.01430826 -1.43005741 0.48939070 15.0
1.39502263 -0.36168584 0.42998406 15.0
-0.81813890 1.13728034 1.38432145 15.0
-0.05251206 -1.37646663 0.55053627 15.0
-0.92454863 -1.04402304 -1.47600389 15.0
-0.54646194 1.17426956 1.45145321 15.0
-0.84544909 -0.36642560 1.20386243 15.0
1.21696234 0.05426218 0.71763742 15.0
-0.82686627 0.42753240 -1.35938132 15.0
0.92834872 1.19359815 1.51513231 15.0
-0.07593695 1.21187460 -0.09482095 15.0
1.05988777 1.00433493 1.39559400 15.0
-0.48775643 -0.90124273 0.72722405 15.0
1.37878132 -0.05751541 -1.14875460 15.0
1.47152865 -0.96031106 -0.11279589 15.0
1.23225212 1.14983237 0.75981218 15.0
1.16937363 1.11610937 -1.05142069 15.0
-1.24646974 -1.48726773 -0.12317635 15.0
-0.43378249 0.47654873 0.19247371 15.0
-0.41958746 1.20896649 -0.66795778 15.0
-0.77223670 1.03818762 0.84898007 15.0
1.34225214 1.01170957 0.62819606 15.0
0.01430826 -1.29644060 0.62850225 15.0
0.28576747 -0.63285846 -1.35060525 15.0
-1.38573515 -0.27204069 0.34261462 15.0
-0.59724706 -0.22134790 -1.33703697 15.0
0.12816496 1.16641355 1.44760907 15.0
-0.54273522 -0.56149322 0.85268533 15.0
1.08294261 0.49305373 -1.67136621 15.0
-0.42996067 1.04252684 -1.31584799 15.0
1.31151378 0.38677269 -1.42637908 15.0
0.87278622 1.12001550 1.35431635 15.0
-1.25540400 1.15601254 0.38842502 15.0
-1.18279099 -1.44709337 0.25792405 15.0
1.43650055 -0.74847746 0.12468456 15.0
0.75512373 1.11935174 1.17586541 15.0
0.14520819 -0.98694688 -1.36326289 15.0
-1.07597589 1.01628792 0.83489144 15.0
0.12328555 -0.90219557 0.79422855 15.0
1.35741162 -0.67472798 -1.15107620 15.0
1.19237506 -1.26661944 -1.52995348 15.0
-1.23481619 0.72431493 -1.56297708 15.0
-0.77549529 1.09631240 1.50449836 15.0
-0.87465274 0.72413319 0.97524947 15.0
0.10515476 0.69213903 0.97663838 15.0
0.95491767 1.18414748 0.37614864 15.0
-0.94086653 1.18573177 0.26629436 15.0
-1.35648274 0.77531105 0.41542751 15.0
-1.09161973 1.11758101 0.87154067 15.0
-1.44712973 0.48165965 -0.22628638 15.0
1.44591844 -0.97285324 0.46863201 15.0
1.35747957 -1.43152964 0.09582350 15.0
-0.55321717 -0.86191767 -1.33999264 15.0
-0.86568052 0.97141075 0.85794085 15.0
-1.43852603 0.35866606 0.42230046 15.0
1.44930577 -1.12646663 0.22790988 15.0
-0.91952688 -0.22188205 -1.31125474 15.0
0.62486953 0.85267729 -1.32432747 15.0
1.22186649 1.02583587 0.80846304 15.0
1.08293474 0.50416404 0.67800206 15.0
-0.94110125 0.36412901 -1.33181036 15.0
0.24152714 -1.67486262 -1.14041781 15.0
-0.11350788 -1.22285533 -1.36906826 15.0
-0.07267408 -0.16414593 1.63964224 15.0
1.29203522 1.15196526 1.47559798 15.0
-0.22616757 -0.61435598 0.87005419 15.0
-0.91519797 0.62807912 -1.50178671 15.0
0.82968032 -1.25651920 -1.36436391 15.0
-1.14083624 1.17120540 0.37006015 15.0
1.16250551 0.49021101 -1.67510378 15.0
-1.22583401 -1.30699813 -1.37049222 15.0
-1.44287848 0.39795300 0.35804844 15.0
-0.77078617 0.35675290 0.18440138 15.0
0.89604765 1.18235445 0.59982461 15.0
-0.44140604 0.11451035 -1.34533334 15.0
0.84617448 0.77379364 0.93547058 15.0
0.06515893 -0.57043737 0.91109848 15.0
0.04640172 -1.68837523 -0.43119785 15.0
-0.74538761 1.20173156 0.04976793 15.0
1.36759090 -0.28922340 0.58921129 15.0
-1.42520726 -1.09253812 -0.27727643 15.0
-0.59044629 -0.50274289 -1.33628166 15.0
0.35403603 1.00614631 1.38573420 15.0
1.41429567 -0.42415676 0.22696105 15.0
-1.21509469 1.04808378 0.81153494 15.0
0.59844142 -1.00216079 0.64645988 15.0
-1.16986060 1.09467304 1.48978841 15.0
1.44463575 -1.16011488 -0.12181675 15.0
-1.38734508 -0.75127572 -0.88052696 15.0
-1.37070274 -0.93247586 -1.29130566 15.0
0.39638686 -1.08291662 -1.37041223 15.0
0.05960698 -1.68100190 -1.16519356 15.0
0.70690560 1.19742918 1.51803386 15.0
1.11773598 1.08522046 0.84131908 15.0
-1.36777532 -1.39381027 -0.04048895 15.0
-0.66485584 -1.65540516 -0.46451372 15.0
0.61516750 0.69157034 0.96580774 15.0
0.67868125 -1.65446603 -1.00176978 15.0
-0.60021746 -1.65759337 -0.40695092 15.0
-1.43087065 -0.99033546 -0.62409037 15.0
-1.39057243 -1.31117952 -0.01570012 15.0
0.22274949 1.05417633 0.85507292 15.0
0.07119803 -1.67665541 -0.33361176 15.0
1.45765471 -0.84622067 -0.10737640 15.0
0.48085558 -1.67505050 -0.73222935 15.0
0.76445335 1.11791718 1.04949856 15.0
0.99551868 1.17429376 0.71052670 15.0
0.84563702 -1.62716579 -0.45069745 15.0
0.97039652 -0.96467602 -1.39824569 15.0
1.24156392 -0.84894252 -1.29353678 15.0
-0.72965556 -0.19289994 0.93816388 15.0
1.41547751 -0.28793952 -0.60297602 15.0
0.10602431 -1.47020698 -1.33001566 15.0
-0.01430467 -0.68927801 0.85216194 15.0
-0.08933008 -1.00052917 0.76949358 15.0
1.29057336 1.03900445 1.35114229 15.0
0.70934182 -1.21960294 0.52999508 15.0
1.40585291 0.20928256 -1.15455091 15.0
-1.12865531 1.17036068 0.47980645 15.0
0.39838499 -1.04737043 -1.36737752 15.0
1.08749521 0.03237711 -1.30138350 15.0
-1.01507056 -1.45225251 -1.27386701 15.0
-0.59284854 0.60702026 0.46815491 15.0
-1.43840694 0.32120731 -0.86287713 15.0
0.21809974 -1.58313251 0.05635956 15.0
1.44004297 0.68199301 0.20267014 15.0
-1.44243348 -0.92180079 0.01514581 15.0
0.83559704 -1.08234179 -1.38548124 15.0
1.15164769 0.27409348 0.78567988 15.0
1.02243102 -0.15973526 1.41308200 15.0
-0.66448945 -1.65053105 -0.39661509 15.0
-1.38106799 -0.42149845 -0.60644740 15.0
-1.30452979 1.11627018 1.47904348 15.0
1.31847107 1.13922167 0.43063894 15.0
0.78588516 0.97703135 0.86085582 15.0
-0.71795577 -0.16487242 1.61401474 15.0
0.37130392 0.90228277 0.88603365 15.0
-0.79445040 1.15286911 1.41954982 15.0
-1.17527080 -1.17931116 0.64202499 15.0
-0.78036642 1.01110435 1.31075847 15.0
-1.43326032 0.56553966 -0.40581173 15.0
-0.18369085 -1.68230355 -0.42175695 15.0
1.18911147 1.09720576 0.84809285 15.0
-0.80304217 -0.76153332 -1.32066715 15.0
-1.37500989 -0.62151444 0.28463066 15.0
-1.05410028 -0.05459787 -1.30136955 15.0
1.43788528 0.72001463 -0.22610755 15.0
-1.36346531 0.40457121 -1.43816817 15.0
1.27498841 -0.62353510 -1.26473713 15.0
1.13859737 0.73014110 -1.59203684 15.0
1.46202016 0.48167795 0.34497216 15.0
-1.42756104 0.20644508 0.37798607 15.0
0.13726687 0.95968997 0.89146489 15.0
0.14224786 -1.15321004 -1.37429368 15.0
1.38041019 0.44113699 -1.50666964 15.0
1.05468500 -1.11482370 0.64305669 15.0
1.42232502 -0.18650241 0.29386470 15.0
-0.31137097 0.84455746 0.91205060 15.0
-0.92614865 1.14993227 0.90933108 15.0
-1.42594647 -1.09253812 -0.11341015 15.0
-1.04865742 0.27950493 0.66156036 15.0
1.45922315 -1.05819201 0.13210231 15.0
-1.41666102 0.16661334 -0.88636678 15.0
1.14629257 0.83192700 -1.31071281 15.0
-0.17308722 -1.10245275 0.72744018 15.0
0.84368443 -0.92966342 -1.33758247 15.0
-1.34710753 -0.96281910 -1.45206654 15.0
0.62760979 0.47595432 0.18803817 15.0
-1.13180137 1.18876553 1.51624870 15.0
-0.98011881 -1.31164372 0.52586615 15.0
0.91654807 1.18101251 -0.78868198 15.0
0.49496931 1.06390285 1.46707094 15.0
-0.66213846 -1.65835738 -0.62098706 15.0
-0.81099337 -1.61216533 -1.17650235 15.0
-0.91373378 0.66764194 -1.48308182 15.0
-1.41666102 0.16661334 -0.88636678 15.0
0.20986864 -1.68755543 -0.49155274 15.0
-1.38335264 0.86603284 0.18276374 15.0
-0.58140159 1.19321609 0.71454477 15.0
0.43997887 -0.78310466 0.79064232 15.0
1.26219189 0.90122122 0.65081596 15.0
-0.09152782 1.09752345 1.35882044 15.0
0.02957848 -1.68086708 -1.17024469 15.0
-0.25870264 0.28998727 0.18934645 15.0
-1.43580329 0.56554288 -0.05214510 15.0
-0.80944031 -1.62789094 -0.77685696 15.0
0.74721235 -1.51779628 -1.29169369 15.0
0.49111682 -1.65683997 -0.33542776 15.0
-0.11659168 -0.98694688 -1.36326289 15.0
-0.43447080 -0.68673515 -1.34249079 15.0
0.70636892 1.19465971 1.57956386 15.0
-1.35540831 0.94586170 0.35627142 15.0
0.13362503 1.17939031 1.46858716 15.0
-1.09994841 -1.22208989 0.62146252 15.0
1.47089672 -0.96031106 0.24773446 15.0
0.49424618 -1.42900705 -1.31919622 15.0
-1.12191772 -0.35330439 -1.29461884 15.0
0.01430826 -0.86411101 0.80817562 15.0
-1.26238453 -1.10816896 0.62599486 15.0
0.93741077 0.84786600 -1.31792915 15.0
-0.75494295 0.20636764 0.16949807 15.0
-1.27653658 1.17579532 1.52057457 15.0
0.45322067 1.11493063 0.94903946 15.0
0.80087912 1.19779432 1.53900194 15.0
-1.25217187 1.16243923 1.55056691 15.0
1.06761777 -1.55814385 -0.99085855 15.0
-0.07734265 -1.13638067 0.71945834 15.0
1.06170046 0.88691604 -1.28515995 15.0
-1.17509115 1.16691315 0.47386685 15.0
-0.90464389 0.99832189 1.31552231 15.0
-0.54650515 -1.07058299 0.62545097 15.0
0.14247645 0.78274274 -1.35334456 15.0
0.13857049 1.19798613 1.59803760 15.0
-0.61656898 -1.34580350 0.43890569 15.0
1.03193426 0.42133868 -1.49225128 15.0
1.29963636 1.14254379 0.54448932 15.0
-1.04049969 0.19862799 0.65622103 15.0
-0.86744028 -1.50892282 0.20400578 15.0
-1.38106799 -0.42149845 -0.60644740 15.0
0.61955082 -0.63259619 -1.33498776 15.0
0.98663628 1.10104322 1.36865759 15.0
1.15727186 1.17036068 0.47980645 15.0
1.20086849 -1.36542809 -1.27005243 15.0
-1.03704250 1.15849078 0.88136268 15.0
-0.98508543 -1.00656605 -1.55671144 15.0
-1.23403168 0.37244543 -1.36803472 15.0
1.06106782 -0.62724292 -1.29935646 15.0
0.57507843 1.17426956 1.45145321 15.0
1.19156396 1.00087309 0.80748516 15.0
-1.43929553 -0.99033815 -0.11322672 15.0
1.41638923 -0.01836217 0.38120484 15.0
-1.02159500 0.96110803 -1.27517557 15.0
0.83054221 0.71017510 -1.36163616 15.0
-0.20394562 -0.86202228 0.79405361 15.0
-0.42724994 0.20868151 0.17912650 15.0
-0.32391143 1.03901625 1.32422709 15.0
0.35388538 1.02250040 1.32063758 15.0
1.26219189 0.90122122 0.65081596 15.0
-0.75850248 0.60397762 0.46443436 15.0
-0.66207820 0.30249563 -1.33525658 15.0
-1.35394156 -1.16011488 -1.38129747 15.0
1.36592698 -1.35404313 -0.55960768 15.0
-1.08254886 0.27766919 0.77605802 15.0
0.35140252 1.20010638 1.50536919 15.0
-1.21579814 -0.93929428 -1.40350401 15.0
-0.42328456 1.17178237 0.92626542 15.0
-1.43525851 -1.02370763 0.08649036 15.0
-1.39803660 -0.23531030 0.23080000 15.0
1.45641732 -0.84614617 0.21451151 15.0
1.24280977 1.16909361 0.16955355 15.0
1.24371147 1.04808378 0.81153494 15.0
-0.41528547 1.17334270 -0.95807308 15.0
-0.61455876 1.18485606 0.82083267 15.0
-0.82881480 -0.95358568 -1.34685695 15.0
-0.07582068 -1.69581902 -0.65916830 15.0
1.44204891 -1.00622058 0.46437305 15.0
-0.69589835 -1.18002963 0.55277985 15.0
1.43332219 -1.22955954 0.19228685 15.0
-0.46250236 1.14630270 1.21610367 15.0
1.40628505 -0.37730831 0.33189109 15.0
-1.17509115 1.16691315 0.47386685 15.0
0.78746241 -0.79273939 0.67083305 15.0
-1.28869438 -0.54709619 0.55683273 15.0
0.85358977 -0.96719182 -1.35476029 15.0
1.35563219 -1.43402326 -0.22898042 15.0
0.46308732 -0.68673515 -1.34249079 15.0
-1.39534044 -1.26627660 0.25779018 15.0
0.77848226 1.08389938 0.92829311 15.0
-0.47849032 0.97961080 -1.31849444 15.0
-0.10995253 1.20949066 1.57195711 15.0
-0.43250671 -0.22130002 -1.34533513 15.0
-1.15629792 -0.94108921 -1.41001987 15.0
1.38036001 1.04753470 0.18351249 15.0
-0.32539466 1.00374675 1.34047437 15.0
1.14233470 1.14475977 0.89649564 15.0
-0.77199894 -0.05229563 -1.32486117 15.0
0.95476526 1.14993227 0.90933108 15.0
-1.39974165 0.32350832 -1.13059270 15.0
0.35051179 -1.33622861 0.52322119 15.0
-1.29701924 1.16358268 1.53098178 15.0
-0.32278582 1.20010638 1.50536919 15.0
1.33368552 0.70652682 0.56256151 15.0
1.48193800 0.43893707 0.09082235 15.0
0.45054680 1.21593833 -0.36364660 15.0
-1.43852603 0.35866606 0.42230046 15.0
1.33503473 1.07602012 1.43177474 15.0
1.28803384 -0.27483782 0.87070727 15.0
-0.54761064 1.18199277 1.59257364 15.0
-1.11584628 -1.06751144 -1.71061456 15.0
1.45769453 0.60533231 -0.22620128 15.0
0.49111682 -1.65683997 -0.33542776 15.0
0.96154338 1.13685644 0.90221697 15.0
1.42081308 -0.67379504 -0.42544952 15.0
-0.30270329 -0.86107719 0.78725547 15.0
0.04569994 -1.69225860 -0.48025185 15.0
1.30105817 -0.05672152 -1.26625979 15.0
1.20388734 -1.17931116 0.64202499 15.0
0.41295081 -0.96604931 0.75183421 15.0
1.48109102 0.35871646 0.28546256 15.0
-1.39974165 0.32350832 -1.13059270 15.0
-0.10478135 -1.42863226 0.47877204 15.0
-1.00464404 1.18408644 0.17119016 15.0
0.10915350 0.17955968 -1.35835600 15.0
-0.90644205 1.03041184 0.83931267 15.0
0.14427190 0.50427604 -1.37462604 15.0
-1.41601932 -1.16011488 -0.12181675 15.0
-1.39057672 -1.31117952 0.07856339 15.0
-0.32291105 1.20906901 1.54907823 15.0
-1.27989030 -0.86879700 0.68978065 15.0
0.10320824 1.17304158 -0.96779692 15.0
1.15360463 1.08290184 0.83990937 15.0
-0.84993929 1.18858325 0.37575799 15.0
1.19205189 1.16164732 1.56483018 15.0
-0.99998778 -0.30953261 1.26540196 15.0
-0.25759047 -0.35511780 -1.35256243 15.0
1.46288764 -1.02370763 -0.27799335 15.0
-1.40772080 -0.74849284 -0.26448235 15.0
-1.10441029 1.18470490 -0.07849570 15.0
0.80543226 1.05519223 1.45949686 15.0
-1.31378078 -1.41656721 0.21741070 15.0
0.34742522 1.05797398 1.32890642 15.0
1.08781886 1.17439353 0.48661199 15.0
1.41261399 0.86603284 0.04664157 15.0
-0.92630118 1.18414748 0.37614864 15.0
-1.16390920 0.95313668 -1.26201093 15.0
-1.38332427 0.86603284 -0.22918616 15.0
0.28776449 0.56290787 0.26326603 15.0
1.45063519 0.32169273 0.49731380 15.0
0.27802703 1.17317402 -0.96351773 15.0
0.01430826 -0.61091006 0.89032030 15.0
0.96666527 1.17867267 0.59894627 15.0
0.38394922 -1.06880200 0.72169191 15.0
-0.25562331 1.11652827 1.34287012 15.0
-0.25070190 1.19516850 -0.81774348 15.0
0.18650171 1.16822755 0.92311299 15.0
0.71514452 1.04813850 1.31478179 15.0
1.23524594 1.08262932 -1.14839828 15.0
-1.39380121 0.80200189 -0.22667451 15.0
1.36604416 1.07949960 0.31695238 15.0
-0.45570800 0.27433097 -1.34432089 15.0
1.41530788 -0.49551487 0.08168321 15.0
0.27022514 -0.43134385 1.09471619 15.0
1.29203522 1.15196526 1.47559798 15.0
-1.11015892 0.65431035 -1.70557737 15.0
-0.88540959 1.06932223 -1.26321852 15.0
0.78711909 0.60397762 0.46443436 15.0
-1.36353886 0.86313790 -0.84467757 15.0
0.57260436 -1.66742921 -0.49452209 15.0
-1.26131177 1.05431843 1.43027961 15.0
1.18852949 -0.91760218 -1.34180617 15.0
0.40136874 -1.43271160 0.35761479 15.0
1.31350493 0.10534193 -1.26658940 15.0
-0.60552198 -1.11842227 -1.36218488 15.0
1.41586268 -1.26868260 -0.66934437 15.0
-0.60712183 -1.33441341 -1.33044624 15.0
1.39478183 -0.44076782 0.37391207 15.0
1.35857224 -1.22810197 0.48279044 15.0
-1.43073893 -1.05819201 0.00770114 15.0
0.01430826 -0.68905634 0.85450876 15.0
-1.36662626 -1.31038535 -0.89222997 15.0
0.13175172 -0.86178982 -1.35305440 15.0
-0.75464171 -0.57368559 -1.32349360 15.0
-1.22877264 1.17424703 -0.07634883 15.0
0.60801363 0.83808726 0.90241277 15.0
1.10250247 0.19687840 0.77066231 15.0
0.64685953 -0.98710120 -1.35011268 15.0
-0.04258152 -1.67665541 -0.33361176 15.0
0.69213700 -1.65786016 -0.54990232 15.0
1.44172871 -0.06276729 0.12442140 15.0
-0.36439621 1.20299196 0.26144958 15.0
0.85358977 -0.96719182 -1.35476029 15.0
-1.25783634 1.13301969 1.52023208 15.0
1.36016297 0.24341458 0.61037630 15.0
-0.97604668 -0.85592473 -1.31420350 15.0
-1.23506236 0.75866228 -1.48785961 15.0
1.43099284 0.75780445 0.12463740 15.0
-1.44523048 0.48165965 -0.40601888 15.0
0.70644760 1.18738580 1.58856559 15.0
1.45213103 0.64388096 0.06571278 15.0
-1.39568019 -1.14262664 0.42752269 15.0
1.28580976 1.14884520 1.53758359 15.0
1.35990798 -1.43402326 -0.08696479 15.0
-1.18005383 0.73604637 0.75900334 15.0
-0.12630941 -1.49485207 0.36230204 15.0
0.98578775 1.10742390 0.86433464 15.0
-1.18709338 -0.52194607 0.71740353 15.0
0.56722450 1.18887222 0.82219553 15.0
-0.76204294 1.16803181 0.89144349 15.0
1.48902965 0.35884172 -0.22635838 15.0
-1.42230964 -0.92230713 -0.85035473 15.0
1.40879714 -1.35404313 -0.14616895 15.0
-1.00148392 1.18201971 0.26636174 15.0
-1.30999148 0.75808454 -1.42669129 15.0
1.42238653 0.80200189 0.18317002 15.0
-0.68238896 1.03787684 1.44180465 15.0
1.45645761 0.52425122 0.33703774 15.0
1.47340930 0.25848028 -0.60221487 15.0
1.41196930 0.86603284 0.18276374 15.0
-1.40836966 -0.74849284 -0.10162160 15.0
-0.23934108 1.14720833 0.89106113 15.0
1.25145757 1.11880779 0.82194769 15.0
0.27682561 0.73404765 0.99362713 15.0
1.16250551 0.49021101 -1.67510378 15.0
0.13857049 1.19798613 1.59803760 15.0
1.39323127 -0.25998524 0.47149920 15.0
-1.44036889 0.48167703 0.27538440 15.0
-0.74965191 -1.57293522 -1.25940800 15.0
-1.26709294 1.15828335 0.18171209 15.0
-0.18561943 0.84586817 0.91855532 15.0
1.07461858 1.17711520 1.48047137 15.0
-1.21617281 1.15816414 0.60478914 15.0
-1.23000658 -1.13112271 -1.70156515 15.0
0.71078330 1.05726397 1.46129811 15.0
0.77910340 0.68823272 0.96252710 15.0
-0.89463168 1.02970910 -1.28230798 15.0
1.33264875 -1.22975397 -1.50378573 15.0
0.94637883 0.96741438 -1.28490591 15.0
-1.34311438 1.04386806 0.36140004 15.0
-0.71087307 -0.36670074 1.21411765 15.0
-1.18424284 0.32524702 -1.29589951 15.0
0.32734323 -1.50813901 0.22339223 15.0
0.01430826 -0.96604931 0.78539288 15.0
-1.41556287 0.56556958 0.37598395 15.0
-0.55303359 1.15552258 1.33126199 15.0
0.13448615 1.05944824 1.33530736 15.0
-1.38686097 -0.28793952 -0.60297602 15.0
-0.61134684 -1.04746389 -1.35996616 15.0
-1.35179365 0.44113699 -1.50666964 15.0
-1.12769246 1.16664743 0.69265205 15.0
0.86033136 0.40285838 -1.34925246 15.0
-1.35221255 -0.37765509 0.49586198 15.0
0.02477048 -1.69618487 -0.59683466 15.0
-0.10313521 -0.86178982 -1.35305440 15.0
0.79235411 -0.68486094 -1.32204580 15.0
0.06525008 -1.69494045 -0.52115268 15.0
-1.04192817 1.14778090 1.56038463 15.0
-1.19023097 1.10915077 0.85030025 15.0
1.15360463 1.08290184 0.83990937 15.0
0.39579132 -1.33428597 -1.33771324 15.0
-1.33508313 1.09542012 0.20401828 15.0
-0.45760179 -1.66692531 -0.41079459 15.0
0.86789775 -1.31173491 0.48547438 15.0
1.36755621 1.00303710 -0.86953837 15.0
1.43234527 0.52675056 0.44915733 15.0
-1.04336894 -0.22218297 -1.30136609 15.0
0.01430826 -1.10245275 0.74144524 15.0
0.84984601 1.08379793 1.31895530 15.0
-0.55471277 1.08129334 0.97289777 15.0
-1.13467741 1.00660682 1.39143205 15.0
1.12023628 1.11758101 0.87154067 15.0
0.63744795 1.07830501 1.23733413 15.0
0.67757231 1.08351600 1.05094755 15.0
-0.58634329 -1.66171706 -1.00791109 15.0
-1.42594647 -1.09253812 -0.11341015 15.0
1.08321881 0.81182855 0.84866601 15.0
0.42992085 -0.36613128 1.22766328 15.0
-1.17508960 -1.06526542 -1.70154178 15.0
0.58037567 1.06914449 1.29498184 15.0
-1.36407113 -0.88068455 0.59481466 15.0
-0.25914797 0.56290787 0.26326603 15.0
0.95316523 -1.04402304 -1.47600389 15.0
0.33998758 0.84455746 0.91205060 15.0
0.36940879 1.19415438 0.82697040 15.0
0.07155996 -1.60117292 0.11274798 15.0
-0.90633440 0.55492520 0.31055772 15.0
-0.54757750 1.19918787 1.58361006 15.0
-0.68880272 0.97971654 0.86263686 15.0
0.11099900 1.11675739 1.37682557 15.0
-1.20106459 0.19659975 0.71683478 15.0
-1.03900099 -1.55814385 -0.99085855 15.0
0.49922699 -1.51184428 0.19625123 15.0
-0.75606608 -0.63126260 -1.32282162 15.0
0.94747359 -0.97649080 0.64780819 15.0
1.21730113 -1.04116786 0.70171130 15.0
-0.75544488 -0.50186807 -1.32410717 15.0
0.10545370 -1.69457471 -0.54129934 15.0
0.48432460 0.27433097 -1.34432089 15.0
-1.38928187 0.80354440 0.24784559 15.0
-1.09691024 0.70632946 0.89706635 15.0
0.94335109 0.77845305 -1.40687585 15.0
-0.25347760 1.21465659 -0.21534535 15.0
-0.54794478 1.15633619 1.57275176 15.0
-1.09172487 0.46033862 0.78711116 15.0
-1.39058280 -1.31117952 0.03657084 15.0
0.97219419 0.17535645 -1.31116962 15.0
-0.07505018 -0.15949209 0.41811994 15.0
0.87622881 -0.20346858 1.58384311 15.0
-1.17275906 0.37404260 -1.37423313 15.0
-0.40130433 -0.36613128 1.22766328 15.0
0.80495274 1.07579124 1.48096681 15.0
0.20243835 -1.64474392 -1.24341786 15.0
-0.95023441 -0.50903553 0.86950493 15.0
-0.59357262 -1.66519713 -0.82107264 15.0
1.31215954 -0.90752023 0.68555325 15.0
1.32856011 1.15314543 -0.46874410 15.0
-0.29476863 1.13168228 0.87296081 15.0
1.43578017 -1.19403780 -0.46466428 15.0
0.77501535 -0.97234535 0.63123733 15.0
1.03334355 1.06249022 -1.25361812 15.0
-1.07115817 1.13715708 1.43230402 15.0
0.95819134 1.07467818 0.84234202 15.0
1.24024475 1.16655111 0.26470700 15.0
1.46573579 0.20855865 -0.60258150 15.0
-1.41595519 -1.16011488 0.12173449 15.0
-1.42316198 0.02759914 0.01749948 15.0
-0.99626178 0.96027416 0.84913230 15.0
0.64101559 -0.93021172 -1.34198439 15.0
1.05490983 1.18219280 1.58018160 15.0
0.10109304 -1.69444847 -0.94705945 15.0
1.34473193 -1.31349254 0.42178839 15.0
-1.39920330 0.68315524 0.32481286 15.0
-1.43326032 0.56553966 -0.40581173 15.0
-1.39810193 -1.26877391 -0.06561370 15.0
-1.16343534 1.16164732 1.56483018 15.0
0.47495973 1.13303375 1.07155108 15.0
1.34915423 1.11217237 0.37510756 15.0
-0.59899318 0.47595432 0.18803817 15.0
-1.34091377 -1.39381027 -0.31396198 15.0
-1.18147933 -0.35303998 -1.28782022 15.0
-0.43677855 0.84250605 0.90641910 15.0
-1.44414032 0.31951860 0.36416879 15.0
-1.03060341 0.99576157 1.37413883 15.0
0.94749475 -1.07941914 -1.49487090 15.0
-0.14186727 -1.25355744 0.64472985 15.0
-0.81702042 -1.62716579 -0.45069745 15.0
0.10717844 -0.68664420 -1.35557437 15.0
1.46702349 0.32120731 -0.86287713 15.0
0.04292119 -0.68927801 0.85216194 15.0
-0.55043930 1.05258965 1.31590879 15.0
-0.03422911 -1.69673288 -0.86184776 15.0
-0.60984355 0.54831696 -1.36539078 15.0
0.45615453 -0.50294411 -1.34457576 15.0
0.81406838 1.16704965 1.45266092 15.0
0.13339788 -1.42863226 0.47877204 15.0
-1.39106727 0.60789728 0.42664033 15.0
-1.38800895 -0.62157702 0.04794255 15.0
-0.59740698 0.51813924 0.19337405 15.0
-0.92467010 -0.14325377 -1.31125474 15.0
-0.85264075 -0.43682629 1.03104270 15.0
-0.92526704 -0.91217774 0.66384244 15.0
0.60532504 -0.15974765 0.40267867 15.0
-0.11395916 -1.11824036 -1.37544060 15.0
0.14212440 -1.22285533 -1.36906826 15.0
0.13726687 0.95968997 0.89146489 15.0
0.83356917 1.06105328 0.85835207 15.0
-0.98011881 -1.31164372 0.52586615 15.0
-1.38965654 -0.10168944 0.31764281 15.0
0.28576747 -0.63285846 -1.35060525 15.0
-1.15792024 -1.49218607 -1.23723292 15.0
0.57235503 -0.60542756 0.81995016 15.0
-1.23403168 0.37244543 -1.36803472 15.0
-1.33567274 -1.18883526 0.50517219 15.0
-1.17412531 0.80681860 -1.36021805 15.0
-1.37070274 -0.93247586 -1.29130566 15.0
-1.26923370 -1.43562329 -1.15458035 15.0
1.46706665 -0.99033815 -0.27809602 15.0
-1.11323357 -1.36852753 -1.27655375 15.0
-0.56980461 -1.65400732 -1.11390340 15.0
0.61955082 -0.63259619 -1.33498776 15.0
-1.43014932 -1.05819201 0.23826104 15.0
-0.21357167 1.07636416 0.84872168 15.0
1.22269464 0.48815000 -1.66622519 15.0
-1.39920330 0.68315524 0.32481286 15.0
1.41003823 0.86603284 -0.40555117 15.0
-1.06011796 0.42295501 0.67163956 15.0
-0.18491784 -1.03487313 0.75267267 15.0
1.10972691 0.24121584 -1.30088222 15.0
1.43611169 -1.19153965 0.29879162 15.0
-0.00207680 -1.37646663 0.55590904 15.0
1.06586540 1.14717376 0.90393168 15.0
-1.41778326 -1.12646663 -0.45281905 15.0
1.20867038 0.73604637 0.75900334 15.0
1.06104565 0.65777886 -1.70049655 15.0
1.02878535 1.12469578 -1.06325257 15.0
0.61948484 -1.46947598 -1.30899858 15.0
0.45160484 0.02883882 0.19422872 15.0
-0.46225348 1.20501614 0.16388503 15.0
0.35043624 1.07787991 0.85236102 15.0
0.51881057 -1.58533525 -0.00393284 15.0
-0.43378249 0.47654873 0.19247371 15.0
0.22646911 -0.93250036 0.78027719 15.0
1.07054472 1.14778090 1.56038463 15.0
1.06047308 0.69648296 -1.65212822 15.0
-0.43447080 -0.68673515 -1.34249079 15.0
0.22646911 -0.93250036 0.78027719 15.0
1.06106782 -0.62724292 -1.29935646 15.0
0.30284154 0.27426851 -1.35165584 15.0
0.58828747 1.15143836 1.23577034 15.0
-0.89712048 1.19769037 -0.08153236 15.0
-0.30978495 -0.78408241 0.80339777 15.0
1.43562114 0.72001463 0.19514886 15.0
0.39483070 -1.03487313 0.73311913 15.0
-1.22973311 1.08521760 0.82100213 15.0
0.77423131 -0.56623203 0.78297138 15.0
1.45755410 0.48165965 -0.81641924 15.0
-1.07115817 1.13715708 1.43230402 15.0
0.26904228 -0.25537398 1.50029302 15.0
0.94689524 0.82530642 -1.34138191 15.0
-0.42298833 0.02883882 0.19422872 15.0
-1.19417536 1.11322963 -1.03668892 15.0
0.80543226 1.05519223 1.45949686 15.0
1.06419098 -0.31265819 1.22429729 15.0
-0.26143849 0.43591550 0.19755846 15.0
0.96631533 0.45926234 -1.44995105 15.0
-0.07712356 -1.69273853 -0.49839669 15.0
-1.30506921 0.70652682 0.56256151 15.0
-0.31137097 0.84455746 0.91205060 15.0
0.80110675 1.16350150 1.57957101 15.0
1.43917894 -1.19403780 0.15312982 15.0
0.56260771 1.07135034 0.90170848 15.0
0.87326068 1.15274358 0.91691560 15.0
-1.33132863 -1.43402326 -0.04672725 15.0
-0.91487449 -1.01147711 0.63824922 15.0
-1.37998211 -1.35154748 0.18843316 15.0
-0.24612018 1.20665848 0.09420014 15.0
-1.42267072 0.39839494 -1.08665955 15.0
1.40879714 -1.35404313 -0.14616895 15.0
-0.94289637 1.13713562 1.41607189 15.0
-0.28821057 0.97946501 -1.32570291 15.0
-1.12008095 -0.62582934 -1.29272795 15.0
0.62094480 -0.90345562 0.67131895 15.0
1.18695152 1.17650425 1.48801923 15.0
0.45190108 1.17178237 0.92626542 15.0
1.17808998 1.16409802 -0.77575874 15.0
1.43853509 0.72001463 0.05442394 15.0
0.01430826 -1.06880200 0.75525051 15.0
-0.94931406 1.05224586 0.83471304 15.0
-0.53981650 1.20232069 0.26130527 15.0
1.14093173 0.61531895 -1.73655295 15.0
0.81864893 1.04584360 1.31842446 15.0
-0.10981706 1.04076183 1.32676327 15.0
-0.74538761 1.20173156 0.04976793 15.0
-1.32228649 0.20125280 0.60815370 15.0
0.46112332 -0.22130002 -1.34533513 15.0
1.10808194 0.58862829 0.86116350 15.0
1.08454347 -1.56097698 -0.39412129 15.0
0.44194496 0.73403794 0.98950535 15.0
-0.59862137 -0.86403215 0.67852426 15.0
0.13513660 -0.61493933 0.87862235 15.0
0.02482431 -1.69545889 -0.55165422 15.0
-1.30276203 1.14992917 1.51759982 15.0
0.75767905 1.01203811 0.85221684 15.0
1.41326535 0.64704174 0.41209927 15.0
-1.43921649 -0.92180079 -0.44900477 15.0
1.43098187 -0.22306684 0.09449083 15.0
1.33859611 0.72127664 -1.49421906 15.0
-0.32391036 1.12718272 1.53810418 15.0
1.05783951 -1.27289498 -1.53801942 15.0
0.42392445 -1.17191029 0.63483036 15.0
-0.10994643 1.21044981 1.55031312 15.0
0.60761517 -0.96760547 0.65574455 15.0
0.76427877 1.07672572 -1.27648294 15.0
-0.60530829 0.63193178 -1.35811126 15.0
0.34594533 1.18607509 0.89749241 15.0
-0.57018483 -0.19166695 0.94422084 15.0
-1.09994841 -1.22208989 0.62146252 15.0
1.42672539 0.68199104 -0.81319338 15.0
0.78908622 0.28762549 0.17469379 15.0
1.29756641 -0.96812183 -1.51675045 15.0
-1.16143334 0.17150840 -1.29464328 15.0
-1.27653658 1.17579532 1.52057457 15.0
-1.10294962 1.18712139 -0.49382809 15.0
-1.28714657 1.02833951 0.71584964 15.0
-1.43908083 0.16641334 -0.05207235 15.0
-0.84464413 1.15274358 0.91691560 15.0
0.11628789 0.97935045 -1.33136845 15.0
1.28106964 -0.28804767 -1.26671243 15.0
1.25145757 1.11880779 0.82194769 15.0
-0.11429022 -1.33418584 -1.34342456 15.0
-1.09457660 0.29458582 -1.29962003 15.0
0.14071546 1.03211391 0.86806095 15.0
-0.91986352 1.16602159 1.45850098 15.0
1.15761137 1.18632030 1.56641221 15.0
-0.83545864 0.82659423 0.89026701 15.0
1.45074010 0.60533231 -0.58687145 15.0
0.64332896 1.05033028 1.31387544 15.0
-1.40851426 0.10342555 -0.88189799 15.0
0.45038161 1.20967007 -0.00928925 15.0
0.94499379 0.80606878 -1.37258244 15.0
-1.38770497 -1.09253812 -1.10771811 15.0
-0.32490730 1.08673799 1.49052131 15.0
0.62760979 0.47595432 0.18803817 15.0
1.14539194 0.57506448 -1.74356389 15.0
-0.72754163 1.10182154 1.15434194 15.0
-1.17428207 1.16577709 1.47490597 15.0
-0.39025769 1.02874744 0.85897481 15.0
-0.42707697 -0.57507485 -1.34395528 15.0
1.46280086 0.52422470 -0.58743417 15.0
-1.05003154 1.18125451 0.17106505 15.0
0.91402620 1.06932223 -1.26321852 15.0
-1.13632309 -0.75421810 -1.29061210 15.0
0.04534412 -1.69632125 -0.59396982 15.0
1.18695152 1.17650425 1.48801923 15.0
0.80565590 0.99282366 1.33100283 15.0
-0.68286967 1.00154066 1.31779993 15.0
0.94749475 -1.07941914 -1.49487090 15.0
-0.54757750 1.19918787 1.58361006 15.0
-0.88654792 1.11029041 0.88225555 15.0
-0.98724008 -0.43423915 1.00462949 15.0
0.94301754 -1.11467326 -1.50380492 15.0
-0.91041601 -1.04632556 0.62844378 15.0
1.17778575 -0.95440274 -1.48070502 15.0
0.68342108 -1.65701544 -0.90018755 15.0
0.99426341 0.73901016 -1.54111218 15.0
1.27041590 -1.06248343 -1.67874718 15.0
-1.14021301 0.34153929 0.79566222 15.0
0.47263092 0.17965133 -1.34524834 15.0
0.94274944 0.42917019 0.24771571 15.0
-0.55157870 0.99784750 1.35783708 15.0
-0.23877226 -1.37646663 0.52363867 15.0
-1.20423770 -0.05599450 -1.28793156 15.0
-1.39816833 -1.26877391 0.01981282 15.0
0.14257568 -1.11824036 -1.37544060 15.0
0.39751554 0.36675689 -1.34923851 15.0
0.53209043 1.19978070 0.48879695 15.0
1.25757825 -1.23275471 -1.57462931 15.0
-1.41585100 -1.16011488 0.16308124 15.0
0.57642514 1.16340697 1.40547895 15.0
-1.05491233 -1.55697131 -0.14676611 15.0
0.27763757 1.11458027 -1.23192835 15.0
-1.28289723 0.38677269 -1.42637908 15.0
-1.03724885 1.14717376 0.90393168 15.0
0.27131099 -1.52315819 -1.31896377 15.0
-1.46067142 0.35878843 0.09129766 15.0
-0.46637496 1.02026343 1.31869793 15.0
-1.43073893 -1.05819201 0.00770114 15.0
-1.36553526 -0.39778766 0.40380096 15.0
0.14742693 0.38587931 -1.35590327 15.0
-0.11084756 1.04803872 1.45062482 15.0
-1.45342398 0.43893433 -0.05072065 15.0
-0.62599027 0.40339339 -1.34563935 15.0
-1.42893732 0.48165965 -0.81641924 15.0
-1.14760065 1.05395162 -1.24042904 15.0
0.57878751 0.94370753 0.87368739 15.0
1.43332219 -1.22955954 0.19228685 15.0
1.45843172 -1.05819201 -0.27767187 15.0
0.63195789 -1.22305930 -1.35586774 15.0
0.83054221 0.71017510 -1.36163616 15.0
-0.25666082 0.65125096 0.78408641 15.0
0.95328671 -0.14325377 -1.31125474 15.0
-1.17225182 -1.36542809 -1.27005243 15.0
0.02390613 -1.69278872 -1.06425190 15.0
-0.24160860 -0.43134385 1.09471619 15.0
1.46288764 -1.02370763 -0.27799335 15.0
-0.18110445 -1.68856037 -0.51007730 15.0
1.46603882 -0.91926110 0.34818169 15.0
1.29767025 1.09886932 1.41354430 15.0
-1.32701564 -1.43402326 -0.22898042 15.0
-1.05761385 0.31896794 0.66726679 15.0
0.10443737 -1.69581902 -0.65916830 15.0
1.45074010 0.60533231 -0.58687145 15.0
1.06013930 -1.37277889 -1.28288198 15.0
-1.29600585 -0.91774261 -1.31195819 15.0
1.24010122 -1.48729968 -0.78309613 15.0
-0.77078617 0.35675290 0.18440138 15.0
1.44496214 0.36148131 -1.10299313 15.0
0.10649084 0.56283200 0.26679659 15.0
-0.25715086 -0.63285846 -1.35060525 15.0
1.16937363 1.11610937 -1.05142069 15.0
-0.00206513 -1.56682360 0.22392036 15.0
1.45196855 0.02786986 -0.11316364 15.0
1.11594415 1.14658201 -0.91905081 15.0
1.12856507 -1.22208989 0.62146252 15.0
-1.00757611 0.42564020 0.44809082 15.0
-1.16815114 -1.09991395 -1.72605002 15.0
-1.34995484 -1.37634659 0.26626164 15.0
1.45074010 0.60533231 -0.58687145 15.0
1.38993168 1.00361598 0.12565230 15.0
-1.22603011 0.78591353 -1.41583836 15.0
-0.11779229 -0.95400620 -1.35943985 15.0
-1.23481619 0.72431493 -1.56297708 15.0
-1.24562347 -1.35838985 -1.24574697 15.0
0.38932112 1.17347276 0.92165923 15.0
1.44537163 -0.05791520 0.00952951 15.0
-0.81099337 -1.61216533 -1.17650235 15.0
0.95626849 1.16180527 0.88555729 15.0
-0.96183676 -1.24743485 -1.55185091 15.0
1.48165596 0.25831148 -0.05021811 15.0
-1.03602099 0.79472613 -1.44065034 15.0
0.78711909 0.60397762 0.46443436 15.0
0.32246974 -0.93241626 0.77347910 15.0
-0.26076543 0.47646242 0.19721317 15.0
-1.06139433 -0.16589218 1.35429466 15.0
-1.31923568 -1.05944550 -1.59205616 15.0
1.45948708 -0.99033546 -0.62409037 15.0
1.43650055 -0.74847746 0.12468456 15.0
0.22311464 -0.96604931 0.77138770 15.0
-1.28941476 1.14652884 0.13280182 15.0
0.10545370 -1.69457471 -0.54129934 15.0
-0.27422494 0.27426851 -1.35165584 15.0
0.09957052 1.20046163 0.45414123 15.0
-0.89786732 0.64242494 0.78725278 15.0
1.45690238 -0.84622067 -0.27151999 15.0
-0.08872251 0.30283138 -1.35663831 15.0
0.60837942 1.19833899 0.48861799 15.0
-0.20382988 1.19863677 0.66562766 15.0
1.14653301 -1.04380739 0.70466983 15.0
1.41229904 -1.22946835 -0.86336374 15.0
-1.40740681 -0.95946842 -1.08837914 15.0
-1.42297149 0.52422470 -0.81579536 15.0
1.44973207 -1.12646663 0.00378973 15.0
-1.43123734 -1.02120936 0.34096077 15.0
-1.23448396 0.23796259 -1.28744924 15.0
-1.20592391 0.44695184 -1.59636569 15.0
0.01430826 -0.78830552 0.82481951 15.0
0.96517926 -0.98392248 -1.42399204 15.0
0.01430826 -1.33622861 0.59688687 15.0
1.43578017 -1.19403780 -0.46466428 15.0
1.45460141 -1.09253812 0.08148312 15.0
0.10960927 0.22279248 -1.35821712 15.0
-0.07772414 0.28993541 0.19336617 15.0
1.43099284 0.75780445 0.12463740 15.0
0.75767905 1.01203811 0.85221684 15.0
0.60837942 1.19833899 0.48861799 15.0
1.19463742 1.16940653 0.36779487 15.0
-0.11429022 -1.33418584 -1.34342456 15.0
1.00873542 -1.31164372 0.52586615 15.0
0.93679512 -0.57191509 -1.30990028 15.0
0.80110675 1.16350150 1.57957101 15.0
-1.36098981 1.00361598 0.19296643 15.0
0.43163779 1.14655149 0.92571706 15.0
0.78406137 -0.50186807 -1.32410717 15.0
-1.37054265 -0.62146235 0.33632961 15.0
-1.38464880 0.64704174 0.41209927 15.0
0.48215899 1.14619720 0.99480838 15.0
-0.92765194 1.16180527 0.88555729 15.0
0.40617988 -0.95407099 -1.35366750 15.0
0.48481509 -1.67193282 -0.47885603 15.0
0.57512170 -1.07058299 0.62545097 15.0
0.65587282 1.15307438 0.97667944 15.0
0.10649084 0.56283200 0.26679659 15.0
0.57987261 1.06161988 1.46508574 15.0
0.01430826 -1.37646663 0.55719721 15.0
-1.14660621 -0.19580872 1.15042639 15.0
1.03085375 0.50717074 0.45420310 15.0
-1.00421226 -0.94724947 -1.40069222 15.0
-0.92451453 1.04363227 1.32349479 15.0
1.28635037 0.85059541 0.58650523 15.0
1.37952220 -1.19403780 -1.36244845 15.0
1.04655826 1.18123102 0.26631489 15.0
-0.24372183 -0.16412961 1.63410711 15.0
0.43544343 -1.37892139 0.42640439 15.0
1.35547090 1.08255661 0.43773964 15.0
-1.18391550 1.12489629 0.86135536 15.0
-0.11485348 0.54814756 -1.37867463 15.0
1.38992715 -1.26824045 -1.10189366 15.0
1.27200603 -1.48738885 -0.29094380 15.0
-0.98346186 0.67817241 0.95545793 15.0
-0.54420513 -1.66643870 -0.47632891 15.0
-0.11396365 -1.31418860 -1.34944737 15.0
-1.03746653 -0.68026835 -1.29859066 15.0
1.46603882 -0.91926110 0.34818169 15.0
-1.15209591 -0.45091197 0.83123678 15.0
-0.64696139 -0.76332885 -1.33281958 15.0
0.38400531 1.20138860 0.37379691 15.0
1.39099848 0.87281579 0.33549398 15.0
-0.25998217 -0.22130699 -1.35267472 15.0
1.43444777 -0.74849284 -0.43043581 15.0
0.30893224 -1.42886841 -1.32640815 15.0
-1.10518980 -1.13657844 -1.73415375 15.0
-0.75978434 -0.28847456 -1.32483554 15.0
-0.31850520 -1.67860556 -1.02495563 15.0
-0.24042577 -0.25537398 1.50029302 15.0
0.05683612 0.96132851 0.89567834 15.0
0.65689653 0.27390084 -1.33602798 15.0
1.35994518 -1.43402326 -0.04672725 15.0
-0.27007908 1.02993321 0.86088467 15.0
1.33368552 0.70652682 0.56256151 15.0
0.68632531 -1.65808797 -0.81098896 15.0
-1.40026307 0.01264910 0.30450106 15.0
1.10716343 1.15726972 0.87829596 15.0
1.26264834 0.37244543 -1.36803472 15.0
1.06406868 -1.31824136 -1.38633561 15.0
0.63308662 1.07895565 0.97235447 15.0
0.95846558 0.50113726 -1.48029149 15.0
-0.42328456 1.17178237 0.92626542 15.0
-1.42550218 -1.09253812 0.23342071 15.0
-0.25668001 -1.64360034 -1.23563731 15.0
1.28932261 -0.99507540 -1.57944119 15.0
-0.84416974 1.12001550 1.35431635 15.0
-0.61108363 1.13829350 1.55340302 15.0
-1.30401123 -1.43402326 -0.35269457 15.0
1.13815486 0.69286734 -1.65596199 15.0
1.19847715 1.09467304 1.48978841 15.0
1.45456314 -1.09253812 -0.11341015 15.0
0.63111562 0.35892275 0.18898211 15.0
1.23678899 0.56692839 0.75492293 15.0
-1.42600715 -1.09253812 0.00651263 15.0
-1.43675900 0.25688428 0.37177858 15.0
1.41544950 -0.49551487 -0.07967320 15.0
-0.93804866 1.17867267 0.59894627 15.0
1.17733741 0.03127510 -1.29474485 15.0
1.44973207 -1.12646663 0.00378973 15.0
-0.98429537 -0.62128663 0.76778543 15.0
0.76064146 -1.04177892 0.61214244 15.0
-0.71463764 -1.38885868 -1.31359768 15.0
0.45680079 -0.42663971 -1.34500420 15.0
0.52138615 1.16902566 0.93307453 15.0
-1.26849782 1.07847059 1.39012992 15.0
-1.33956981 0.48280987 -1.56423879 15.0
0.78184706 -1.51396263 0.20587090 15.0
0.29701534 0.22283684 -1.35244918 15.0
0.14212063 -1.18789113 -1.37312818 15.0
0.70934182 -1.21960294 0.52999508 15.0
0.30893224 -1.42886841 -1.32640815 15.0
-0.97942889 0.02150538 0.44272861 15.0
-0.08572538 -1.67575324 -0.33890331 15.0
-1.27214742 -0.93801224 -1.39445603 15.0
-0.18088733 -1.68938506 -0.53418249 15.0
0.80061567 -0.05229563 -1.32486117 15.0
0.02482431 -1.69545889 -0.55165422 15.0
-1.22284102 1.11880779 0.82194769 15.0
1.44759357 0.20602839 0.44105643 15.0
-0.68206131 1.16931093 1.44944060 15.0
1.41119552 -1.35404313 0.04049847 15.0
-1.24608076 0.32366565 -1.28924239 15.0
-1.40926790 -1.04070365 0.45821434 15.0
0.28200468 1.20949709 -0.01009081 15.0
0.77122360 1.19657004 0.26316115 15.0
-0.58274430 1.21363592 -0.21099344 15.0
1.31358480 0.78813255 -1.36834002 15.0
-1.43527436 -1.02370763 0.00896077 15.0
1.45135796 0.20855865 -0.88674879 15.0
-0.78638798 -1.42390907 -1.29901707 15.0
1.31809855 -0.85064322 -1.26315069 15.0
1.43450999 -0.15615210 0.18371689 15.0
-0.41958746 1.20896649 -0.66795778 15.0
1.36630154 -0.99176735 -1.50895238 15.0
-0.45223898 -1.67505050 -0.73222935 15.0
0.98955947 -1.21349919 -1.59856951 15.0
-1.33731031 -1.35404313 -0.55960768 15.0
-1.05592692 -1.56097698 -0.39412129 15.0
1.42429662 -1.14262664 0.42752269 15.0
-1.11015892 0.65431035 -1.70557737 15.0
1.41864252 -1.19403780 -0.85653514 15.0
-1.39974165 0.32350832 -1.13059270 15.0
0.78559977 -0.69403630 0.70081657 15.0
-0.77551556 0.03551074 -1.32487524 15.0
-0.93223369 -0.20396206 1.55799580 15.0
1.19237506 -1.26661944 -1.52995348 15.0
-1.01794171 1.18616009 0.05545222 15.0
-0.11374097 0.67147177 -1.36012876 15.0
-1.44527686 0.20836668 -0.04951027 15.0
1.19960618 -0.61941028 0.72084159 15.0
0.50313127 1.09971786 1.04738402 15.0
0.40617988 -0.95407099 -1.35366750 15.0
-0.42469206 0.69233829 0.96948290 15.0
-1.36858463 -0.35220736 -0.88669562 15.0
0.69310594 -1.65053105 -0.39661509 15.0
-0.61371809 0.50443619 -1.36137736 15.0
-0.42176509 1.20808649 0.04515284 15.0
1.27478564 -1.48735452 -0.20892005 15.0
-1.34933293 1.00427115 0.37134522 15.0
1.40261829 0.72022092 -1.07876122 15.0
-1.37905836 -0.49551487 -0.60777372 15.0
-0.95281792 1.09169710 0.85031009 15.0
-1.24158847 1.14650774 0.65730113 15.0
0.44326767 1.11474204 -1.22517669 15.0
0.28526548 -0.57503712 -1.35128820 15.0
0.42926607 -0.25537071 1.49422228 15.0
1.45646966 0.10216152 0.17046164 15.0
1.22728872 -0.86902708 0.74212122 15.0
-1.42089605 0.64387631 -0.40559742 15.0
-1.30171585 1.03612936 1.39168644 15.0
0.94274944 0.42917019 0.24771571 15.0
1.02724326 1.04911649 0.83312660 15.0
-0.22839689 -1.64243543 -0.19382854 15.0
-1.42340529 0.64387757 -0.05697874 15.0
-1.19313228 -0.99776149 -1.60019171 15.0
-0.46665740 1.00396550 1.38384306 15.0
-1.28488827 0.10534193 -1.26658940 15.0
-0.60809189 -1.08301437 -1.36298609 15.0
-1.44287848 0.39795300 0.35804844 15.0
-1.37070274 -0.93247586 -1.29130566 15.0
1.04655826 1.18493092 0.10360558 15.0
0.63874364 1.18969381 1.59062815 15.0
-0.61108363 1.13829350 1.55340302 15.0
1.04905796 -1.55544078 -1.21877027 15.0
-1.28147149 1.02079129 1.35605073 15.0
-0.73409945 1.16713881 -0.94201350 15.0
-0.98724008 -0.43423915 1.00462949 15.0
0.49444807 1.03667247 1.32109070 15.0
1.44962740 -1.12646663 0.12620230 15.0
-1.04477382 1.09440792 1.49808967 15.0
0.03721673 -1.61985135 0.05642413 15.0
-0.46318349 1.19428957 1.59473467 15.0
0.94335109 0.77845305 -1.40687585 15.0
1.35857224 -1.22810197 0.48279044 15.0
0.89310759 -0.51107669 0.86716360 15.0
-0.99626178 0.96027416 0.84913230 15.0
0.77122360 1.19657004 0.26316115 15.0
0.45569348 -0.57507485 -1.34395528 15.0
-0.24214692 1.17516863 0.92295712 15.0
1.22968113 0.19659975 0.71683478 15.0
1.02966392 1.12102246 0.87660325 15.0
1.07231915 1.11413217 1.52183580 15.0
1.45935535 -1.05819201 0.00770114 15.0
0.95388365 -0.91217774 0.66384244 15.0
1.47005701 -0.92180079 -0.27689055 15.0
-0.97874004 0.76458281 0.90774733 15.0
1.31731081 -0.54709619 0.55683273 15.0
-1.34389925 -0.14582586 -1.15163958 15.0
1.46958709 0.23365676 -0.60252625 15.0
1.19740224 1.11439705 1.51353300 15.0
-0.81143546 -1.04682028 -1.37926185 15.0
0.67868125 -1.65446603 -1.00176978 15.0
1.21249378 -1.03047717 -1.65734375 15.0
0.89604765 1.18235445 0.59982461 15.0
-1.06224847 0.01799696 0.77373320 15.0
0.26871169 0.90495950 0.89178151 15.0
-0.68245625 0.99491811 1.33281875 15.0
1.06013930 -1.37277889 -1.28288198 15.0
0.64638072 -0.68797493 0.72616255 15.0
-1.34957838 0.30150566 0.61090171 15.0
-0.90202433 1.00354505 1.39793468 15.0
0.74721235 -1.51779628 -1.29169369 15.0
-0.80578685 0.59022164 -1.39019108 15.0
-0.61108363 1.13829350 1.55340302 15.0
0.70758218 1.13600504 1.55136991 15.0
0.63804412 0.11421002 -1.33703518 15.0
-1.30402374 -1.19550335 -1.55235672 15.0
-0.02922947 -1.65296173 -0.16036949 15.0
1.25733030 1.17030692 0.05568743 15.0
-0.45619857 -1.67193282 -0.47885603 15.0
-0.47394645 -0.96604931 0.71172744 15.0
1.24464130 0.10658425 -1.28792655 15.0
1.08587277 -1.56073689 -0.32778496 15.0
-0.29801911 -0.90131551 0.78008622 15.0
-0.15080930 -1.21113610 0.67215919 15.0
0.32734323 -1.50813901 0.22339223 15.0
-1.36764193 -1.22945285 -1.10285366 15.0
0.29701534 0.22283684 -1.35244918 15.0
1.46293521 0.56556261 0.18320900 15.0
1.21402621 0.29249713 -1.29299021 15.0
-1.13388896 0.49021101 -1.67510378 15.0
-1.22996628 0.94878501 -1.24048221 15.0
-0.62160987 -0.55901897 0.81252456 15.0
0.32310361 1.19822872 0.71908176 15.0
0.64324617 1.03223157 1.31666315 15.0
1.48799431 0.32010552 -0.22638218 15.0
-0.33982509 1.13163126 0.88099873 15.0
-1.26653290 -0.14531823 -1.26648843 15.0
-1.17905545 0.35522327 -1.31867504 15.0
-0.36620602 -1.31428683 -1.34371293 15.0
-1.32053769 1.11217237 0.37510756 15.0
-0.40305078 -0.20251417 1.60837913 15.0
1.39031136 0.64387631 -1.37773740 15.0
1.30602217 -0.97117656 0.67030984 15.0
-0.44140604 0.11451035 -1.34533334 15.0
0.13448615 1.05944824 1.33530736 15.0
0.04504805 -1.69684064 -0.66801214 15.0
0.94349098 -1.01147711 0.63824922 15.0
1.45120347 0.60535353 0.24304529 15.0
0.48256183 -1.67496955 -0.63653541 15.0
-0.80225676 0.67091429 -1.37039363 15.0
1.38623333 0.68199104 -1.35658538 15.0
0.61843169 -0.57481498 -1.33566403 15.0
1.27515161 -1.48719692 -0.07204912 15.0
1.20137560 0.37404260 -1.37423313 15.0
-1.36861372 -1.05819201 -1.38317430 15.0
1.39386964 -1.39131546 0.14645845 15.0
1.43425238 0.23268090 0.50891101 15.0
1.41618562 0.15422902 0.50522202 15.0
-1.38531065 -0.56548280 0.06136160 15.0
1.44965851 0.02796011 -0.41333786 15.0
1.46466470 0.20675436 0.29802531 15.0
-1.05460215 0.81182855 0.84866601 15.0
-0.11516462 -1.04729688 -1.37320232 15.0
1.47077298 -0.92179424 0.14852366 15.0
0.64161408 0.17929810 -1.33695066 15.0
-0.91331232 0.70676416 -1.46080101 15.0
1.13297355 1.18223810 0.00245036 15.0
1.46706665 -0.99033815 -0.27809602 15.0
-0.07095400 1.20046163 0.45414123 15.0
-0.43181282 1.13358104 1.19043195 15.0
-1.26491690 -0.47916922 0.62331855 15.0
0.13339788 -1.42863226 0.47877204 15.0
-1.29448926 -0.01477890 0.62650919 15.0
-0.80205095 -1.28753769 -1.35305476 15.0
1.25017154 0.43978292 0.71963239 15.0
-1.42651606 0.23365676 -0.88661265 15.0
1.14850843 -1.49620056 -1.25552833 15.0
-1.39467287 -0.22306684 -0.60112041 15.0
-1.21579814 -0.93929428 -1.40350401 15.0
0.20389485 1.19477093 0.82714713 15.0
0.35403603 1.01545858 1.40902174 15.0
0.39576361 0.82989126 -1.33488679 15.0
0.64101559 -0.93021172 -1.34198439 15.0
-0.07864644 0.43585142 0.20136961 15.0
0.20821029 -1.69062507 -0.65130156 15.0
0.55492127 -1.63083792 -1.21120501 15.0
0.92603862 1.20140779 -0.34755313 15.0
0.77021050 1.20260787 -0.65520769 15.0
-0.29829922 1.14707208 0.89127123 15.0
0.35163003 -1.68220472 -0.83662605 15.0
-1.01693702 0.37968126 -1.37212002 15.0
-0.85972130 1.00576067 0.84802634 15.0
0.01430826 -0.93268651 0.79428244 15.0
-0.54917175 1.12260258 1.53405774 15.0
0.11446016 -0.53575850 0.92808723 15.0
-0.91041601 -1.04632556 0.62844378 15.0
0.21880287 -1.00052917 0.76214933 15.0
1.44417942 0.56556958 0.37598395 15.0
-0.11658773 0.46222734 -1.36889994 15.0
-0.77185541 1.19252145 1.57765317 15.0
-0.46655369 1.04450226 1.44755542 15.0
-0.56982487 -1.00216079 0.64645988 15.0
-0.41122806 1.09873128 1.26147234 15.0
-0.58277088 1.21474326 -0.36033353 15.0
1.47057867 0.52423674 0.08831412 15.0
-1.36616516 -0.44076782 0.37391207 15.0
-1.21148443 -1.48729968 -0.78309613 15.0
-0.68356997 1.01343668 1.31277966 15.0
1.13987327 -1.11216128 0.67859316 15.0
-1.11767602 0.83192700 -1.31071281 15.0
-1.32991040 1.04608476 -0.86428320 15.0
-1.25217187 1.16243923 1.55056691 15.0
0.11236092 -1.06880200 0.74858958 15.0
-0.46437728 -1.00052917 0.70248908 15.0
-1.36796379 -0.56546640 0.30629149 15.0
-0.59093434 -0.63259619 -1.33498776 15.0
1.02971864 1.09421456 -1.18411732 15.0
-1.02304375 -1.41141772 -1.27586019 15.0
0.00384604 -1.69618487 -0.59683466 15.0
0.13859794 1.17620862 1.59091675 15.0
-1.33520520 -1.39242947 -0.93951225 15.0
-1.01903152 0.71527529 0.94003421 15.0
-0.98724008 -0.43423915 1.00462949 15.0
1.29264843 1.09073198 0.77136272 15.0
-1.30637908 0.94193810 -1.12188017 15.0
-0.30816230 1.16504526 1.43032598 15.0
0.98554099 1.11982560 1.39170337 15.0
-1.26195693 1.03900445 1.35114229 15.0
1.10702920 -1.30837178 0.56187123 15.0
1.07953846 1.02462697 1.31810760 15.0
1.48150408 0.43893343 -0.22631346 15.0
-0.59501219 -1.38639784 0.39841080 15.0
0.24152714 -1.67486262 -1.14041781 15.0
0.56260771 1.07135034 0.90170848 15.0
1.46883559 0.23202230 0.29690167 15.0
0.87855589 1.18858325 0.37575799 15.0
0.35402122 1.02955294 1.43004692 15.0
1.10360754 0.41784909 -1.52691615 15.0
-1.30161285 -1.39438665 -1.14703190 15.0
-1.30909860 0.26120809 -1.26570654 15.0
-1.19569993 1.18155384 1.56239092 15.0
1.07437038 0.59145826 0.78658217 15.0
0.72946167 1.08784544 1.03283143 15.0
0.49391082 1.10512340 1.51223278 15.0
0.57512170 -1.07058299 0.62545097 15.0
0.06515893 -0.57043737 0.91109848 15.0
-0.54650515 -1.07058299 0.62545097 15.0
0.45790970 0.60772038 0.47218266 15.0
0.79685050 0.43299541 0.18378949 15.0
0.69069469 0.30249563 -1.33525658 15.0
-0.20882109 -0.78539807 0.81019586 15.0
-0.93804866 1.17867267 0.59894627 15.0
-1.42258704 0.60535353 0.24304529 15.0
1.24228275 0.52370751 0.72979921 15.0
-0.10118078 -1.64457786 -1.25025904 15.0
-0.53364784 -1.10430765 0.61157656 15.0
0.91215128 1.15923285 -0.93108833 15.0
1.07198560 -0.22218297 -1.30136609 15.0
-0.55017084 0.94370753 0.87368739 15.0
-1.43069875 0.25657478 0.43622771 15.0
-0.60376906 -1.25733328 -1.34900653 15.0
1.24211788 -0.69430846 0.70300961 15.0
-0.84521782 1.07885778 0.86446851 15.0
1.48147154 0.25788367 0.09288904 15.0
-1.44816685 0.28525895 0.28707954 15.0
0.93223685 1.18751919 1.49486852 15.0
-1.21548700 1.13531649 0.80656445 15.0
-1.02230668 -0.43361953 0.98878533 15.0
-0.77663219 0.99530649 1.37633407 15.0
0.31955048 1.11502838 0.85846543 15.0
-0.96334440 -1.27817190 -1.49951911 15.0
-0.40373749 0.94970047 0.87657619 15.0
1.44548190 0.68199193 0.05771306 15.0
0.63566345 0.59090900 -1.36533237 15.0
0.88032651 0.88084781 0.86893600 15.0
-1.43029320 0.25858516 -0.88532376 15.0
-0.61009312 1.20219207 1.54293358 15.0
-0.95023441 -0.50903553 0.86950493 15.0
0.58015656 0.99930340 1.33662128 15.0
-1.17098963 -0.61941028 0.72084159 15.0
-1.14828181 1.16535258 0.68183482 15.0
0.87326068 1.15274358 0.91691560 15.0
1.01457000 1.14845133 0.90601087 15.0
-0.78339046 1.19460678 0.26417679 15.0
-1.43438900 0.28713170 -0.87876040 15.0
0.45650283 1.20038199 0.48931587 15.0
0.96100903 -1.50804520 0.17711277 15.0
-1.36861372 -1.05819201 -1.38317430 15.0
-0.75937611 -0.86929739 0.65436339 15.0
-1.22785890 1.18357682 1.54739273 15.0
-0.95515686 -0.19661641 1.02433646 15.0
1.43955743 0.60533231 -0.81453669 15.0
1.23285425 -0.05599450 -1.28793156 15.0
-0.51508152 1.09026921 1.15592241 15.0
-0.60334128 -1.22305930 -1.35586774 15.0
-0.97907001 0.81877375 0.87246543 15.0
-1.42784095 0.52425122 0.33703774 15.0
-1.16866219 0.72748399 -1.58352411 15.0
1.15291584 -0.97419482 0.72401106 15.0
1.44004297 0.68199301 0.20267014 15.0
-1.42660284 -1.02370763 -0.62449133 15.0
0.11733903 0.30283138 -1.35663831 15.0
-0.92630118 1.18414748 0.37614864 15.0
-1.03853452 0.57823080 -1.73799360 15.0
-1.03232443 0.73388189 -1.59008098 15.0
-1.36790276 0.94324148 0.25835431 15.0
1.31722116 0.88009989 0.54577166 15.0
-0.11659168 -0.98694688 -1.36326289 15.0
0.77848226 1.08389938 0.92829311 15.0
-0.54470849 -1.66148865 -0.40860835 15.0
-0.85170996 0.88084781 0.86893600 15.0
0.46565676 -0.05135607 -1.34533870 15.0
0.63744795 1.07830501 1.23733413 15.0
-0.79688030 1.11467314 0.94038826 15.0
-1.13600814 0.41614300 0.79541349 15.0
1.35996652 -1.43402326 0.00756785 15.0
0.92969006 -1.11489773 0.60233581 15.0
-1.05725622 -1.56073689 -0.32778496 15.0
-0.74751860 0.02671341 0.18441492 15.0
0.01430826 -0.93268651 0.79428244 15.0
1.02971864 1.09421456 -1.18411732 15.0
1.38993168 1.00361598 0.12565230 15.0
-0.61010158 1.19696999 1.58162856 15.0
1.18539321 1.17754650 -0.63422132 15.0
-1.42550218 -1.09253812 0.23342071 15.0
1.18624115 -0.18392017 0.95765853 15.0
0.94424486 1.02551198 1.31462085 15.0
-0.64696139 -0.76332885 -1.33281958 15.0
-0.89973217 1.19359815 1.51513231 15.0
1.41119337 -1.35404313 0.09745504 15.0
-1.35744846 -1.01726556 0.57249480 15.0
1.21362007 -0.67748237 -1.28518176 15.0
0.99080622 -1.14452744 -1.65554655 15.0
-1.18014324 0.26441500 -1.29374290 15.0
1.06253862 0.67449975 0.95080566 15.0
1.37572408 -0.96281910 -1.45206654 15.0
-1.22890162 0.21264340 -1.28771138 15.0
0.49525318 1.02737153 1.42815483 15.0
-1.40040123 -0.74904937 -0.61232573 15.0
1.42285490 -0.28793952 -0.23768039 15.0
-1.00016880 1.12469578 -1.06325257 15.0
0.10233330 -1.69553816 -0.85600483 15.0
-1.14947343 1.16409802 -0.77575874 15.0
-1.08551145 1.16469169 0.80796582 15.0
-0.91887808 -1.07941914 -1.49487090 15.0
-1.37878060 0.86738938 0.24969240 15.0
0.76161093 1.10879254 -1.20607007 15.0
0.42926607 -0.25537071 1.49422228 15.0
0.76064146 -1.04177892 0.61214244 15.0
1.06761777 -1.55814385 -0.99085855 15.0
1.46280086 0.52422470 -0.58743417 15.0
0.94296467 -0.28835908 -1.31123281 15.0
-1.16143334 0.17150840 -1.29464328 15.0
1.31350493 0.10534193 -1.26658940 15.0
0.39576361 0.82989126 -1.33488679 15.0
-1.03910851 0.83607662 -1.31600201 15.0
-0.58984190 0.65062302 0.77604729 15.0
1.10208333 0.63132280 0.91979754 15.0
-0.89707690 1.19520128 0.00031152 15.0
1.44951272 0.64387631 -0.40559742 15.0
0.79685050 0.43299541 0.18378949 15.0
0.46565676 -0.05135607 -1.34533870 15.0
-0.12598571 -1.33622861 0.58288163 15.0
0.46801519 1.19741905 0.71621490 15.0
-1.40470552 -1.22955954 0.19228685 15.0
-0.11087340 1.00365973 1.36287737 15.0
1.43895900 0.16281332 0.43645072 15.0
1.48302841 0.28621399 -0.40644911 15.0
-0.95994514 -1.35201275 0.49101749 15.0
-0.60393775 -1.15339947 -1.36104786 15.0
-1.26709294 1.15828335 0.18171209 15.0
-1.42351437 0.64388096 0.06571278 15.0
-1.31611526 -1.31349254 0.42178839 15.0
-1.14092362 -1.34495616 0.52390867 15.0
1.45832551 0.60533488 -0.05416553 15.0
-0.92454863 -1.04402304 -1.47600389 15.0
-1.42903817 -0.84622067 -0.10737640 15.0
-0.24214692 1.17516863 0.92295712 15.0
0.83210951 -1.31355131 -1.34211671 15.0
0.57605904 1.20186222 1.52199829 15.0
-1.17567849 1.13990045 0.86111230 15.0
-1.31644511 0.35476941 -1.29378164 15.0
0.72344339 1.13489771 1.20465028 15.0
-1.38752377 -0.62157702 -0.26049879 15.0
0.63970011 1.13829350 1.55340302 15.0
-1.23000658 -1.13112271 -1.70156515 15.0
-1.00680482 1.10572767 0.85856897 15.0
0.80543226 1.05519223 1.45949686 15.0
-0.08053681 0.17955968 -1.35835600 15.0
-1.23371518 1.00733900 1.34524834 15.0
1.28803384 -0.27483782 0.87070727 15.0
1.37850726 0.33630127 0.60550189 15.0
1.45850253 0.60534239 0.07698184 15.0
0.58007330 1.00602865 1.32169116 15.0
-1.11389363 0.88257611 -1.27888680 15.0
1.47057867 0.52423674 0.08831412 15.0
0.72451484 -1.18002963 0.55277985 15.0
-0.21357167 1.07636416 0.84872168 15.0
0.55551863 1.20071805 0.37304875 15.0
1.39900029 -0.31362441 0.43653774 15.0
0.61116141 1.20848000 -0.00777583 15.0
1.17621720 1.05395162 -1.24042904 15.0
-0.25776434 -1.47031975 -1.32435548 15.0
-1.39810872 0.68199104 -0.81319338 15.0
0.06366207 -1.69709635 -0.76207513 15.0
1.33041978 1.15117073 -0.05638619 15.0
0.94000041 -0.35416678 -1.31114495 15.0
-0.96652812 0.71910226 0.95882934 15.0
0.88195068 1.16453838 0.88838959 15.0
-0.21291062 -1.67486262 -1.14041781 15.0
0.63392478 0.63193178 -1.35811126 15.0
1.05783951 -1.27289498 -1.53801942 15.0
-1.37070274 -0.93247586 -1.29130566 15.0
0.77222538 1.18501723 0.71370929 15.0
0.40136874 -1.43271160 0.35761479 15.0
-0.15926632 0.99927372 0.87805849 15.0
-1.16375828 -1.26661944 -1.52995348 15.0
-1.37145197 0.94258636 0.18781577 15.0
-0.71859580 -1.51779628 -1.29169369 15.0
1.40888035 -0.62157702 -0.60786211 15.0
1.13156617 1.18712139 -0.49382809 15.0
-0.41618246 1.08253527 -1.29640222 15.0
0.82906932 -1.18732989 -1.38240337 15.0
1.42980146 0.02796011 -0.87277251 15.0
-1.19864225 -0.14485334 -1.28792822 15.0
-1.12826848 -0.24592616 1.24594510 15.0
-0.55153996 0.99930340 1.33662128 15.0
-1.33645976 -0.22297762 -1.15411484 15.0
0.79271775 -0.22155593 -1.32485771 15.0
-1.10522282 0.95648706 -1.26866794 15.0
-1.38102210 -0.62154830 0.22705640 15.0
-1.10953820 0.69286734 -1.65596199 15.0
-1.38868690 -0.42149845 0.09781491 15.0
-1.32097733 1.09196651 -0.83645201 15.0
0.67868125 -1.65446603 -1.00176978 15.0
-0.90519100 1.05379844 1.45733786 15.0
-0.73982835 -1.00713062 0.62181151 15.0
-0.59538686 0.56233996 0.25459522 15.0
0.60142463 1.11362910 -1.21748877 15.0
0.80881357 -1.61534345 -1.18978214 15.0
-1.36303687 -0.73049790 0.47939375 15.0
1.28645277 1.13301969 1.52023208 15.0
-0.58140159 1.19321609 0.71454477 15.0
-0.85649681 1.12639642 0.90865391 15.0
1.30895364 1.01955390 1.37588513 15.0
-1.01799107 1.19019616 -0.07902428 15.0
-0.26839882 0.22283684 -1.35244918 15.0
-1.24314010 -0.33889073 0.82822245 15.0
-0.09877436 -0.78683203 0.81757987 15.0
-0.84544909 -0.36642560 1.20386243 15.0
0.87278622 1.12001550 1.35431635 15.0
-1.30997968 0.72127664 -1.49421906 15.0
0.49922699 -1.51184428 0.19625123 15.0
-1.44527686 0.20836668 -0.04951027 15.0
-1.25783634 1.13301969 1.52023208 15.0
0.96666527 1.17867267 0.59894627 15.0
1.34962845 0.56682080 -1.61872137 15.0
-1.30569220 1.13525450 1.47840166 15.0
0.89605677 -1.50892282 0.20400578 15.0
-1.43877947 -0.95781344 0.34544569 15.0
1.44622910 0.40040788 0.48000818 15.0
1.16145837 0.45565006 0.79572666 15.0
-0.65221620 -1.61946177 -0.20333841 15.0
0.03906690 -1.03487313 0.76538968 15.0
-1.11569750 -1.33555496 -1.31051326 15.0
-1.38325608 -0.67357486 0.32104811 15.0
1.45744300 0.56556696 0.26100683 15.0
0.25602892 1.09652781 0.84947383 15.0
1.12373841 0.35750982 -1.32426322 15.0
-0.23348768 -0.56934208 0.89675897 15.0
-1.40464878 -1.22955954 -0.15919526 15.0
0.77400422 1.20048916 0.09855310 15.0
-1.39470875 -0.28793952 -0.06210857 15.0
0.89884597 -1.56610274 -1.24983048 15.0
1.44326890 -0.05784300 -0.41491085 15.0
-1.42068899 -1.12646663 0.22790988 15.0
1.33591712 -1.12782681 -1.61056352 15.0
0.93426400 -1.08075261 0.61662006 15.0
-1.23792231 0.60993093 -1.70392251 15.0
1.07129967 1.13196206 1.54303861 15.0
-1.31249714 0.64527982 -1.58771431 15.0
1.20767212 0.35522327 -1.31867504 15.0
-1.10365951 -1.20493376 -1.66219449 15.0
1.48609650 0.32010552 -0.40637118 15.0
-1.05318189 1.10391700 0.85601133 15.0
-1.18717122 -1.38336205 0.42684087 15.0
-1.44712973 0.48165965 -0.22628638 15.0
1.47005701 -0.92180079 -0.27689055 15.0
-0.08412499 -1.49485207 0.36937672 15.0
1.24669111 0.48079219 0.72039658 15.0
-1.14346802 1.14266968 -0.91558325 15.0
0.87406582 -0.36642560 1.20386243 15.0
1.04690337 1.19280279 -0.19698064 15.0
-1.03666699 1.17761648 0.37520024 15.0
-0.25348946 1.21576464 -0.36618221 15.0
-1.22639561 1.06756401 0.81636232 15.0
-1.12712562 1.11561906 0.86823148 15.0
1.10804784 1.14602494 0.90156597 15.0
1.03542137 1.10572767 0.85856897 15.0
1.25682592 -1.16495085 -1.67578316 15.0
1.07805204 -0.75612122 -1.29722989 15.0
1.19161463 1.17826355 0.00215833 15.0
0.48947632 1.17638302 1.45584571 15.0
1.38990724 -0.98274577 0.58059794 15.0
0.57962269 1.03445446 1.31860507 15.0
-1.01067293 0.91636515 0.84267646 15.0
0.64305776 0.99957186 1.38003278 15.0
-0.23934108 1.14720833 0.89106113 15.0
-1.43604803 0.20675436 0.29802531 15.0
0.49444807 1.03667247 1.32109070 15.0
0.69075501 -1.65835738 -0.62098706 15.0
0.58019531 0.99784750 1.35783708 15.0
-0.71859580 -1.51779628 -1.29169369 15.0
-0.23983076 1.16179132 0.91211098 15.0
-1.06139433 -0.16589218 1.35429466 15.0
-0.35533270 -1.06880200 0.72169191 15.0
-1.11231494 0.61531895 -1.73655295 15.0
1.33065701 1.15418112 -0.31671703 15.0
-0.25914797 0.56290787 0.26326603 15.0
-0.55100614 1.03445446 1.31860507 15.0
0.01430826 -0.68905634 0.85450876 15.0
-1.43872702 -0.99033815 0.24551186 15.0
0.70636892 1.19465971 1.57956386 15.0
1.41699600 0.36871850 -1.28147376 15.0
1.40625966 -0.56548280 -0.60800070 15.0
-0.45599797 -1.67292702 -0.49714065 15.0
-1.23591244 -1.30299222 0.51100123 15.0
1.28548491 1.03518295 1.41144109 15.0
-1.00680482 1.10572767 0.85856897 15.0
-0.00510030 -1.25355744 0.65744692 15.0
-0.34268728 0.90228277 0.88603365 15.0
0.38915271 0.99507165 0.86848527 15.0
-1.01833260 1.19389439 -0.34344846 15.0
1.37226927 1.04752684 -0.59868181 15.0
0.10509752 -1.69530022 -0.58586079 15.0
1.29057336 1.03900445 1.35114229 15.0
1.05921996 0.99576157 1.37413883 15.0
-0.40219146 -0.86037475 0.77450007 15.0
0.95626849 1.16180527 0.88555729 15.0
1.33264875 -1.22975397 -1.50378573 15.0
1.21870172 0.95699352 0.75314647 15.0
-0.70860171 -0.25549150 1.48343813 15.0
-1.43619263 -0.99033815 -0.45073977 15.0
-0.68397123 1.15643239 1.40520799 15.0
-0.33982509 1.13163126 0.88099873 15.0
1.47168291 -0.96031106 0.09271380 15.0
-0.60554385 -1.31441188 -1.33641672 15.0
0.58967942 1.15666914 0.97764879 15.0
0.85332179 0.93222928 0.86595917 15.0
1.44238281 0.44139546 0.46961090 15.0
0.93343484 0.28453171 0.23824513 15.0
0.64332896 1.05033028 1.31387544 15.0
-1.43193436 0.43894187 0.40745443 15.0
-1.36861372 -1.05819201 -1.38317430 15.0
-1.00165975 1.08941829 0.84462923 15.0
1.42403877 0.72299391 0.32110107 15.0
1.33314621 1.11627018 1.47904348 15.0
-1.36745059 0.75883597 -1.07016599 15.0
-1.44590199 0.43894932 -0.58824372 15.0
-1.41266000 -1.15761662 0.31199482 15.0
-1.37124932 0.16727175 -1.15449810 15.0
1.37952220 -1.19403780 -1.36244845 15.0
1.18378496 1.01846743 1.40811551 15.0
-0.54650515 -1.07058299 0.62545097 15.0
-0.04746452 1.13957214 0.88604021 15.0
-1.10945928 1.06423199 0.83297068 15.0
-0.42861059 -0.35512930 -1.34522319 15.0
-0.24269438 -1.52315819 -1.31896377 15.0
1.19992924 -1.31115746 -1.37720692 15.0
-1.32243145 -1.35216200 -1.13397264 15.0
-0.86239666 -1.26822186 0.51675606 15.0
-1.39488316 -0.05784300 -0.87050968 15.0
-0.11396365 -1.31418860 -1.34944737 15.0
0.98856163 -1.35201275 0.49101749 15.0
-1.31234634 1.08559954 0.56341785 15.0
0.10050951 -0.43160367 1.10671997 15.0
0.88195068 1.16453838 0.88838959 15.0
0.40183169 1.13443768 1.29463112 15.0
0.84376752 -1.61570072 -1.11888039 15.0
1.45092607 -0.92230713 -0.85035473 15.0
0.55551863 1.20071805 0.37304875 15.0
-1.43852603 0.35866606 0.42230046 15.0
0.58560878 1.08043432 1.23945880 15.0
0.83823115 0.54766423 -1.38868546 15.0
-0.18736768 0.95755547 0.88579506 15.0
-1.37506449 0.80142295 -0.82333851 15.0
-0.30314884 -1.37646663 0.48353174 15.0
0.83165878 -0.76153332 -1.32066715 15.0
1.17021930 1.06124771 0.83108413 15.0
-0.95023441 -0.50903553 0.86950493 15.0
-1.37764299 -0.56548280 -0.60800070 15.0
1.29493034 -1.07437301 0.63996351 15.0
0.14257568 -1.11824036 -1.37544060 15.0
-1.42009902 0.02634288 0.12389535 15.0
-1.38311434 -0.56548280 -0.42454174 15.0
-0.07864644 0.43585142 0.20136961 15.0
0.56405550 -1.66812110 -0.91422635 15.0
-0.18491784 -1.03487313 0.75267267 15.0
-1.38392317 0.86603284 -0.06620371 15.0
-0.73230761 1.13960338 -1.08361888 15.0
0.67557800 -0.76332885 -1.33281958 15.0
-0.45223898 -1.67505050 -0.73222935 15.0
1.04140341 1.18702698 -0.64039099 15.0
-0.84531879 1.10154212 1.33130872 15.0
1.42301476 0.80200189 -0.06187917 15.0
1.22983861 -0.90789443 0.73680753 15.0
1.38624930 -1.12646663 -1.39243591 15.0
0.29010946 -0.14190371 -1.35267472 15.0
-1.36353886 0.86313790 -0.84467757 15.0
-1.28941476 1.14652884 0.13280182 15.0
1.25445056 -1.30699813 -1.37049222 15.0
-1.15209591 -0.45091197 0.83123678 15.0
1.44463813 -1.16011488 0.07436708 15.0
1.46714258 0.35866606 0.42230046 15.0
-1.07253647 1.06679320 0.83371687 15.0
-0.34383157 -1.10245275 0.70788664 15.0
-0.11429022 -1.33418584 -1.34342456 15.0
1.39723039 -1.05819201 -1.38317430 15.0
0.28200468 1.20791364 0.04461772 15.0
0.28527752 0.65125096 0.78408641 15.0
1.39507246 -0.62157702 -0.88547981 15.0
-1.17412531 0.80681860 -1.36021805 15.0
-1.23752999 1.01105261 0.76919991 15.0
1.33209980 1.13410389 1.50024867 15.0
-0.26276523 -0.05138160 -1.35267842 15.0
-1.08551145 1.16469169 0.80796582 15.0
0.01430826 -1.43005741 0.48939070 15.0
0.54869139 1.15037560 1.12710297 15.0
-1.39449883 -0.28793952 0.10481729 15.0
1.26343274 0.72431493 -1.56297708 15.0
-0.94666970 -0.95111799 -1.36949134 15.0
-1.36346531 0.40457121 -1.43816817 15.0
1.14660013 -0.56908411 -1.29338789 15.0
-1.45851493 0.35884172 -0.40628356 15.0
-1.02645874 -1.17410851 -1.70289314 15.0
-0.33408386 -0.86184615 -1.34730625 15.0
-1.18391550 1.12489629 0.86135536 15.0
-1.03308392 0.88691604 -1.28515995 15.0
-0.04294344 -1.60117292 0.11274798 15.0
0.22434853 -1.67096663 -0.34035438 15.0
-0.55693060 -0.20259266 1.60217905 15.0
-0.43487903 0.43599710 0.19270921 15.0
-1.41533279 0.02796011 -0.59007430 15.0
1.08591509 0.46274149 0.67206639 15.0
-0.28525633 -0.76368195 -1.34841537 15.0
0.72451484 -1.18002963 0.55277985 15.0
-1.16375828 -1.26661944 -1.52995348 15.0
1.32904422 1.13811934 0.31700206 15.0
-0.11086748 1.00514686 1.34168828 15.0
-0.49948028 1.08676267 0.95939791 15.0
1.25003016 0.29742271 0.72555470 15.0
1.21696234 0.05426218 0.71763742 15.0
0.98554099 1.11982560 1.39170337 15.0
1.39640999 -1.39381027 0.00084976 15.0
-1.04336894 -0.22218297 -1.30136609 15.0
-0.93346500 1.06264615 1.33485603 15.0
0.10454916 1.20483744 0.16389158 15.0
0.75767905 1.01203811 0.85221684 15.0
-0.61601239 0.22250491 -1.33681357 15.0
0.10454916 1.20777798 0.04419700 15.0
0.80411190 1.09631240 1.50449836 15.0
1.44412327 0.68199271 0.13475677 15.0
0.99491179 -0.56831217 0.79450691 15.0
-1.05460215 0.81182855 0.84866601 15.0
-0.78414893 0.17776293 -1.32477200 15.0
0.77400422 1.20048916 0.09855310 15.0
-0.48486283 1.08643198 1.24974203 15.0
0.55492127 -1.63083792 -1.21120501 15.0
1.21696234 0.05426218 0.71763742 15.0
0.88195068 1.16453838 0.88838959 15.0
0.10050951 -0.43160367 1.10671997 15.0
-0.23446901 1.11486351 0.85798311 15.0
-0.24713849 1.05481160 0.85307002 15.0
0.20905060 -1.69010806 -0.57846040 15.0
1.46783304 -0.92180079 -0.44900477 15.0
1.39165354 -0.73049790 0.47939375 15.0
-1.29415190 0.92180544 0.57265055 15.0
-0.86239666 -1.26822186 0.51675606 15.0
-0.97087157 -1.07483757 -1.63773990 15.0
0.09582568 -1.60140550 0.09570731 15.0
1.42670476 -1.26877391 0.16804788 15.0
1.33351791 -1.16152751 -1.58904302 15.0
1.21730113 -1.04116786 0.70171130 15.0
1.45646966 0.10216152 0.17046164 15.0
1.38041019 0.44113699 -1.50666964 15.0
0.82968032 -1.25651920 -1.36436391 15.0
0.63670838 -1.08301437 -1.36298609 15.0
1.23678899 0.56692839 0.75492293 15.0
-0.01598904 -1.69692278 -0.76656055 15.0
0.45464790 1.13256741 0.96772093 15.0
-0.76335871 1.12002194 1.28331816 15.0
-1.00104737 1.12102246 0.87660325 15.0
-1.38885558 -0.42149845 -0.06999627 15.0
-0.11427479 0.59073061 -1.37861562 15.0
-0.36647698 0.81057191 -1.34080315 15.0
1.38606501 -1.01726556 0.57249480 15.0
-1.42340529 0.64387757 -0.05697874 15.0
-0.55159795 1.01100421 1.40515912 15.0
1.24441469 -0.93929428 -1.40350401 15.0
0.13859794 1.17620862 1.59091675 15.0
-0.94191355 -1.37857366 -1.29164338 15.0
1.41626120 0.48165965 -1.36823845 15.0
-1.30862701 1.07725620 1.41000152 15.0
-0.06633118 0.78569639 0.95875019 15.0
-0.91076899 1.17799246 1.47700500 15.0
-0.90187609 1.13247812 1.54728889 15.0
-0.43496767 -0.14188738 -1.34533513 15.0
-1.22603011 0.78591353 -1.41583836 15.0
1.10400856 1.17530537 0.37411544 15.0
-1.07152927 -1.49956191 -1.26215529 15.0
1.14849758 0.58343112 0.85648412 15.0
0.94381452 0.62807912 -1.50178671 15.0
-0.17916474 -1.06880200 0.74124545 15.0
1.43340182 -1.22955954 0.13648710 15.0
