-0.81231141 0.85329777 0.90788072 45.0
-1.36389673 0.19111165 -0.21278891 45.0
0.94862908 0.99560535 -0.62516177 45.0
0.87442315 0.76806951 0.91301823 45.0
1.23154426 0.82473338 1.14515746 45.0
-1.32759237 -0.32873425 0.21902356 45.0
1.31826699 -1.08416128 -1.00207174 45.0
-0.24204044 -1.84732819 -0.45510548 45.0
-0.55428451 1.01593554 -0.21489762 45.0
1.10967088 -0.61137021 0.84739226 45.0
-0.88978565 0.15778989 -1.43552208 45.0
-1.12049007 0.52168912 0.83219653 45.0
0.65717298 -1.86167371 -1.07920480 45.0
0.47895727 1.03632474 -0.39275029 45.0
-0.11520881 0.73120952 -1.27928555 45.0
-0.30358633 0.75870425 -1.28423762 45.0
0.45102391 0.76388073 0.94405740 45.0
1.32938635 -1.02112222 -0.57061392 45.0
-1.12934184 0.69015288 0.68519950 45.0
-0.41005114 -1.63019276 0.42541638 45.0
-0.82794815 0.21170774 -1.43539274 45.0
0.73587120 0.35378996 1.16924453 45.0
-0.75611097 -0.08631408 1.40234089 45.0
-0.24645159 -1.58609617 0.47016841 45.0
1.20788455 0.79293495 0.98937523 45.0
-0.59874278 -1.25412953 0.56075060 45.0
0.69703192 -1.82907391 -0.45956451 45.0
-1.05078053 -1.81107342 -0.60304952 45.0
-1.42735636 -1.33837736 -0.59246981 45.0
1.30950475 0.67067933 -0.55147457 45.0
1.29847991 -0.15347195 0.22156730 45.0
0.41771242 -0.49635500 -1.39809072 45.0
0.95506698 0.97867686 0.22233436 45.0
-1.34891367 -0.06707142 -0.55295897 45.0
-0.63469094 0.94670963 0.64209533 45.0
-0.09218686 0.10220699 1.37898445 45.0
0.60202414 -0.14724150 -1.43266773 45.0
1.18480492 0.79375315 0.97463095 45.0
0.77262837 -1.81990004 -1.35036933 45.0
0.32774988 0.25641465 -1.36039770 45.0
0.64824355 0.80591226 0.99744701 45.0
-0.69589537 0.98002374 0.40669981 45.0
-0.42574000 -1.11618423 0.59687835 45.0
-0.59195131 -1.40379560 0.51510584 45.0
-0.93130666 0.43064672 -1.61528015 45.0
-0.95068294 0.19151428 -1.44184303 45.0
-1.24919546 0.94628996 0.89734572 45.0
1.23008180 0.76695943 0.96275562 45.0
0.05376739 1.04018068 -0.31820011 45.0
-0.91289157 0.16000916 1.26744461 45.0
-1.32231188 -1.34069884 -1.77740765 45.0
-1.25045240 0.85848403 1.09047377 45.0
0.06313613 -1.76112294 -1.29585063 45.0
-1.41245759 -1.39073908 0.33256668 45.0
-1.30320442 -1.72284973 -0.23255067 45.0
-1.37183607 0.53964770 -0.55187774 45.0
0.15659755 0.91866475 1.09514904 45.0
0.99185061 0.84512472 0.91605061 45.0
1.34028411 0.32383284 -0.73058563 45.0
-1.02617252 0.83654672 0.61049795 45.0
-0.79957849 0.68558639 -1.42038441 45.0
-1.26304865 0.83320445 1.02964473 45.0
-1.25443280 0.70920932 -1.21450496 45.0
1.35409057 0.41420823 -0.06558326 45.0
0.21683311 -1.82891500 -0.39400503 45.0
0.77639538 -0.49638358 -1.43705380 45.0
-0.75767243 0.88142306 0.82371593 45.0
0.21814263 0.66208655 0.87879723 45.0
1.33199561 -0.84157157 -0.23342259 45.0
-1.25084782 0.98726618 1.23167622 45.0
-1.24638617 0.88558477 0.87082601 45.0
-1.12014711 0.88651204 0.95681000 45.0
1.32315838 0.46109796 0.41878495 45.0
0.95205504 -1.58348405 -1.62103999 45.0
-1.35590076 -0.41171947 -0.21327472 45.0
1.35477543 -1.62713301 -0.34659845 45.0
1.22372782 0.94628996 0.89734572 45.0
-1.34425521 0.19181921 -0.97585511 45.0
-1.33554792 -0.93738407 -1.00373793 45.0
1.31407309 -1.53201735 0.36628032 45.0
1.32839882 0.62636852 -0.38205999 45.0
-0.72249955 -1.82907391 -0.45956451 45.0
-1.42873538 -1.37113690 0.20410122 45.0
-0.56766516 -1.84711933 -0.51175016 45.0
1.34428716 0.36968768 -0.73030907 45.0
-1.23324704 0.13173962 0.66265756 45.0
-1.43307889 -1.41155291 0.05080056 45.0
-0.99362653 -0.17969899 1.31459689 45.0
1.38576150 -1.51998699 0.13749836 45.0
1.28965139 0.32383284 -1.52904880 45.0
1.35499442 -1.37537813 -1.55150795 45.0
0.64852178 0.76547199 0.93849713 45.0
-0.79655272 -1.82202172 0.09457076 45.0
0.52922916 0.88375610 0.66252476 45.0
-1.39911866 -1.57441330 -0.52172697 45.0
0.73236328 -0.68704575 1.12368798 45.0
0.88674575 -1.40490389 0.48653829 45.0
1.02015626 -1.61780941 -1.57755971 45.0
1.21825266 0.21627153 -1.52457404 45.0
-0.89948028 0.83159429 1.00441074 45.0
0.86643732 0.53663361 0.95416325 45.0
-1.07600152 0.95259666 1.09153545 45.0
-1.13685167 0.77718741 0.88740301 45.0
-1.35485387 -0.49509922 -0.06113173 45.0
-1.14720011 -1.71354330 -1.35440755 45.0
1.07703245 0.47854468 0.87099314 45.0
-0.84190446 0.83183610 0.91181004 45.0
-0.09113068 0.39982492 1.17606091 45.0
1.23037493 1.01523042 1.08453941 45.0
1.32757759 -1.66646886 0.02540259 45.0
1.24997926 0.76086611 -0.08256312 45.0
0.07003177 -0.74969411 -1.32508159 45.0
-1.23306429 -1.47368991 0.43649727 45.0
-1.37229097 -1.44817781 -1.54111552 45.0
-1.01090753 0.26428282 1.13385129 45.0
0.87577027 0.00082698 1.33689582 45.0
-0.52605122 0.15708047 -1.39541447 45.0
-1.25294244 0.78635186 0.85183328 45.0
0.05732800 1.03041732 -0.23975764 45.0
-0.71748704 -1.78705966 -1.39814734 45.0
-0.52020407 0.96588606 0.58881199 45.0
0.36064595 0.94033402 -1.14828908 45.0
-0.25316575 -0.88247949 0.87334114 45.0
-0.87021399 0.75029433 0.69646066 45.0
0.78980070 -1.84513617 -0.51578152 45.0
-1.29095435 0.73988253 0.19352102 45.0
0.69201952 -1.78705966 -1.39814734 45.0
-1.24087703 0.80577236 -0.37811533 45.0
0.84768498 1.00117326 -0.02751638 45.0
-1.22392225 0.06893982 0.67427242 45.0
-1.37067926 0.32384744 0.07540963 45.0
0.37242928 -1.85850406 -1.16762185 45.0
-0.58059669 0.68539310 -1.38081467 45.0
-0.21078397 1.03983343 -0.57776618 45.0
1.25660861 0.04991571 0.42626813 45.0
0.06273852 -1.84738362 -0.43349421 45.0
-0.96219951 0.84683853 0.61763227 45.0
0.41627997 -0.84918654 -1.39692771 45.0
-1.37805474 0.49858725 -0.38216212 45.0
0.39414561 -1.36675060 0.54868561 45.0
-1.17040288 0.89414787 -0.19408207 45.0
-1.22541964 0.74130601 -1.19942224 45.0
1.34135962 0.53964770 -0.72915488 45.0
-1.04271305 0.94260311 0.52019584 45.0
-1.01090753 0.26428282 1.13385129 45.0
0.51925945 0.73105872 -1.35061276 45.0
-0.47873920 0.85755324 0.94642872 45.0
1.22065926 0.77671272 0.88130504 45.0
1.00698590 0.91388041 -1.13768363 45.0
1.23216140 0.91000986 0.92548305 45.0
-1.26485002 -1.06101048 0.40617180 45.0
-0.81632525 0.78165108 -1.34116292 45.0
-0.45493761 0.95269239 0.62806350 45.0
1.32688653 0.10951636 -0.21329051 45.0
0.42443579 -1.03203285 -1.39511824 45.0
-1.08086574 -0.78548509 0.79770845 45.0
-0.08872133 0.81067842 0.71234393 45.0
0.20112596 0.97057992 0.58112699 45.0
0.97883540 0.94405764 0.54081124 45.0
1.27567804 -1.72341061 -0.56316757 45.0
1.05214477 -0.06080269 -1.39592290 45.0
1.23206019 0.97537458 1.19126081 45.0
-1.04538286 -1.42882705 -1.88497913 45.0
0.56213886 -1.28173375 -1.40640545 45.0
1.18110144 0.80040330 0.52756685 45.0
1.15218985 -1.42158294 -1.89622331 45.0
-0.44990337 -1.03203285 -1.39511824 45.0
1.31698072 -1.67037296 -0.88198251 45.0
1.23815262 0.80921435 1.01230514 45.0
1.31029749 0.62574524 -0.95874053 45.0
0.22208330 -1.53238571 0.49677452 45.0
1.33524239 0.41419590 -0.95618445 45.0
0.56904155 0.25636020 -1.40268481 45.0
1.40743923 -1.37530303 0.05545358 45.0
1.24541461 0.75704348 0.35907194 45.0
-0.09565428 -0.24122776 -1.32571983 45.0
0.70917785 0.95097107 0.86317551 45.0
-1.25884163 0.78085613 -0.21838395 45.0
1.32390940 -1.02115393 -0.74752945 45.0
-0.84162152 1.00186932 -0.02715084 45.0
-1.23052680 0.89372641 1.07055461 45.0
-0.21116564 1.04150569 -0.44832978 45.0
-0.88978565 0.15778989 -1.43552208 45.0
0.76890039 1.00927198 1.13264668 45.0
-1.17727792 0.77162319 0.89576077 45.0
-1.24540663 0.97101021 0.92988265 45.0
0.55177933 -1.66438508 0.38105434 45.0
1.22384799 1.02040994 1.09227121 45.0
-0.95240730 -1.17044199 -1.44764769 45.0
1.05408657 0.83315396 0.99746799 45.0
-1.20257270 0.85632771 0.92823893 45.0
-1.20892370 0.76335382 -1.18606365 45.0
1.22747493 0.78635186 0.85183328 45.0
0.96635908 0.83109283 -1.24295437 45.0
0.71442580 0.62050986 0.88723511 45.0
-1.24736893 0.98863751 1.17536628 45.0
-1.19079924 0.05280638 -1.37394154 45.0
1.31949973 0.19095734 0.23214468 45.0
-1.28772783 0.02565854 -1.26039541 45.0
0.42576382 -1.72421598 -1.37297225 45.0
-1.36584055 0.58161980 0.05402176 45.0
-0.41545799 -0.51521879 1.34377873 45.0
-1.28286469 -0.93238318 0.32801843 45.0
-1.43339849 -1.41192889 -0.16758235 45.0
0.08299530 0.75875854 -1.25474966 45.0
0.91892982 0.89327854 0.60287124 45.0
0.39414561 -1.36675060 0.54868561 45.0
-0.58653307 0.33760801 -1.41354167 45.0
1.20320618 0.97294509 1.13153708 45.0
-0.40135708 -1.86666214 -0.89493287 45.0
-1.35184300 0.10961223 -0.38239196 45.0
1.40723324 -1.41192889 -0.43005475 45.0
0.96208376 0.38575628 -1.77181947 45.0
-0.54547137 0.93985480 -1.18059850 45.0
-1.28544450 0.07901365 0.42586100 45.0
-0.75129104 -1.48287761 0.46741739 45.0
1.15037501 0.89772743 -0.28487360 45.0
1.38852310 -1.52482545 -0.48232302 45.0
0.39974228 0.10214217 1.36883879 45.0
0.97254825 -0.08765993 1.29486728 45.0
-1.13601708 0.67527145 -1.46685076 45.0
-1.07532275 1.01661468 1.11420691 45.0
-1.15935826 0.89646024 -0.91074049 45.0
1.22099602 0.76871437 0.95014530 45.0
0.95506698 0.97867686 0.22233436 45.0
-0.45493761 0.95269239 0.62806350 45.0
1.20226860 0.85571873 0.91783684 45.0
-1.01457858 0.53257132 0.90501189 45.0
0.60922337 0.94670963 0.64209533 45.0
0.38390985 0.61927843 0.91944367 45.0
-0.24993451 0.44644716 1.12516606 45.0
1.22401106 0.85636586 0.84108698 45.0
-0.26506010 0.80350178 -1.23538160 45.0
-0.90328258 -0.78643227 0.94787085 45.0
-0.78951758 1.01333785 1.09589934 45.0
1.23026812 0.76745343 1.05284047 45.0
-1.28286469 -0.93238318 0.32801843 45.0
-1.18915582 -0.06348765 -1.37439156 45.0
-1.24540663 0.97101021 0.92988265 45.0
-1.14720011 -1.71354330 -1.35440755 45.0
1.23572159 0.80471170 0.86133063 45.0
-1.21403778 -0.30849633 0.69253391 45.0
1.24199998 -1.74419105 -0.49557334 45.0
-1.43030822 -1.44742584 0.03917749 45.0
-0.24526353 -1.63034236 0.44371420 45.0
-0.62708175 0.03286637 -1.43243253 45.0
-0.34361523 -1.58158445 -1.35293376 45.0
0.22457895 -0.08673077 1.43812764 45.0
0.26630226 -1.09551537 -1.35138750 45.0
-1.06425750 0.87308437 0.58388454 45.0
-0.97752255 -1.58348405 -1.62103999 45.0
0.74376035 0.19291921 1.28646445 45.0
-0.77715611 0.98912251 0.23044546 45.0
0.56237763 -0.26430833 1.45146930 45.0
-0.73744696 -1.66552985 0.36583126 45.0
0.71048182 0.66326785 0.83392131 45.0
-1.32276535 -0.65478784 0.20805052 45.0
-0.97686452 0.79241520 0.63662446 45.0
0.23898239 -0.65901917 -1.35558701 45.0
-0.18186773 1.00486267 1.14643264 45.0
1.22567976 0.81450343 0.82853293 45.0
-0.69138747 0.91030163 0.70130217 45.0
-0.97907764 0.47488758 -1.77826297 45.0
-0.17315508 0.95090950 1.02383995 45.0
-1.16562235 0.98196644 1.03255653 45.0
-0.44321078 -0.24122889 -1.39811563 45.0
-1.32744396 -1.70138574 -0.33932316 45.0
-0.60152644 -1.16721404 0.57419753 45.0
-1.25192106 0.77693117 0.87862056 45.0
0.32181394 -1.31739509 -1.36977243 45.0
-1.05718553 0.94332713 0.50017649 45.0
-0.74931931 -1.74517488 -1.40989184 45.0
-0.77040648 0.98924577 -1.11291802 45.0
0.22769818 -0.88247949 0.87334114 45.0
-0.90684468 0.26721078 1.19811833 45.0
-1.29095435 0.73988253 0.19352102 45.0
-0.67263508 0.85751736 1.03787768 45.0
-0.40454397 -1.84725070 -0.48535496 45.0
-0.90035766 0.76855725 0.92742866 45.0
1.40507281 -1.33837736 -0.26724687 45.0
-1.16855478 0.99813038 1.05091751 45.0
0.92838979 0.03362825 -1.41446459 45.0
-0.47397298 0.98464894 1.14283085 45.0
0.92837298 0.08676325 -1.41371679 45.0
-0.57493585 -1.76104581 -1.40182459 45.0
-1.08264458 0.95390171 -0.90344363 45.0
0.92884552 -0.49639902 -1.41465604 45.0
0.73319077 -1.36776221 0.51539654 45.0
-1.29677272 0.15220240 -1.24853671 45.0
-0.43694016 0.90733987 0.96654308 45.0
1.22432697 0.96918011 1.21809459 45.0
0.05918836 0.94119489 -1.08151376 45.0
-1.29095435 0.73988253 0.19352102 45.0
-1.25594091 0.85178280 0.85079354 45.0
-0.94771361 0.87806523 0.60919350 45.0
-1.32984126 0.67052263 -0.73084098 45.0
-0.42309582 -1.25402451 0.57766235 45.0
-1.35445762 0.62636852 -0.21710584 45.0
0.48423824 0.75862825 -1.32551205 45.0
1.32220864 -1.62515199 -1.25489247 45.0
1.01991534 -1.42882705 -1.88497913 45.0
0.31869927 -1.39291465 -1.37187839 45.0
1.30446768 0.32786933 0.42535418 45.0
-0.08705967 0.97053409 0.59984452 45.0
1.38698995 -1.39073908 0.33256668 45.0
-1.35707927 -0.24458838 -0.21355988 45.0
0.98862761 0.22538166 1.16037750 45.0
1.23277771 0.78085613 -0.38137060 45.0
1.22564161 0.83253390 0.82676077 45.0
-0.44933730 0.97924483 0.43200994 45.0
0.46405140 1.03444982 -0.91095257 45.0
1.11069393 0.56347287 0.78893608 45.0
0.64837223 0.76505160 0.92394769 45.0
1.34542239 0.45708758 0.22595096 45.0
1.22842443 0.76774842 0.94478387 45.0
0.38836095 0.53527224 1.01656306 45.0
-1.24946809 0.97266358 0.91714525 45.0
-1.07786024 -0.00152249 -1.39584363 45.0
-1.02723074 -1.80875576 -1.02707219 45.0
-0.41833997 -1.40366769 0.53242117 45.0
-1.20806575 -0.63450819 0.60874337 45.0
1.32223773 0.58149511 -0.95470178 45.0
-1.24956560 1.00113738 1.20218527 45.0
0.91274440 -1.82534564 -0.44893196 45.0
0.87453264 0.80903113 0.98614544 45.0
-1.34734130 0.10882879 0.07431678 45.0
0.09995394 0.23017009 -1.32600260 45.0
-1.25045240 0.85848403 1.09047377 45.0
1.23022795 0.79740530 0.82023954 45.0
0.77388430 0.42978343 -1.48337305 45.0
1.28009260 -1.70072794 -1.08896482 45.0
-1.35532045 0.04792520 -0.21375921 45.0
-0.79404187 1.01371253 1.12321842 45.0
1.05499303 0.78221756 0.95024985 45.0
-0.88777971 -1.74580014 -1.38798428 45.0
1.22821605 0.83078378 0.82509601 45.0
0.79085767 0.78165108 -1.34116292 45.0
-0.09197992 -1.21412921 0.61296362 45.0
-1.25712800 0.82788104 0.83653444 45.0
-0.37645555 1.02892089 -0.28715947 45.0
0.54164684 -1.78678548 -1.39348924 45.0
-1.41069114 -1.30122757 -0.98130298 45.0
0.92620790 0.86234170 0.61450547 45.0
-0.98881608 -0.43367666 1.26443505 45.0
1.19845462 0.06893982 0.67427242 45.0
-0.56941438 0.88175923 -1.22870207 45.0
-0.97804779 0.55912977 -1.71999681 45.0
1.20496726 -1.08535099 0.48296246 45.0
1.08445215 -0.96381611 0.58882779 45.0
-0.99667031 0.76899475 0.90923405 45.0
-1.37509954 0.36970896 0.07274291 45.0
-0.93159765 0.68669915 -1.44604194 45.0
-1.19952106 0.94005722 0.99115896 45.0
-1.35002542 0.14837398 -0.73757625 45.0
1.32147455 0.62624389 -0.72967035 45.0
1.33832836 0.58161980 -0.55175489 45.0
-0.42586276 0.15915169 1.33772612 45.0
0.45103046 0.96697700 1.02423847 45.0
0.64122099 0.78088707 -1.33616340 45.0
-0.41822371 -0.08674814 1.43305254 45.0
1.32237768 0.02449260 -0.74090922 45.0
0.98643440 0.77861744 -1.30300653 45.0
-0.08784410 -1.73770142 0.35005915 45.0
0.53595787 1.01594293 -0.21574928 45.0
-1.16997313 0.89718777 -0.72912806 45.0
-1.30223060 0.64531708 0.54436374 45.0
0.77318531 1.02267563 -0.32059595 45.0
0.72384357 0.97027200 0.54318589 45.0
1.28222764 -1.48741841 -1.74010813 45.0
1.21709526 0.92382634 1.11447251 45.0
0.99088269 0.10068705 1.23247695 45.0
-1.17367530 0.92609423 1.07249773 45.0
0.85716140 0.83596748 -1.25962722 45.0
1.09075892 0.86296314 0.57177144 45.0
-1.01190186 0.77861744 -1.30300653 45.0
-1.12877572 0.83143932 0.58371508 45.0
-0.90123779 0.00082698 1.33689582 45.0
-0.86167747 0.96269345 0.55160683 45.0
-0.97027117 -1.09648526 -1.41018915 45.0
-0.10053784 0.11952338 -1.32403421 45.0
1.17134655 -1.30979192 -1.83295310 45.0
0.95719260 0.68732733 -1.45611405 45.0
-0.88902569 0.57892513 0.90688664 45.0
1.26237869 -0.41166976 -1.26056850 45.0
1.22805679 1.00260770 1.20552337 45.0
-0.44174758 -0.84918654 -1.39692771 45.0
0.27901807 -1.69625735 -1.33315206 45.0
0.56256318 -1.48187625 0.48324889 45.0
-1.41122913 -1.51998699 0.13749836 45.0
-0.84879488 0.84951872 0.63225758 45.0
0.98544002 0.26428282 1.13385129 45.0
0.77644402 -0.41137761 -1.43707538 45.0
1.21648836 0.95046997 1.13462579 45.0
-1.19431126 0.45884392 0.75906140 45.0
1.16209304 0.76372540 0.59583825 45.0
-0.09018642 -0.34888244 1.45208192 45.0
-0.12284437 -1.31747770 -1.33947182 45.0
1.38993001 -1.48472261 -0.79113150 45.0
-1.20959198 -0.47485775 0.66411585 45.0
-1.08190370 0.34122440 0.96981877 45.0
-1.13601708 0.67527145 -1.46685076 45.0
-1.32611430 -1.15167952 0.38563773 45.0
1.36558986 -1.57425356 -0.82248127 45.0
-0.08692570 -1.85863924 -1.10041165 45.0
-1.24273431 0.83233351 0.88640302 45.0
-1.05334294 0.91332889 0.56233418 45.0
-0.34955528 0.95987952 0.62398869 45.0
-1.31265140 0.60141569 0.55315614 45.0
-0.23440847 0.74922550 0.76232165 45.0
-1.33711708 0.67069125 0.04349154 45.0
-1.34894562 -0.93738407 -0.74613923 45.0
1.10901058 0.78689760 0.88576549 45.0
0.37588954 -1.86666214 -0.89493287 45.0
1.14942873 -1.57383752 -1.67954934 45.0
-1.02617252 0.83654672 0.61049795 45.0
1.23938251 -1.06101048 0.40617180 45.0
1.40505278 -1.44802749 -0.08094423 45.0
-0.23195675 0.97742808 0.48867813 45.0
-1.36843038 0.27780780 -0.06046962 45.0
1.23295343 0.85528374 1.15432930 45.0
1.11133623 0.86236495 1.01979387 45.0
0.83819985 -1.82006907 -0.33370689 45.0
-1.20159292 -1.23499084 -1.68694913 45.0
-1.34739292 -1.48206246 0.38826561 45.0
0.92862457 -0.57803589 -1.41457140 45.0
1.08407843 0.93017751 0.46905842 45.0
-0.58653307 0.33760801 -1.41354167 45.0
-0.82718581 0.89717996 0.67452765 45.0
1.14160120 0.83513182 0.91603231 45.0
-1.24419808 0.96769208 0.96846318 45.0
-0.86387116 1.01755631 -0.39448848 45.0
0.74002272 0.06441376 1.35435569 45.0
0.77753311 0.38445136 -1.48224127 45.0
0.18931599 1.03925860 -0.33870563 45.0
1.22572970 0.76223242 0.47444460 45.0
1.33257604 -1.40493369 0.41822380 45.0
1.00902486 -1.02645779 0.57036602 45.0
-1.26084733 0.79077595 0.86280274 45.0
-0.96723586 0.80593604 0.89684337 45.0
1.30210042 -1.70136106 -0.19967315 45.0
1.23248839 0.80949092 0.82850462 45.0
1.33464777 0.32385197 0.23311132 45.0
1.32798576 0.02449260 -0.55294359 45.0
-1.03696990 0.91469240 0.96931636 45.0
-1.16199827 0.28666961 -1.76914787 45.0
-0.79755098 -0.94729495 -1.43513858 45.0
-1.40815556 -1.21842694 -0.42352605 45.0
1.23260510 0.95224351 1.18013752 45.0
-0.34502235 -1.64615941 -1.34175313 45.0
-0.58011466 -1.63035572 0.40714633 45.0
0.06273852 -1.84738362 -0.43349421 45.0
-1.35691166 -0.24463943 -0.06292859 45.0
1.06793249 -0.88084310 0.67883599 45.0
-1.33357680 -0.49509922 -1.00512528 45.0
0.89043766 0.91829371 0.93531466 45.0
-1.26077628 0.85810012 1.11751759 45.0
0.39142936 0.83523768 -1.24067116 45.0
0.39666659 0.30793115 1.23597014 45.0
-1.43249011 -1.37537813 -0.42431048 45.0
1.15231037 0.80950791 -1.13937759 45.0
1.35329425 0.49859163 -0.07005950 45.0
-1.28544450 0.07901365 0.42586100 45.0
-1.17555416 0.78625149 0.88403040 45.0
0.88407052 0.22814511 1.22500515 45.0
-0.89745539 -1.83969629 -0.50908673 45.0
-1.06529415 -1.77598941 0.17306946 45.0
-1.25633895 0.92078036 1.19864893 45.0
1.23602104 0.87040246 0.96952289 45.0
-0.11610049 -1.13839853 -1.32031918 45.0
-1.06999803 -1.47863567 0.44910926 45.0
-0.99992460 0.92270565 0.56999052 45.0
-0.47642654 0.78790629 0.98811090 45.0
1.15624809 0.79731637 0.56826276 45.0
1.34827995 0.53964937 0.05782904 45.0
-1.24780250 0.99319643 0.93835253 45.0
-1.18761587 0.11501832 -1.37223732 45.0
0.44707367 0.87913078 0.66501826 45.0
-0.90612501 -1.48307705 0.45544255 45.0
-1.26822114 0.72363847 0.52664399 45.0
0.87286603 -1.58743167 0.40755731 45.0
-1.16101015 -0.89287901 0.58432740 45.0
-0.89955980 0.40088475 1.09386170 45.0
0.83182651 -1.85308337 -0.59296292 45.0
1.22530127 0.91997164 1.18986094 45.0
0.06514122 -1.44111001 0.54603696 45.0
0.87703151 -1.53365505 0.43410769 45.0
-0.84692430 0.98855847 0.22651926 45.0
-1.35878384 0.58159482 -0.72906804 45.0
-1.14720011 -1.71354330 -1.35440755 45.0
0.99604797 0.95284283 0.49863920 45.0
-1.24646354 0.76871437 0.95014530 45.0
-0.91590518 0.91829371 0.93531466 45.0
1.22766554 0.88754213 1.18642259 45.0
-1.42735636 -1.33837736 -0.59246981 45.0
1.16371572 0.87412423 0.43057284 45.0
-0.94910711 -1.25091898 -1.53646302 45.0
-1.02723074 -1.80875576 -1.02707219 45.0
1.35389459 0.41419899 -0.21419579 45.0
0.71566087 -1.63150215 0.39176795 45.0
-1.20854139 0.86180645 1.03084850 45.0
-1.43338096 -1.41192889 -0.28368106 45.0
0.22904970 0.15919565 1.34405208 45.0
1.23384690 0.82562035 1.13240027 45.0
-0.50970578 0.75862825 -1.32551205 45.0
-0.12458806 -1.22981644 -1.32907271 45.0
0.95481169 -1.39435744 -1.77865314 45.0
1.32518709 -0.84155470 0.05681567 45.0
-0.73716712 1.01896811 -1.02604878 45.0
-1.25762892 0.91000986 0.92548305 45.0
-0.53450751 0.83258522 0.66985184 45.0
0.15640585 0.98363149 1.14600885 45.0
0.69796872 0.77926785 0.67935020 45.0
-0.99182665 0.83109283 -1.24295437 45.0
-1.17745125 0.79417735 0.96671689 45.0
-0.09030969 -0.26435870 1.46858859 45.0
-0.67383975 0.76505160 0.92394769 45.0
-0.47706673 0.78746843 0.91210544 45.0
1.32729030 -0.00879499 -0.38242376 45.0
-1.30556035 -1.70072794 -1.08896482 45.0
-0.92191136 -1.21498454 0.53850335 45.0
-0.82447028 0.93737966 -1.16852772 45.0
-0.93874466 0.82777297 0.90675545 45.0
0.06513835 0.82506698 0.70619625 45.0
-1.13601708 0.67527145 -1.46685076 45.0
1.37866557 -1.21842694 0.07288465 45.0
1.15231037 0.80950791 -1.13937759 45.0
0.56256318 -1.48187625 0.48324889 45.0
1.34884536 0.53964800 -0.21582790 45.0
0.45095903 0.78790629 0.98811090 45.0
1.32130206 -0.01033663 0.07089954 45.0
0.89867944 -1.50530899 -1.58459353 45.0
0.55592507 -1.35511088 -1.41508889 45.0
-1.38046193 -1.37537813 -1.55150795 45.0
-1.34879649 -0.74378079 -0.74605250 45.0
-0.12143217 -1.46715283 -1.33940268 45.0
-0.09617817 0.08588024 -1.32476306 45.0
-1.31490684 0.70947754 -0.08183348 45.0
0.92125571 0.99045610 -1.01214468 45.0
-1.39766514 -1.57017398 0.10415792 45.0
-1.24273431 0.83233351 0.88640302 45.0
1.21603894 1.00292587 1.15439355 45.0
-0.08759223 -1.86679876 -0.83385754 45.0
1.34963191 0.36970896 0.07274291 45.0
1.22697771 0.98812079 1.23417592 45.0
-1.28479135 0.07797251 -1.25920594 45.0
-0.35257936 -1.22974062 -1.35927343 45.0
-0.90953815 0.22814511 1.22500515 45.0
1.13950062 0.88456237 0.95484608 45.0
-1.27663910 -0.83731848 0.34948429 45.0
0.86632496 -1.81801724 0.09053738 45.0
1.04719186 -0.68732303 0.92366338 45.0
-0.56766516 -1.84711933 -0.51175016 45.0
-0.87021399 0.75029433 0.69646066 45.0
-0.92002034 -1.11756074 0.54977942 45.0
0.58992553 0.93084878 0.92872506 45.0
-0.42355344 -0.88241076 0.86075610 45.0
1.13389075 0.89646024 -0.91074049 45.0
-1.26104474 0.37173691 -1.78757012 45.0
-0.60053462 0.22731927 1.28411651 45.0
1.09159136 0.86090696 0.93700117 45.0
-0.80166864 -0.57797408 -1.43696749 45.0
0.22296031 -0.51524776 1.35002542 45.0
0.72482347 0.96749151 0.99138522 45.0
-1.01690388 -1.81672370 -0.44676229 45.0
-0.75906736 0.88513732 0.75735134 45.0
0.97653216 0.80070585 -1.27728629 45.0
0.88407052 0.22814511 1.22500515 45.0
-0.12163371 0.51571119 -1.32728708 45.0
-0.78797132 0.94096291 0.69825798 45.0
-0.80186301 -0.49638358 -1.43705380 45.0
-0.54547137 0.93985480 -1.18059850 45.0
1.22679305 0.76823032 0.93423599 45.0
0.97496241 0.80504626 0.62731892 45.0
0.97569060 0.74394721 0.67876494 45.0
-1.31265140 0.60141569 0.55315614 45.0
-0.25011453 -1.40379286 0.54931492 45.0
-0.90612501 -1.48307705 0.45544255 45.0
0.57038987 0.35300153 1.18927944 45.0
-1.22121489 -1.57685101 0.38879675 45.0
0.22769818 -0.88247949 0.87334114 45.0
-1.24256289 0.92382634 1.11447251 45.0
0.06612682 0.30803409 1.24910510 45.0
-0.61536998 0.83476496 0.66172403 45.0
-0.54855454 0.94471174 0.63495344 45.0
-0.12594494 0.21167244 -1.32334900 45.0
-1.04193068 0.63352543 -1.65776753 45.0
0.21274413 -1.78560734 0.25400800 45.0
-0.54933429 0.86496598 0.66527861 45.0
-0.34917763 -1.28184569 -1.36406946 45.0
-1.25581419 0.77413523 1.08410263 45.0
1.23401761 0.95840228 1.11493540 45.0
1.35227740 -1.12780857 -0.41814291 45.0
0.45007405 0.85589802 1.04330289 45.0
-1.25968099 0.89169359 1.14083350 45.0
-1.31452394 0.70952505 0.04040302 45.0
-0.79800409 0.66397357 -1.43207324 45.0
0.27901807 -1.69625735 -1.33315206 45.0
1.04845333 -1.21039093 -1.59076595 45.0
-1.26400280 -1.74501860 -0.59614575 45.0
-0.26451206 0.03280382 -1.35567200 45.0
-0.97961694 0.63600755 -1.60639107 45.0
-1.07633817 -0.84864467 -1.39477384 45.0
1.17710519 0.85632771 0.92823893 45.0
-1.26118922 0.80471170 0.86133063 45.0
1.16539538 -1.08988464 -1.36942852 45.0
-0.82679904 0.86661285 0.64453959 45.0
-0.86305237 -1.81964791 -0.16371143 45.0
0.39888299 0.22719646 1.29463196 45.0
-1.37067926 0.32384744 0.07540963 45.0
-0.80083448 0.05739924 -1.43659711 45.0
0.41536036 -0.94675756 -1.39618099 45.0
0.72828513 0.95215714 0.86088431 45.0
-1.14710414 -1.07292902 0.52894855 45.0
-0.60251880 -1.11626804 0.58013803 45.0
0.94850796 0.87479490 -1.19940150 45.0
1.30214989 -1.69748330 -0.01314901 45.0
-0.57703519 -1.46692657 -1.41211343 45.0
0.81986904 0.95591635 0.57240343 45.0
1.40484059 -1.44742584 0.03917749 45.0
-1.22855234 0.99028164 1.14100754 45.0
1.24974895 0.76044148 0.03867605 45.0
-0.94672322 0.99045610 -1.01214468 45.0
-0.08782636 0.74929529 0.77179515 45.0
1.40791333 -1.41192889 -0.28368106 45.0
-1.35572219 -0.41171947 -0.06178794 45.0
-1.21738815 0.84047210 0.13080545 45.0
-0.08027634 0.99791795 -1.02624655 45.0
-0.26467016 -0.24122825 -1.35588837 45.0
0.06146760 -1.82230508 -1.26186883 45.0
-0.79436791 1.00927198 1.13264668 45.0
1.16858757 -1.76891828 0.02008209 45.0
1.32534528 -0.32873425 0.07148222 45.0
-1.27804279 -1.72332764 -1.10442054 45.0
0.74619973 0.99531150 1.05802834 45.0
0.06146760 -1.82230508 -1.26186883 45.0
0.72385180 -1.74517488 -1.40989184 45.0
1.15205061 0.76943713 0.90815204 45.0
0.14045416 0.90622276 0.99099803 45.0
1.27355278 -1.67072153 -1.26352894 45.0
0.32397017 1.02867043 -1.00315583 45.0
1.08407843 0.93017751 0.46905842 45.0
0.56213886 -1.28173375 -1.40640545 45.0
-1.07045317 -0.09369083 1.18125939 45.0
1.21619260 0.97201234 1.14968908 45.0
0.98179328 -0.78492397 0.88902414 45.0
1.40427959 -1.33837736 -0.42316812 45.0
-1.42471373 -1.48472261 -0.21123388 45.0
1.23087144 0.92078036 1.19864893 45.0
-1.05718553 0.94332713 0.50017649 45.0
-1.34145534 0.41823974 0.42359102 45.0
-0.45493761 0.95269239 0.62806350 45.0
0.45110926 0.76654476 0.91784006 45.0
0.50076789 0.96047556 0.60762882 45.0
1.22245777 0.85680014 0.87091023 45.0
-1.25852394 0.76642573 1.01196611 45.0
-0.34652418 0.19081424 -1.35263932 45.0
-1.08963621 0.21650980 1.05537593 45.0
1.33029282 0.53964770 -0.95422280 45.0
1.23643553 -1.73584580 0.07468311 45.0
-1.26237607 0.32576478 -1.75166273 45.0
0.23898239 -0.65901917 -1.35558701 45.0
-0.82406783 0.23020470 -1.44388723 45.0
-1.06951523 -1.27884603 -1.76557755 45.0
0.60776591 -1.72438836 -1.40728617 45.0
-1.15651190 0.33126432 -1.84135890 45.0
1.01804757 0.96776497 -0.02330325 45.0
0.22866757 0.10217990 1.37475657 45.0
1.20798600 0.78107470 0.97403657 45.0
0.54733157 0.70772552 0.78993255 45.0
-1.35485399 -1.02112222 -0.57061392 45.0
1.17612529 -1.23499084 -1.68694913 45.0
-0.82480961 0.91344559 0.67517734 45.0
-1.24902618 0.98775899 1.19636261 45.0
0.76890039 1.00102055 1.13658774 45.0
0.54394680 0.88175923 -1.22870207 45.0
1.30831373 0.58139557 -1.22386813 45.0
1.17981780 1.01836097 1.10172069 45.0
1.12761045 0.91326517 0.40386519 45.0
0.06484210 -0.26435870 1.46858859 45.0
0.78051323 0.19088402 -1.43092167 45.0
-0.83365929 -1.78630292 0.19122840 45.0
-1.25444436 0.76724863 0.95536745 45.0
0.37834230 -1.86383235 -0.57168251 45.0
-0.57493585 -1.76104581 -1.40182459 45.0
1.32237768 0.02449260 -0.74090922 45.0
1.34038329 0.23365544 -0.05976675 45.0
-0.85187459 1.01855361 -0.50241596 45.0
-0.90066665 0.80438763 -1.29442585 45.0
-1.25403380 0.91953313 1.21117866 45.0
1.18110144 0.80040330 0.52756685 45.0
-1.38277149 -1.52455175 -1.24943078 45.0
-0.12173481 0.63416916 -1.32096434 45.0
-1.07570827 0.97393548 1.10925138 45.0
0.38610137 0.57750714 0.96845251 45.0
-0.34502235 -1.64615941 -1.34175313 45.0
1.33043301 -0.41171947 -0.21327472 45.0
-1.17910194 -1.68180203 -1.36113250 45.0
0.38257539 -1.66422200 0.39955506 45.0
0.07132263 0.87866801 0.68810004 45.0
0.87198776 -1.83969629 -0.50908673 45.0
1.26336396 -0.32847214 -1.26056850 45.0
-0.97752255 -1.58348405 -1.62103999 45.0
-1.25750399 0.80165792 1.12679470 45.0
-1.36178613 -1.19855964 0.37908730 45.0
-1.16997313 0.89718777 -0.72912806 45.0
-1.25539863 -1.74534011 -0.83030492 45.0
-1.20813143 0.79864442 0.88446009 45.0
-0.09178738 0.26630509 1.27976000 45.0
-1.36103845 0.27782553 -0.73109984 45.0
0.06341251 -1.66447711 0.43150738 45.0
-1.27357864 0.76153350 0.19127063 45.0
1.13718069 0.96266127 1.01473069 45.0
1.22994995 0.77098244 0.91524559 45.0
-0.80083448 0.05739924 -1.43659711 45.0
-1.09843194 0.95728171 -0.47123039 45.0
-0.08778827 -1.82416499 0.03918531 45.0
-1.20946240 0.83272761 1.00817192 45.0
1.05342150 -0.24136029 -1.39592803 45.0
1.26915491 -1.72347939 -0.80060834 45.0
0.54676318 0.70479149 -1.37134373 45.0
-1.07567990 -1.09460890 -1.39149678 45.0
0.64842927 0.78949952 0.98255992 45.0
-1.19173503 -0.41152814 -1.37439311 45.0
-1.36389315 0.58161980 0.21285434 45.0
-0.09560224 0.03282552 -1.32550538 45.0
0.06173818 0.97088510 0.59689707 45.0
-1.43338096 -1.41192889 -0.28368106 45.0
-1.05334294 0.91332889 0.56233418 45.0
1.37219739 -1.57017398 0.10415792 45.0
0.21414798 0.77817667 0.72669792 45.0
-0.24799493 -0.43378317 1.40721714 45.0
-1.14808416 0.46580711 -1.89851630 45.0
-1.17582881 -1.49509323 -1.82908273 45.0
0.06670474 -0.96584809 0.75091302 45.0
-0.18272541 0.80333954 1.00635898 45.0
1.25932372 0.07797251 -1.25920594 45.0
0.75019425 0.81017774 0.91068608 45.0
0.15376052 0.96798283 1.04089546 45.0
1.26976943 0.70858842 -0.97004050 45.0
0.56604445 0.44652870 1.10381985 45.0
0.57722789 0.12872967 1.34536672 45.0
1.00698590 0.91388041 -1.13768363 45.0
1.01338947 -1.69457984 -1.37837517 45.0
-1.42633045 -1.30122757 -0.14914694 45.0
-1.03135061 -1.80354691 -1.16568816 45.0
0.15460792 0.85519826 0.95877761 45.0
1.17272794 -1.74664235 -1.28002119 45.0
-1.35460782 0.32383284 -0.95742226 45.0
1.22970116 0.97149849 1.22556055 45.0
0.22897786 -1.11627817 0.61292624 45.0
-1.34373450 -1.08416128 -1.00207174 45.0
1.01913440 0.38348016 -1.87558353 45.0
1.36558986 -1.57425356 -0.82248127 45.0
1.22351372 1.00164032 1.18544507 45.0
0.56317836 0.49182561 1.05356729 45.0
1.05592108 0.15654835 -1.39699674 45.0
1.24529219 -1.74295187 -0.26576361 45.0
1.21948445 0.79799312 0.86627793 45.0
-0.09218686 0.10220699 1.37898445 45.0
0.87024862 1.01075625 1.12791955 45.0
0.85132962 0.98735791 0.22645062 45.0
1.15218985 -1.42158294 -1.89622331 45.0
0.92898750 -0.32669282 -1.41467714 45.0
-0.89217526 0.73218995 -1.39058971 45.0
-1.14154434 0.80577761 0.59255427 45.0
-1.37115550 0.49858725 -0.72946012 45.0
-1.17179179 1.01641858 1.08711100 45.0
1.28943920 0.70947754 -0.08183348 45.0
-0.95649880 0.97345656 0.38739613 45.0
1.05024076 0.97393548 1.10925138 45.0
0.77369839 0.87987024 0.68441886 45.0
1.14687574 1.01816356 1.10225761 45.0
-0.89905864 0.95021486 0.56663281 45.0
-0.08999454 0.53541732 1.03463411 45.0
0.22380245 0.83531195 -1.20051003 45.0
1.33464777 0.32385197 0.23311132 45.0
-0.70790094 0.87276834 0.66514271 45.0
0.64850330 0.77756780 0.96851623 45.0
-0.80649239 -1.03266644 -1.43407261 45.0
-1.35511160 -0.65478784 -0.39380434 45.0
0.15730560 0.78693306 0.99150163 45.0
-1.12235475 0.84716344 0.57798070 45.0
0.64490867 1.00754654 1.13805568 45.0
1.12663794 -1.77028358 0.12341730 45.0
-0.59960431 0.96608305 0.58047980 45.0
-0.47231239 0.93150854 0.64397150 45.0
-1.25943005 0.77410698 1.07539284 45.0
-1.22867370 0.97294509 1.13153708 45.0
-0.63896471 1.03379393 -0.40336648 45.0
1.20389879 -1.72904122 0.19507514 45.0
1.22775495 0.99333215 0.95146143 45.0
0.98911101 0.53257132 0.90501189 45.0
-1.25229585 0.77111900 0.99341428 45.0
0.21547304 -1.73762619 0.33596286 45.0
-0.79293853 0.95900244 0.57931775 45.0
0.88742620 0.12943865 1.28479183 45.0
-1.37475109 -1.17136931 -0.98893040 45.0
1.29140735 0.36968768 -1.54620039 45.0
1.24997926 0.76086611 -0.08256312 45.0
0.22919434 -1.07101333 0.62393928 45.0
-1.25701606 0.76550472 1.01422298 45.0
1.32780635 -0.00898362 -0.21375121 45.0
1.21522439 -1.74465680 -1.11993492 45.0
1.02313030 -1.66070330 0.35069469 45.0
1.33161151 -0.24458838 -0.21355988 45.0
0.72582346 -1.48287761 0.46741739 45.0
-0.41395950 -1.53224659 0.47918218 45.0
0.74251765 -1.85866332 -1.06332362 45.0
-0.61539310 0.93084878 0.92872506 45.0
1.06264174 0.43373850 0.90376568 45.0
-0.40804297 -1.66422200 0.39955506 45.0
-1.21037447 0.84252065 -0.71756446 45.0
-1.35429931 -0.74378079 -0.56712419 45.0
-1.34995961 0.10961223 -0.55283588 45.0
0.92058176 -1.69817424 -1.39537609 45.0
-0.08888010 -1.66447711 0.43150738 45.0
-1.39000583 -1.21842694 -0.98158395 45.0
0.56317836 0.49182561 1.05356729 45.0
1.01112390 0.82359678 0.61429220 45.0
1.22806871 0.91384697 0.88943613 45.0
-0.12227153 -1.35531628 -1.34231126 45.0
-0.34360313 0.51565236 -1.35747075 45.0
0.79166359 0.81848484 0.64130425 45.0
-1.13865912 0.77422714 0.93556404 45.0
-0.90033388 0.78067333 0.95720422 45.0
-1.26102257 0.89723343 1.07393122 45.0
1.01206458 -1.81123602 -0.16016217 45.0
-1.20641768 0.81446117 0.89468414 45.0
0.87039083 0.97237581 1.11531413 45.0
-1.20059979 -1.16530693 0.52413863 45.0
1.13824034 0.62684095 -1.65941870 45.0
-1.20436454 -1.16068292 -1.42686403 45.0
-1.25541759 0.77098244 0.91524559 45.0
0.15832968 0.78672642 0.91552746 45.0
0.88638622 -1.13838542 -1.43435478 45.0
-0.75176293 0.94846177 0.71674579 45.0
-1.35326719 0.14778896 0.07624273 45.0
1.22571564 1.01861989 1.00030220 45.0
-1.37439811 -1.57304490 -1.24836564 45.0
0.85937810 0.87748349 0.89986777 45.0
1.33110225 -0.24457134 -0.38242549 45.0
-0.86167747 0.96269345 0.55160683 45.0
-1.20059979 -1.16530693 0.52413863 45.0
-1.06425750 0.87308437 0.58388454 45.0
-1.25516880 0.97149849 1.22556055 45.0
-0.12182309 -1.61874640 -1.31733203 45.0
-0.63896471 1.03379393 -0.40336648 45.0
1.40507281 -1.33837736 -0.26724687 45.0
0.52388853 -1.13823330 -1.39259064 45.0
0.58479667 0.97509706 0.49363238 45.0
-1.34145534 0.41823974 0.42359102 45.0
-0.97589225 -1.50589800 -1.72845852 45.0
-0.82718581 0.89717996 0.67452765 45.0
-0.55334944 -1.84833622 -1.30262017 45.0
0.44850585 1.01038015 1.13383114 45.0
-0.35861790 0.95190513 0.63610286 45.0
-1.25795603 0.80949092 0.82850462 45.0
-0.10053784 0.11952338 -1.32403421 45.0
1.22656167 0.79890096 0.84195983 45.0
-1.25205457 1.00164437 1.21474266 45.0
-1.04604185 0.81187117 0.61796546 45.0
0.22912107 -1.02703977 0.65699625 45.0
1.21825266 0.21627153 -1.52457404 45.0
0.24389666 -1.72437131 -1.33107495 45.0
1.22743571 0.96991503 1.23750889 45.0
-1.24166012 0.97201234 1.14968908 45.0
1.22006238 0.83071756 1.04418254 45.0
-0.36802372 0.85639483 0.67795432 45.0
0.91208857 -1.31823504 -1.58854687 45.0
1.22467065 0.99390459 0.93793201 45.0
1.20001101 0.91293204 0.95986825 45.0
-1.20808434 -0.55487353 0.63973814 45.0
-1.14001536 -0.11019514 0.97517365 45.0
-1.06046104 -0.43698686 1.15113449 45.0
0.39369422 -0.68680197 1.15520930 45.0
-1.18918335 0.87412423 0.43057284 45.0
-1.26248634 0.84018934 0.94947499 45.0
-1.27537096 0.76086611 -0.21840167 45.0
0.31869927 -1.39291465 -1.37187839 45.0
0.87489009 0.77257586 0.94260496 45.0
-0.88983244 -0.26406538 1.38835919 45.0
-1.31265140 0.60141569 0.55315614 45.0
-1.22491455 0.96491796 1.00011384 45.0
1.30837858 0.04808915 -1.00493300 45.0
0.86677450 -0.17864828 1.38132143 45.0
1.22417343 0.83334738 0.83811784 45.0
0.87409222 0.40088475 1.09386170 45.0
1.33025467 -0.41171947 -0.06178794 45.0
0.83925962 0.83332515 0.63065845 45.0
0.77253646 0.66397357 -1.43207324 45.0
1.13291717 0.09788941 0.92621648 45.0
1.22096527 0.94649535 0.89845729 45.0
-1.35736811 -1.02112222 -0.09723791 45.0
-1.20340240 -1.13235521 -1.37526453 45.0
0.06290159 -1.81943941 -0.25277123 45.0
-1.24964094 0.83334738 0.83811784 45.0
0.64567620 0.92132312 1.08664894 45.0
1.20350122 0.95149523 1.11530530 45.0
-0.35861790 0.95190513 0.63610286 45.0
1.15123570 0.77693355 0.88672519 45.0
0.90292680 0.47435108 -1.60831475 45.0
1.24516785 0.38978171 0.61627138 45.0
0.54396737 0.74931288 0.73227972 45.0
1.37855172 -1.46280372 0.30501327 45.0
1.40791333 -1.41192889 -0.28368106 45.0
-1.22541964 0.74130601 -1.19942224 45.0
1.38044739 -1.21842694 -0.59481305 45.0
0.06631980 0.26630509 1.27976000 45.0
0.06237693 -1.86895716 -0.66745716 45.0
-1.36011529 0.32385197 0.23311132 45.0
-1.24071860 0.16960616 0.65608823 45.0
0.20449725 0.81168652 0.70293635 45.0
1.31197226 0.14906992 -0.98977417 45.0
0.88407052 0.22814511 1.22500515 45.0
1.23270380 0.77764267 0.87665999 45.0
-1.01806378 0.15753260 1.20224774 45.0
1.40067089 -1.33428586 0.21132335 45.0
0.96943659 0.33898044 -1.73867106 45.0
1.32680440 0.62636852 0.20734431 45.0
0.93349814 -1.19860387 -1.47316980 45.0
1.20305443 1.01205218 1.13282704 45.0
-0.26432383 0.05683606 -1.35541427 45.0
0.94176829 0.80593604 0.89684337 45.0
0.81643778 1.00869179 -1.01380956 45.0
-0.24253589 -1.81938612 -0.27264920 45.0
-0.60891920 0.81666613 0.66663897 45.0
-1.25968099 0.89169359 1.14083350 45.0
1.27567804 -1.72341061 -0.56316757 45.0
-1.11929059 0.91307825 0.97634941 45.0
1.22087121 0.79175740 1.01027584 45.0
1.05499303 0.78221756 0.95024985 45.0
0.54164684 -1.78678548 -1.39348924 45.0
0.77986312 -1.83087957 0.02372555 45.0
0.30132407 -1.13832974 -1.35043609 45.0
-0.62565863 1.03360999 -0.64631188 45.0
-0.89948028 0.83159429 1.00441074 45.0
-0.58760643 -1.28173375 -1.40640545 45.0
-0.66970658 1.01352227 1.11641037 45.0
0.60085148 -0.74962837 -1.43199503 45.0
1.13453901 0.22482415 -1.56418610 45.0
-1.07863843 0.86223406 1.02010715 45.0
-1.37266386 0.32383284 -0.38227600 45.0
0.73881352 0.97591084 0.47841790 45.0
0.73339903 0.40068832 1.12974095 45.0
-1.24119186 1.01820731 1.07388413 45.0
1.22837913 0.78875172 1.06124222 45.0
1.29259598 0.55966526 0.56293893 45.0
-0.77040648 0.98924577 -1.11291802 45.0
-0.95407748 -0.00032790 -1.41459513 45.0
-0.73348606 0.75050914 0.71423292 45.0
1.39921844 -1.48457217 -0.11159839 45.0
1.37767053 -1.33837736 -1.24789286 45.0
-1.32440984 -0.49509922 0.21651193 45.0
-1.25943005 0.77410698 1.07539284 45.0
-1.19239783 -0.24273479 -1.37439644 45.0
0.44929230 0.99555558 1.07236409 45.0
-1.35324383 -0.65478784 -0.56309134 45.0
-0.99216086 0.15815452 -1.41461360 45.0
0.41840947 0.80343097 -1.27600634 45.0
1.35499442 -1.37537813 -1.55150795 45.0
1.05113661 0.92609310 1.06970227 45.0
-1.40401936 -1.46280372 0.30501327 45.0
0.96529001 -0.51489818 1.20812857 45.0
-0.12257981 0.38442159 -1.34457207 45.0
1.19944692 0.96491796 1.00011384 45.0
0.96785271 0.77259940 0.65092009 45.0
-1.13601708 0.67527145 -1.46685076 45.0
-0.09565306 -0.06043642 -1.32571483 45.0
1.33842909 0.19111165 -0.21278891 45.0
-0.55469668 0.88375610 0.66252476 45.0
-0.74931115 0.97027200 0.54318589 45.0
-0.85897654 0.79874295 0.64726222 45.0
-1.13373983 0.99121886 1.12112188 45.0
0.70424867 0.94233644 0.77823323 45.0
1.20798647 0.76901889 0.91692853 45.0
-1.07886779 -0.32697299 -1.39592469 45.0
-1.37865734 0.49858823 -0.21530697 45.0
1.13024616 0.07243226 0.93509936 45.0
-1.21632504 0.50174642 0.73161989 45.0
0.86355811 0.57892513 0.90688664 45.0
1.40078533 -1.30122757 -0.05866286 45.0
0.79860032 0.23020470 -1.44388723 45.0
1.38954449 -1.52482545 -0.35567671 45.0
-1.16496825 0.88456237 0.95484608 45.0
-1.22849870 1.01684320 1.11803436 45.0
0.32774988 0.25641465 -1.36039770 45.0
1.26293683 -1.02277720 -1.25651121 45.0
0.71550220 1.02790141 -0.63818580 45.0
0.21227784 1.01665866 -0.16557187 45.0
-1.25352430 1.00260770 1.20552337 45.0
0.21239200 -1.83053887 0.08571722 45.0
-1.32276535 -0.65478784 0.20805052 45.0
0.67546654 0.93059945 0.85410416 45.0
0.93812084 0.95090199 0.54444975 45.0
-1.32604086 0.07479592 0.22651507 45.0
0.22425351 -1.74407566 -1.32913601 45.0
-1.25444436 0.76724863 0.95536745 45.0
1.27697563 0.71268940 0.38216010 45.0
-1.13370955 1.01235807 1.12268388 45.0
-0.44320440 -0.06047103 -1.39811051 45.0
1.23786604 0.79787570 0.92218465 45.0
1.18102789 0.92568964 1.08019209 45.0
0.71458429 0.95420992 0.61457181 45.0
-1.40899432 -1.21842694 -0.26206300 45.0
-0.83312643 -1.85566235 -0.90703398 45.0
-1.32612264 -0.41171947 0.21796957 45.0
-1.16085005 -1.77674901 -0.86431009 45.0
0.21547304 -1.73762619 0.33596286 45.0
1.19145906 0.84191263 -0.12251446 45.0
1.40786934 -1.41185367 -0.06817371 45.0
0.35220402 0.89464772 0.66540307 45.0
0.33250329 1.03796816 -0.36740735 45.0
-0.70026690 0.87603545 0.89413923 45.0
-1.24947047 0.94811398 1.18186808 45.0
0.54396737 0.74931288 0.73227972 45.0
1.19192052 0.84047210 0.13080545 45.0
0.95347309 0.70662767 -1.40647471 45.0
1.31151485 0.32383284 -1.23543692 45.0
0.09779412 0.33771637 -1.34079874 45.0
1.13376689 -1.77196693 -1.14445162 45.0
-1.23852241 0.96627158 0.98538059 45.0
-0.99185711 1.01619375 1.11548674 45.0
-1.25217521 0.79038465 1.03407216 45.0
1.25948644 0.73927039 -0.73129535 45.0
1.23621476 0.82819575 1.09577560 45.0
-1.16319156 0.83750159 0.55534744 45.0
-0.25051624 0.88223958 0.67869717 45.0
0.22208330 -1.53238571 0.49677452 45.0
0.07018588 -0.32695130 -1.32571650 45.0
0.44309595 0.11945545 -1.39639115 45.0
0.95038700 -1.46861923 -1.75968981 45.0
-0.84190542 1.00869179 -1.01380956 45.0
0.60034335 0.92306769 0.66317075 45.0
-0.62808335 0.90676308 0.66755390 45.0
0.34255615 0.85639483 0.67795432 45.0
0.45104098 0.76345950 0.92949772 45.0
-1.24351525 0.89258766 1.09117925 45.0
-1.35275793 -0.00879499 -0.38242376 45.0
1.10968351 -0.28489041 0.99105775 45.0
1.39565516 -1.29713655 0.21886814 45.0
-1.01025259 0.86770564 0.59911740 45.0
-0.98027921 -1.39435744 -1.77865314 45.0
-0.08926693 -1.63044930 0.45678690 45.0
1.18307388 0.86180645 1.03084850 45.0
-1.22765732 -1.52371037 0.41533113 45.0
-1.38457572 -1.33837736 -1.54249775 45.0
-0.44318005 -0.49635500 -1.39809072 45.0
-1.35222006 0.07658149 -0.38240644 45.0
1.14942873 -1.57383752 -1.67954934 45.0
1.18493199 0.77379614 0.94452906 45.0
1.23786604 0.79787570 0.92218465 45.0
1.21222973 0.78085613 -0.95606512 45.0
-0.73120230 0.89770257 0.76185107 45.0
-0.66668862 0.78088707 -1.33616340 45.0
-1.27905703 -1.19223523 -1.54663646 45.0
1.32332468 -0.65478784 0.06871127 45.0
0.54733157 0.70772552 0.78993255 45.0
-0.88841331 -0.34868672 1.37172914 45.0
-1.24226177 -1.24848628 0.51089358 45.0
-0.47649804 0.96697700 1.02423847 45.0
-1.40438616 -1.28077185 0.36275941 45.0
-0.83230919 0.87051690 0.88179189 45.0
-1.34701979 0.23418529 -0.96473825 45.0
-1.25044370 -1.74501407 -0.95280468 45.0
-1.25313306 0.88754213 1.18642259 45.0
0.42443579 -1.03203285 -1.39511824 45.0
0.70768523 0.15719236 -1.43015552 45.0
-0.18189469 1.00937665 1.13701630 45.0
-1.16390848 0.91286254 0.97588545 45.0
-1.37652218 -1.21776843 -1.23227835 45.0
0.06419036 -1.58619952 0.48298976 45.0
1.35463727 0.45707366 -0.06780387 45.0
0.65158939 0.96084774 0.59342200 45.0
0.64423901 1.01352227 1.11641037 45.0
1.21608400 0.80577236 -0.09214912 45.0
0.91020995 -1.83822513 -0.59259450 45.0
-0.97907764 0.47488758 -1.77826297 45.0
1.35409057 0.41420823 -0.06558326 45.0
1.22061706 0.80814469 1.02585173 45.0
-0.42574000 -1.11618423 0.59687835 45.0
-1.09843194 0.95728171 -0.47123039 45.0
1.24913239 0.54213190 -1.73575163 45.0
1.32434714 0.27791035 -0.95925862 45.0
-0.92839432 0.47435108 -1.60831475 45.0
0.32043856 0.97204494 0.56008106 45.0
-1.05648422 0.79830784 0.62289184 45.0
0.94635034 0.96489018 -1.08726180 45.0
1.31205702 0.67067933 -0.08026841 45.0
-0.62731475 -0.00103745 -1.43256617 45.0
-0.80166864 -0.57797408 -1.43696749 45.0
1.33897877 -1.33264637 0.44482383 45.0
-1.11929059 0.91307825 0.97634941 45.0
1.33137643 -0.32873425 -0.06259867 45.0
-0.58307254 0.19076687 -1.39482331 45.0
1.21214068 -1.43321586 0.45190671 45.0
-1.05922294 0.88740003 0.57715315 45.0
-0.47397336 1.01038015 1.13383114 45.0
-0.09084116 -0.08671836 1.44175351 45.0
1.09936917 0.81882834 0.90414596 45.0
0.63432914 0.98155361 1.03994441 45.0
0.31813556 0.51565236 -1.35747075 45.0
-1.41851759 -1.30122757 -0.76672882 45.0
-1.05718553 0.94332713 0.50017649 45.0
-0.12182309 -1.61874640 -1.31733203 45.0
1.22334230 1.01991653 1.09452307 45.0
0.45327166 0.85755324 0.94642872 45.0
-1.25464642 0.88129330 0.86874080 45.0
1.34028411 0.32383284 -0.73058563 45.0
-1.24643981 0.77997231 0.99376065 45.0
0.96872783 0.89445299 1.04766929 45.0
0.68229878 -1.84683502 -0.52165782 45.0
-0.39990348 -1.86287248 -1.04128158 45.0
-0.07804418 1.04252708 -0.42678288 45.0
-0.08955929 0.57766002 0.98760587 45.0
1.39574003 -1.48472261 -0.61446476 45.0
0.76857424 1.01371253 1.12321842 45.0
0.99637884 -1.72274733 -1.37149858 45.0
-0.86387116 1.01755631 -0.39448848 45.0
-1.26400280 -1.74501860 -0.59614575 45.0
-1.37736154 0.41421884 0.06949598 45.0
0.56972206 0.00027046 1.39874625 45.0
0.85132962 0.98735791 0.22645062 45.0
0.72963768 0.94933110 0.78846556 45.0
1.29049945 -1.37779427 -1.79563296 45.0
-1.40217185 -1.26237822 -0.98117435 45.0
-0.08833231 0.97648478 0.52006674 45.0
1.35910797 -1.33837736 -1.54249775 45.0
-0.79430485 -1.46706426 -1.47628927 45.0
-1.28717554 0.04931536 -1.26018620 45.0
-1.07686007 -1.18512154 -1.50393641 45.0
-0.42198527 -1.29185104 0.56998593 45.0
-1.35222006 0.07658149 -0.38240644 45.0
0.93724012 0.73265409 -1.37049329 45.0
0.09615833 0.59794497 -1.32296979 45.0
1.21943641 0.98788553 0.98756468 45.0
0.09680394 -1.35531628 -1.34231126 45.0
1.24962616 -0.06595469 0.42352027 45.0
0.70195049 0.75043970 0.71496558 45.0
-0.24805725 -0.34887457 1.44855511 45.0
-0.88978565 0.15778989 -1.43552208 45.0
0.36064595 0.94033402 -1.14828908 45.0
1.22969663 0.77745306 0.87100965 45.0
0.09779412 0.33771637 -1.34079874 45.0
-1.28845572 -0.74458075 -1.25928092 45.0
-1.13853502 0.76947540 0.90703177 45.0
1.22600603 0.94679773 1.22429705 45.0
0.44050556 0.86050987 0.67000175 45.0
-1.03118277 0.95507318 0.46162897 45.0
-0.62662244 0.05689974 -1.43216920 45.0
-1.17765737 -1.42158294 -1.89622331 45.0
-1.23680902 0.78290385 0.46844423 45.0
-0.69463521 0.98872596 0.23637560 45.0
1.05266285 0.03233864 -1.39571488 45.0
-1.29029632 0.73942161 -0.55124450 45.0
0.68499488 -1.69627368 -1.40970564 45.0
-1.33208215 -1.02027869 0.15897968 45.0
1.11138415 0.77718741 0.88740301 45.0
1.09503043 0.72983634 0.65666741 45.0
-0.58228207 0.57768375 0.95502698 45.0
1.09180486 0.78954166 0.61307752 45.0
-1.25144029 0.78585702 0.86067045 45.0
1.22743571 0.96991503 1.23750889 45.0
0.95205504 -1.58348405 -1.62103999 45.0
0.06281256 0.70770597 0.82765269 45.0
-0.96909416 0.99413019 -0.75888598 45.0
0.59294188 0.95407772 0.62010932 45.0
0.21271150 -1.82225168 -1.29142499 45.0
-1.17727911 0.89857566 -0.41917825 45.0
-1.26148868 0.87040246 0.96952289 45.0
-0.85187459 1.01855361 -0.50241596 45.0
1.38964307 -1.52444947 -0.02805519 45.0
1.11054957 0.67527145 -1.46685076 45.0
-1.43059266 -1.33837736 -0.06118329 45.0
1.14185894 0.36837891 0.79977739 45.0
-0.44321078 -0.24122889 -1.39811563 45.0
1.35266888 -1.62304437 0.06635432 45.0
0.95114881 -1.54402506 -1.68359113 45.0
-0.75783080 -0.68704575 1.12368798 45.0
-0.58011466 -1.63035572 0.40714633 45.0
1.14632428 1.01641858 1.08711100 45.0
1.32777619 -0.65478784 -0.56309134 45.0
-1.34977162 -0.74378079 0.06382988 45.0
1.34259570 0.41422608 0.22971441 45.0
1.06580698 0.95465142 -0.74940503 45.0
0.15640016 0.99660873 1.15040481 45.0
1.30896258 -0.41171947 -1.00516617 45.0
1.33677113 -1.57079804 -1.46192503 45.0
-1.31694603 -1.62840950 0.30794168 45.0
-0.07804418 1.04252708 -0.42678288 45.0
-1.25502968 0.88755065 1.19028890 45.0
0.87198776 -1.83969629 -0.50908673 45.0
1.15555000 -1.20376575 -1.59313428 45.0
-1.01292181 -1.80120456 -1.27695882 45.0
1.32237768 0.02449260 -0.74090922 45.0
1.33627462 -1.36897516 0.43274859 45.0
-1.30120516 0.15176274 0.42536932 45.0
0.77173537 -1.61865306 -1.43648839 45.0
-1.41875637 -1.26237822 -0.42349952 45.0
-1.28819180 -0.93867946 -1.25820351 45.0
1.20615339 0.86098713 1.04565072 45.0
1.06991673 0.94009382 -0.18343972 45.0
-0.88978565 0.15778989 -1.43552208 45.0
1.22805679 1.00260770 1.20552337 45.0
1.23048818 1.01116931 1.13596642 45.0
-1.36174226 -1.36897516 0.43274859 45.0
-1.25368369 0.83078378 0.82509601 45.0
0.85720468 0.94093269 0.58604544 45.0
-0.99238104 0.97344559 1.11142874 45.0
-0.69589537 0.98002374 0.40669981 45.0
1.21353412 0.91361237 0.94519913 45.0
1.26738799 0.73942161 -0.08232145 45.0
-0.09177965 -1.25421119 0.60560769 45.0
1.26342022 -0.24409389 -1.26057112 45.0
1.31067097 -1.02128041 -1.00314260 45.0
-1.32766855 -1.68199706 0.15936042 45.0
0.07018077 -0.49640116 -1.32569551 45.0
0.92456031 0.29371431 -1.56547081 45.0
-0.79755098 -0.94729495 -1.43513858 45.0
-1.33745337 0.67067933 -0.21783991 45.0
-1.17040288 0.89414787 -0.19408207 45.0
1.40786934 -1.41185367 -0.06817371 45.0
0.42018178 0.81438285 0.68305981 45.0
0.66591984 0.91030163 0.70130217 45.0
-1.24965096 1.01816297 1.00007415 45.0
-0.62631899 -0.74962837 -1.43199503 45.0
-0.84457338 1.01309860 -0.22759402 45.0
0.80854464 -1.85116053 -1.04951251 45.0
0.39108363 -0.17905262 1.45335889 45.0
0.38175857 0.66198826 0.86628467 45.0
0.39108363 -0.17905262 1.45335889 45.0
-1.23345399 0.76901889 0.91692853 45.0
-0.92486334 -1.54338312 -1.56065702 45.0
-0.83401215 -1.85116053 -1.04951251 45.0
0.06341251 -1.66447711 0.43150738 45.0
0.31800622 0.55747098 -1.35239875 45.0
-1.35804379 -1.40493369 0.41822380 45.0
1.21572435 1.01820731 1.07388413 45.0
1.18307388 0.86180645 1.03084850 45.0
1.31433511 0.53964770 -1.22916842 45.0
0.97964996 0.88334709 0.59215504 45.0
1.22099698 0.77220541 0.97384137 45.0
-0.22996481 0.81168652 0.70293635 45.0
0.70322114 0.94702375 0.71114790 45.0
-1.13447809 0.78689760 0.88576549 45.0
1.34428716 0.36968768 -0.73030907 45.0
-0.42146125 -0.78602350 1.01269269 45.0
-0.24993451 0.44644716 1.12516606 45.0
0.09596459 -1.46715283 -1.33940268 45.0
1.23260510 0.95224351 1.18013752 45.0
1.22416830 0.98714536 1.21758306 45.0
1.36893916 -1.44817781 -1.25363934 45.0
-1.36103845 0.27782553 -0.73109984 45.0
1.25361252 0.75479454 0.19201428 45.0
-1.07919347 0.77172178 0.89590096 45.0
-1.34961593 -0.41171947 0.07239023 45.0
1.40791333 -1.41192889 -0.28368106 45.0
-0.39990348 -1.86287248 -1.04128158 45.0
-0.41546461 -0.26435551 1.46050501 45.0
0.77046138 0.59796792 -1.45314813 45.0
-1.25222874 0.85468000 0.83919877 45.0
0.56846410 0.39985427 1.14953935 45.0
1.34461951 -1.62694359 -0.85217923 45.0
1.22894979 0.98972005 1.22250843 45.0
-1.40049899 -1.57441330 -0.39850670 45.0
1.35839808 -1.17112672 0.08118837 45.0
1.30437374 0.67052263 -0.73084098 45.0
0.98597485 0.06246480 1.24838006 45.0
-0.09233613 -1.02710009 0.66804272 45.0
1.35329425 0.49859163 -0.07005950 45.0
-0.41655117 -0.17905262 1.45335889 45.0
-0.99185711 1.01619375 1.11548674 45.0
0.07132263 0.87866801 0.68810004 45.0
-1.34249234 0.49858725 -1.23388445 45.0
-0.99223238 1.00356698 1.12809491 45.0
1.15624809 0.79731637 0.56826276 45.0
1.22339666 -1.32316804 0.49472693 45.0
0.65374100 -1.84752584 -1.30781937 45.0
-0.66317296 0.83248103 0.92726421 45.0
0.39157611 -0.59626442 1.26665485 45.0
1.03742552 -0.26939574 1.20584798 45.0
0.57705122 -1.11626804 0.58013803 45.0
-1.34314704 0.45706418 -1.23716843 45.0
-1.31229234 0.51862556 0.57768279 45.0
-0.79809600 -1.81990004 -1.35036933 45.0
0.56131184 -0.43374184 1.39217091 45.0
-0.59010017 -0.59626830 1.25588989 45.0
-1.38024306 -1.62713301 -0.34659845 45.0
0.66054040 -1.09550428 -1.42805231 45.0
-0.97909373 0.59962785 -1.67370391 45.0
0.84255314 0.93146175 0.60848153 45.0
-0.88070852 0.93892574 0.93818903 45.0
1.22400296 0.94811398 1.18186808 45.0
1.19368541 0.70946956 0.61622179 45.0
-0.43694016 0.90733987 0.96654308 45.0
-1.31265140 0.60141569 0.55315614 45.0
-0.90249902 -1.53365505 0.43410769 45.0
-0.26465216 -0.49638194 -1.35586381 45.0
0.98883134 -1.16728222 -1.44259715 45.0
-0.46312124 0.88317478 0.95519298 45.0
0.85577208 0.90365231 0.62479663 45.0
0.96362793 -0.34902152 1.30513322 45.0
0.18432198 1.03001547 -0.96611148 45.0
1.11054957 0.67527145 -1.46685076 45.0
-1.31450617 0.23650853 -1.46042180 45.0
1.16689098 -0.32772607 -1.37439311 45.0
1.32651150 0.62636852 -0.55161673 45.0
-1.33613849 -1.02128041 -1.00314260 45.0
1.16575992 -0.49572861 -1.37436616 45.0
1.13113058 0.84690660 -1.10441744 45.0
0.77155882 0.85920167 1.03214407 45.0
-0.61175299 0.79818803 0.67463481 45.0
0.22905028 0.12866259 1.36143565 45.0
-1.27518046 -0.57107770 0.39562711 45.0
0.93450898 -1.81771541 -0.16181025 45.0
-1.24608469 0.80814469 1.02585173 45.0
1.22747064 0.97173733 0.93065828 45.0
-0.41156891 0.57750714 0.96845251 45.0
-1.24779415 0.94933498 1.15663993 45.0
-0.43890807 0.96574551 0.59704548 45.0
-0.97599143 0.99721688 -0.49696720 45.0
-0.99852216 0.91060728 0.57851970 45.0
-0.53450751 0.83258522 0.66985184 45.0
-0.42435056 0.22719646 1.29463196 45.0
0.21274413 -1.78560734 0.25400800 45.0
1.32992744 -0.41171947 -0.38242543 45.0
-0.89833361 -1.58743167 0.40755731 45.0
-0.80142409 0.03334247 -1.43685889 45.0
0.64490867 0.99929267 1.14202785 45.0
0.77852845 0.08644740 -1.43609726 45.0
1.22409809 1.00113738 1.20218527 45.0
1.31433511 0.53964770 -1.22916842 45.0
0.95681340 0.43115827 -1.78510261 45.0
-1.32253289 0.62524742 -1.21930110 45.0
-1.33745337 0.67067933 -0.21783991 45.0
0.39888299 0.22719646 1.29463196 45.0
-1.28495407 0.73927039 -0.73129535 45.0
-0.81770116 -1.22855020 -1.44871747 45.0
0.92893809 -0.41134471 -1.41467714 45.0
-1.36682725 0.53964770 -0.72915488 45.0
1.23384690 0.82562035 1.13240027 45.0
-1.04562390 -1.61780941 -1.57755971 45.0
0.82332730 0.84951872 0.63225758 45.0
-0.91221327 -1.40490389 0.48653829 45.0
1.05271220 -0.57761198 -1.39582002 45.0
-1.09963441 0.80372375 0.61030787 45.0
1.22956204 0.88755065 1.19028890 45.0
1.16468382 -0.00463768 -1.37431419 45.0
-0.78844815 0.86975217 0.87647855 45.0
-0.61026424 0.97509706 0.49363238 45.0
0.76903069 0.97087389 1.12030029 45.0
-0.24799493 -0.43378317 1.40721714 45.0
-0.86373818 0.99588090 1.05282104 45.0
-1.13235545 -0.53163761 0.90333241 45.0
-0.76798522 -1.85866332 -1.06332362 45.0
-1.25384665 0.78875172 1.06124222 45.0
1.05150616 -0.00779427 1.15879834 45.0
-1.26097500 0.77581728 0.91802698 45.0
-1.35326719 0.14778896 0.07624273 45.0
1.26976943 0.70858842 -0.97004050 45.0
1.25830507 -0.06613977 -1.26056707 45.0
-0.95363331 -0.65929490 -1.41437984 45.0
0.96203017 0.81972742 0.62236333 45.0
-0.08894202 1.00208139 0.05114606 45.0
0.07018996 -0.14728817 -1.32573330 45.0
0.32397017 1.02867043 -1.00315583 45.0
0.74376035 0.19291921 1.28646445 45.0
-1.34474361 0.07660149 -0.74062765 45.0
-1.26262152 0.78443354 0.91755831 45.0
-0.90033388 0.78067333 0.95720422 45.0
-0.81922334 0.88484758 0.67618620 45.0
-1.19069374 -0.14959757 -1.37440944 45.0
1.21943641 0.98788553 0.98756468 45.0
0.96669334 0.15815452 -1.41461360 45.0
-1.17727792 0.77162319 0.89576077 45.0
1.22916949 0.78654617 0.83744055 45.0
1.16577613 -0.65698916 -1.37403440 45.0
0.56518227 0.29285175 -1.40808213 45.0
0.96943659 0.33898044 -1.73867106 45.0
1.05190349 -0.74916923 -1.39529359 45.0
-1.25243032 0.79918432 0.82888138 45.0
-1.15795183 0.69057894 -1.39132535 45.0
0.67637807 0.91191304 0.84470701 45.0
-1.25214243 0.85695088 1.11777246 45.0
-1.22936630 -1.72904122 0.19507514 45.0
0.09503914 0.70496041 -1.29955041 45.0
0.80101979 0.95105118 0.93054563 45.0
-0.99885547 -1.28177059 -1.68828404 45.0
0.56438607 -1.74409151 -1.40530384 45.0
-0.74805337 0.53640872 0.98463750 45.0
-0.38611352 0.94033402 -1.14828908 45.0
-0.60022748 -1.21404874 0.56834298 45.0
-0.57493585 -1.76104581 -1.40182459 45.0
0.57740062 -1.02702546 0.62519240 45.0
-1.43009126 -1.41192889 -0.59472805 45.0
-0.73827064 0.96040100 0.58643609 45.0
1.39596844 -1.44817781 -0.78308070 45.0
-1.07003045 0.76435369 0.64297211 45.0
-0.81556016 0.96961349 0.53632814 45.0
0.66478080 0.92684335 0.70132643 45.0
-0.76549023 0.06441376 1.35435569 45.0
-0.74987966 -0.34872568 1.41293776 45.0
0.95414639 -1.62058640 -1.54619896 45.0
-1.23346591 0.80577236 -0.72203314 45.0
0.87577027 0.00082698 1.33689582 45.0
-0.75510532 0.94933110 0.78846556 45.0
-0.70313382 0.94008440 0.70262384 45.0
0.07031505 0.80355227 -1.20635784 45.0
-1.30879974 -1.45078027 -1.77441061 45.0
-0.47873920 0.85755324 0.94642872 45.0
1.23248839 0.80949092 0.82850462 45.0
0.85009569 0.70892781 0.75034904 45.0
-1.24758899 0.21155699 0.64876252 45.0
-1.34771216 -0.65478784 -0.74472833 45.0
-0.34917763 -1.28184569 -1.36406946 45.0
1.13653064 0.28666961 -1.76914787 45.0
0.86923558 -1.82670033 0.02245568 45.0
0.09962631 -1.20396852 -1.32646549 45.0
1.37946427 -1.48472261 -1.00324798 45.0
0.15732941 0.76290864 0.94745368 45.0
-0.58677936 -0.43374184 1.39217091 45.0
1.22254574 1.01554441 1.02220881 45.0
-1.35087490 -0.00879499 -0.55295306 45.0
1.13340473 0.54920357 -1.82331419 45.0
-0.99362653 -0.17969899 1.31459689 45.0
0.87048346 -0.08622006 1.36132348 45.0
0.89867944 -1.50530899 -1.58459353 45.0
0.32409802 -1.17275715 -1.35242856 45.0
-1.25294244 0.78635186 0.85183328 45.0
-1.26110208 0.77134681 0.97221261 45.0
-0.76471877 0.94799441 0.78621256 45.0
-1.09022665 0.09258573 1.12320054 45.0
-0.42107528 0.35285944 1.20063341 45.0
-0.18379726 0.78672642 0.91552746 45.0
0.08329128 -1.69636941 -1.30319941 45.0
0.60776591 -1.72438836 -1.40728617 45.0
1.12511349 0.86910075 0.54370427 45.0
1.15059268 -1.53322494 -1.76794219 45.0
0.99027747 -0.88103408 0.75172096 45.0
-0.89217526 0.73218995 -1.39058971 45.0
-1.15050912 0.50773895 -1.86960328 45.0
0.85009569 0.70892781 0.75034904 45.0
-1.06425750 0.87308437 0.58388454 45.0
-0.54106468 0.84810585 0.66712326 45.0
0.09604315 -1.54241347 -1.32916832 45.0
0.96785271 0.77259940 0.65092009 45.0
-0.69474745 0.85448104 0.65438497 45.0
-0.26419947 -0.74965525 -1.35524404 45.0
-1.41162312 -1.31791997 0.35343146 45.0
1.33906889 -1.08337057 -0.11271443 45.0
-1.35396910 -1.67055619 -0.15977526 45.0
1.37866557 -1.21842694 0.07288465 45.0
-1.41651571 -1.26237822 -0.59473234 45.0
1.22590411 0.82935673 1.06822670 45.0
0.56237763 -0.26430833 1.45146930 45.0
-1.35629892 -0.93738407 -0.40576276 45.0
-0.99362653 -0.17969899 1.31459689 45.0
0.22904970 0.15919565 1.34405208 45.0
1.35850036 -1.57361531 -1.02284110 45.0
-0.44179535 0.97203630 0.55019504 45.0
-0.30448565 -1.69625735 -1.33315206 45.0
-1.24700117 0.85620987 0.88848895 45.0
-1.25950933 0.93650562 1.01413190 45.0
1.35412776 -1.62713301 -0.44575298 45.0
0.76908427 0.88922542 0.74975353 45.0
0.95481169 -1.39435744 -1.77865314 45.0
-1.36575174 0.32383284 -0.73058563 45.0
1.16594267 -0.74685800 -1.37367892 45.0
1.23384690 0.82562035 1.13240027 45.0
0.52788186 -1.84833622 -1.30262017 45.0
0.74251765 -1.85866332 -1.06332362 45.0
1.33490384 -1.08320189 0.00139428 45.0
0.48423824 0.75862825 -1.32551205 45.0
0.75081325 0.87991083 0.69295502 45.0
1.37059724 -1.57441330 -0.66263282 45.0
1.26976943 0.70858842 -0.97004050 45.0
0.06583279 0.00022834 1.41750729 45.0
-1.26729596 -1.60984397 -1.53360426 45.0
0.57705122 -1.11626804 0.58013803 45.0
-0.20873748 1.03773332 -0.84558576 45.0
1.34963191 0.36970896 0.07274291 45.0
-0.61651933 0.90949476 0.91599733 45.0
0.31869927 -1.39291465 -1.37187839 45.0
1.21943641 0.98788553 0.98756468 45.0
1.04048777 -0.18500729 1.19960880 45.0
-1.06716263 1.00961268 1.07106042 45.0
-1.23311436 0.77660310 0.88372821 45.0
-1.35452330 0.62636852 -0.07731079 45.0
-1.05078053 -1.81107342 -0.60304952 45.0
-0.92794877 0.63525373 -1.52120554 45.0
0.32774988 0.25641465 -1.36039770 45.0
-1.24946856 -1.28590751 0.50325018 45.0
0.96815896 -0.17969899 1.31459689 45.0
1.13660431 0.16058765 0.90031755 45.0
1.32992744 -0.41171947 -0.38242543 45.0
-1.04039228 0.55636799 -1.81340742 45.0
-1.21738815 0.84047210 0.13080545 45.0
1.19038105 0.84267110 -0.54794997 45.0
1.11319149 0.77016282 0.92093074 45.0
-1.16774678 0.58960140 -1.75680363 45.0
1.22993100 -1.74534011 -0.83030492 45.0
1.23605704 0.77565825 1.04151452 45.0
1.23396254 0.77410698 1.07539284 45.0
-0.75129104 -1.48287761 0.46741739 45.0
-0.76549023 0.06441376 1.35435569 45.0
0.53232360 -1.83055031 0.04115281 45.0
0.71644723 0.96617979 0.56451541 45.0
-0.18186773 0.99660873 1.15040481 45.0
-1.34496725 0.19095734 0.23214468 45.0
1.22401106 0.85636586 0.84108698 45.0
-0.59010017 -0.59626830 1.25588989 45.0
-0.09233613 -1.02710009 0.66804272 45.0
0.84255314 0.93146175 0.60848153 45.0
-1.01144242 0.06246480 1.24838006 45.0
1.03375530 0.88740003 0.57715315 45.0
0.74464798 0.15986335 1.30673659 45.0
-1.33357680 -0.49509922 -1.00512528 45.0
0.64490867 1.00754654 1.13805568 45.0
-0.83365929 -1.78630292 0.19122840 45.0
0.85520035 1.00810242 1.07405543 45.0
0.98281085 0.30588403 1.10338140 45.0
-1.22915232 0.83242071 0.89966393 45.0
0.23920013 -0.32694513 -1.35588503 45.0
-0.08829175 -1.82896900 -0.37297419 45.0
-1.41851759 -1.30122757 -0.76672882 45.0
0.90410882 0.66506535 -1.48114622 45.0
1.26738799 0.73942161 -0.08232145 45.0
0.06194041 0.77824318 0.73708218 45.0
0.69538492 0.92947578 0.77125812 45.0
-0.79702646 0.85920167 1.03214407 45.0
1.15312231 0.86196101 0.50764847 45.0
-0.89989066 0.76806951 0.91301823 45.0
1.15438461 -1.77543473 -0.61224461 45.0
1.32192528 -1.48206246 0.38826561 45.0
-1.25137162 0.82935673 1.06822670 45.0
0.77126867 0.63419104 -1.44528615 45.0
-1.36071002 0.41419590 -0.95618445 45.0
-0.82803333 0.12012231 -1.43534935 45.0
1.23736155 0.77887470 0.98405063 45.0
0.70322114 0.94702375 0.71114790 45.0
1.23260510 0.95224351 1.18013752 45.0
-0.24170855 0.94508940 0.65013605 45.0
-0.97880304 1.00921404 1.07152474 45.0
-1.29677272 0.15220240 -1.24853671 45.0
0.66854119 -1.82165277 -1.37156785 45.0
1.23786604 0.79787570 0.92218465 45.0
-0.91773087 -1.33066559 0.51505119 45.0
-0.49544370 1.03822231 -0.50482315 45.0
-0.12509391 -1.20396852 -1.32646549 45.0
1.17827725 -1.03858721 0.49046588 45.0
0.80248064 0.21170774 -1.43539274 45.0
1.05087054 -0.84864467 -1.39477384 45.0
1.25194120 -0.49105096 0.40541095 45.0
0.96945143 -0.59571075 1.13319480 45.0
-1.17256677 1.01677680 1.11449647 45.0
1.18493199 0.77379614 0.94452906 45.0
0.92899901 -0.24083959 -1.41468072 45.0
0.05732800 1.03041732 -0.23975764 45.0
0.52943027 -1.85821688 -1.20010376 45.0
-0.42574000 -1.11618423 0.59687835 45.0
1.10812819 1.01673162 1.11401188 45.0
1.05559528 0.21121788 -1.47420764 45.0
0.61257231 0.88954526 0.66876256 45.0
-0.62357587 0.80356264 -1.30945528 45.0
-0.57810211 -1.58144021 -1.39512169 45.0
-1.41245759 -1.39073908 0.33256668 45.0
-0.73827064 0.96040100 0.58643609 45.0
1.15312231 0.86196101 0.50764847 45.0
1.40446806 -1.37537813 -0.59120309 45.0
0.67637807 0.91191304 0.84470701 45.0
1.15211058 0.77413297 0.93801904 45.0
0.66927987 0.85448104 0.65438497 45.0
-0.22966312 0.96198642 0.62670547 45.0
-1.07790780 -0.65864336 -1.39563119 45.0
-1.35822165 -1.12859929 -0.99873698 45.0
0.67910749 0.89518946 0.69983166 45.0
-1.25541759 0.77098244 0.91524559 45.0
0.09063292 -1.13839853 -1.32031918 45.0
-1.20813143 0.79864442 0.88446009 45.0
-1.14720011 -1.71354330 -1.35440755 45.0
0.86923558 -1.82670033 0.02245568 45.0
0.22757311 0.06384335 1.39090967 45.0
1.39403927 -1.26237822 -0.05534981 45.0
0.73781240 0.30881089 1.20468414 45.0
1.40508151 -1.44817781 -0.29839298 45.0
-1.32984126 0.67052263 -0.73084098 45.0
-0.35257936 -1.22974062 -1.35927343 45.0
0.38836095 0.53527224 1.01656306 45.0
0.22919434 -1.07101333 0.62393928 45.0
1.11327553 0.65686262 -1.55270052 45.0
1.33079982 0.19126326 -0.73466313 45.0
0.44906071 1.00559354 1.09054017 45.0
-1.30120516 0.15176274 0.42536932 45.0
-0.88462114 0.79034239 0.89490896 45.0
-0.44528019 0.97478372 0.51074225 45.0
0.77639538 -0.49638358 -1.43705380 45.0
1.32434714 0.27791035 -0.95925862 45.0
-0.26432383 0.05683606 -1.35541427 45.0
-1.24526393 0.91652232 0.89065671 45.0
-0.09102186 -0.68688351 1.17016125 45.0
-1.32854664 -1.30345392 -1.74433684 45.0
1.18000519 0.99084669 1.12965357 45.0
-0.84533662 0.95591635 0.57240343 45.0
-0.08836917 -1.81943941 -0.25277123 45.0
-1.32611430 -1.15167952 0.38563773 45.0
-1.14519060 0.88428736 0.53617680 45.0
-0.34498230 0.42970273 -1.37486589 45.0
-1.01090753 0.26428282 1.13385129 45.0
-1.24491954 0.94572014 0.91067940 45.0
1.14760172 0.95260698 1.09422994 45.0
1.19145906 0.84191263 -0.12251446 45.0
-0.75719339 0.97309661 0.51771915 45.0
-1.36227965 0.23365615 0.07825913 45.0
0.06184464 -1.86300838 -0.97691387 45.0
0.87489009 0.77257586 0.94260496 45.0
-1.07720315 -1.40079165 0.47978789 45.0
-1.21638989 0.84157568 0.31245142 45.0
-0.95230526 -1.03298676 -1.41172874 45.0
-1.25889838 0.76818937 0.96691388 45.0
-1.36806345 0.41422608 0.22971441 45.0
0.92224610 0.87806523 0.60919350 45.0
1.26226020 0.02565854 -1.26039541 45.0
0.41344577 0.96939498 0.57572639 45.0
1.22805679 1.00260770 1.20552337 45.0
1.38352668 -1.21842694 -0.26206300 45.0
0.92601568 -0.84982997 -1.41351080 45.0
0.96872783 0.89445299 1.04766929 45.0
0.86391002 0.85855395 0.62976187 45.0
1.08941627 0.77095222 -1.28412890 45.0
-0.97961390 -1.62058640 -1.54619896 45.0
1.23008180 0.76695943 0.96275562 45.0
-1.16370785 0.62684095 -1.65941870 45.0
-1.15795183 0.69057894 -1.39132535 45.0
0.41915199 0.96019536 0.61510956 45.0
1.26482880 0.73942161 -0.55124450 45.0
1.18259823 -0.63450819 0.60874337 45.0
-0.09016591 -0.43379757 1.41113675 45.0
-0.58653307 0.33760801 -1.41354167 45.0
-1.07615864 0.08532485 -1.39497709 45.0
-0.99182665 0.83109283 -1.24295437 45.0
1.25629938 -0.24084242 0.42083982 45.0
-1.20892370 0.76335382 -1.18606365 45.0
-0.24972107 -1.74407566 -1.32913601 45.0
0.07013467 0.03282552 -1.32550538 45.0
-1.04339981 -1.07159495 0.54741329 45.0
0.41693890 -0.74960095 -1.39746273 45.0
0.32308030 0.97480333 0.52093267 45.0
0.98407650 -1.21759057 -1.55924058 45.0
1.26707995 0.73783922 0.19371182 45.0
-0.55138308 0.91963738 0.65148556 45.0
0.73236328 -0.68704575 1.12368798 45.0
1.22658706 1.00164437 1.21474266 45.0
-0.43890807 0.96574551 0.59704548 45.0
-1.24712682 1.00522935 0.99221134 45.0
0.88597614 0.10292321 1.29808486 45.0
1.25358939 -1.19223523 -1.54663646 45.0
1.11133623 0.86236495 1.01979387 45.0
0.74864477 0.88011801 0.82024097 45.0
-0.09519529 -0.94688731 -1.32382882 45.0
0.66054040 -1.09550428 -1.42805231 45.0
1.30890727 0.02449260 -1.00506067 45.0
0.99132544 0.19045614 1.18260837 45.0
-0.70026690 0.87603545 0.89413923 45.0
-1.26822114 0.72363847 0.52664399 45.0
-0.83312643 -1.85566235 -0.90703398 45.0
0.43256813 0.84461188 0.67387360 45.0
1.22530854 0.88388377 0.85669219 45.0
-1.00788271 -1.74261510 -1.36958969 45.0
-0.12190583 0.66395259 -1.31455648 45.0
-0.93130666 0.43064672 -1.61528015 45.0
-1.31358433 0.27837512 -1.50077343 45.0
1.12261653 0.46580711 -1.89851630 45.0
-1.25989342 0.78551555 1.09707510 45.0
-1.04339981 -1.07159495 0.54741329 45.0
0.70524704 -1.81989551 -0.33623663 45.0
-1.40095115 -1.57439828 -0.20726840 45.0
0.41771242 -0.49635500 -1.39809072 45.0
1.32675254 0.07658149 -0.38240644 45.0
1.26161432 -0.49526286 -1.26050007 45.0
0.77313107 0.77922404 0.96263921 45.0
1.33823550 0.19107406 -0.05988677 45.0
-1.24302077 0.77375042 0.47118083 45.0
1.22530127 0.91997164 1.18986094 45.0
1.34373665 -1.21850753 -1.46421015 45.0
-0.75865841 -1.36776221 0.51539654 45.0
0.87359113 0.95021486 0.56663281 45.0
1.22897685 0.76724863 0.95536745 45.0
0.87489009 0.76855725 0.92742866 45.0
-1.04906952 -1.39164662 -1.88604164 45.0
0.98241514 -1.74261510 -1.36958969 45.0
-0.68803984 0.83704817 0.65325302 45.0
1.33897877 -1.33264637 0.44482383 45.0
1.25910401 0.11163863 -1.25512278 45.0
1.05489206 0.79416716 0.96414083 45.0
0.88182896 0.06453942 1.31420422 45.0
-0.12208762 0.42975506 -1.34451711 45.0
-1.42120767 -1.48472261 -0.61446476 45.0
-1.07555723 1.01223564 1.12290752 45.0
-1.34046745 0.63015825 0.39532858 45.0
1.36614311 -1.21445346 0.23377271 45.0
-1.36904693 -1.48472261 -1.52406156 45.0
0.32101011 0.38437280 -1.37492144 45.0
0.93476307 -1.81804562 -0.32945445 45.0
0.72557318 -0.51526868 1.31280696 45.0
-1.31423819 0.70947754 -0.38198635 45.0
-0.18007550 0.85519826 0.95877761 45.0
-0.79488730 -1.54232264 -1.45986974 45.0
1.13961327 0.85793519 0.93446219 45.0
-0.62565863 1.03360999 -0.64631188 45.0
-0.09231281 0.12869166 1.36579001 45.0
0.99268156 0.23124228 -1.53748524 45.0
-0.12163371 0.51571119 -1.32728708 45.0
0.77062029 0.89190525 1.05696821 45.0
-0.75256854 0.87090957 0.66097194 45.0
1.38370264 -1.21842694 -0.14530568 45.0
0.82732576 0.75960100 -1.36426353 45.0
-1.25539863 -1.74534011 -0.83030492 45.0
-0.47395745 0.99762648 1.14722824 45.0
1.10968351 -0.28489041 0.99105775 45.0
-1.14851701 0.71853447 -1.33428872 45.0
0.06609815 -1.29204488 0.59810400 45.0
-0.52059454 0.96949536 0.56735635 45.0
-1.25074041 1.00949228 0.96489233 45.0
-0.83340889 0.97544420 0.47215453 45.0
-0.41766763 -1.74393618 -1.37100756 45.0
-0.09102186 -0.68688351 1.17016125 45.0
-1.33399200 -1.21973693 0.47087720 45.0
1.32896996 -0.93738407 -0.56894940 45.0
1.22190142 0.98863751 1.17536628 45.0
-0.95409214 -0.57803589 -1.41457140 45.0
-1.10620964 0.89159602 0.55833113 45.0
-1.42306411 -1.30122757 -0.59422594 45.0
1.06287229 0.91979253 0.53764349 45.0
1.32568836 -0.06772438 -0.06322256 45.0
-0.87972349 0.87434262 0.63243467 45.0
1.39328861 -1.26237822 -0.42349952 45.0
1.22679305 0.76823032 0.93423599 45.0
-0.09277645 0.94356865 0.66180235 45.0
1.39328861 -1.26237822 -0.42349952 45.0
-0.26858699 -1.03211772 -1.35293031 45.0
-1.05718553 0.94332713 0.50017649 45.0
1.20141792 1.00070381 1.03782010 45.0
0.92816579 -0.65929490 -1.41437984 45.0
-1.13176095 -0.45151114 0.94594532 45.0
0.78241390 0.83742589 0.63701183 45.0
-0.92150795 -1.25506032 0.53109235 45.0
1.20759666 -1.47368991 0.43649727 45.0
-0.55983913 -1.86637604 -0.92498201 45.0
1.11663830 0.91341412 0.47785470 45.0
-0.99706107 0.78172046 0.95283866 45.0
-1.36568296 0.58161980 -0.38209772 45.0
0.87256384 -0.68707782 1.08769977 45.0
-0.74571568 0.94988042 0.65571392 45.0
0.06526647 -1.74417543 -1.29922163 45.0
-1.26282918 0.77887470 0.98405063 45.0
0.88476074 -1.72628582 -1.38991916 45.0
-1.08475614 0.05489107 1.13798559 45.0
-0.09565347 -0.41147533 -1.32571650 45.0
-1.35462451 -0.32873425 -0.55295908 45.0
1.26161432 -0.49526286 -1.26050007 45.0
1.18490684 0.84252065 -0.71756446 45.0
1.38974786 -1.52475035 -0.15821837 45.0
1.30214989 -1.69748330 -0.01314901 45.0
-1.35275519 -1.67055619 -0.49117041 45.0
-0.47449571 0.91967285 1.09192586 45.0
0.55464703 -1.63035572 0.40714633 45.0
0.73501396 0.00071466 1.37746418 45.0
1.03062344 0.90061212 0.57042980 45.0
1.33816588 0.23365487 -0.55259329 45.0
-0.61536998 0.83476496 0.66172403 45.0
-1.24490404 0.98788553 0.98756468 45.0
1.03369713 0.29208773 -1.76221192 45.0
0.53862083 -1.66816556 -1.37852347 45.0
-1.40917027 -1.21842694 -0.14530568 45.0
-0.91181779 0.19307181 1.24753821 45.0
1.05146980 0.94740570 0.38830140 45.0
-1.17057991 0.81623083 0.90074271 45.0
1.29436290 -1.70148706 -0.77455872 45.0
0.95230579 0.51724458 -1.75440526 45.0
-0.25144172 0.00020933 1.41364872 45.0
-0.97589225 -1.50589800 -1.72845852 45.0
-0.44174758 -0.84918654 -1.39692771 45.0
-0.12542152 0.23017009 -1.32600260 45.0
-0.67039835 0.98631465 1.13762832 45.0
-1.22222853 0.70866257 0.61436605 45.0
-0.88841331 -0.34868672 1.37172914 45.0
-0.76891863 0.10278946 1.33793998 45.0
-0.58803076 -1.48187625 0.48324889 45.0
1.18936598 -0.82098126 0.51502889 45.0
1.37523627 -1.21842694 -0.76692086 45.0
-1.08455729 0.82685167 0.60236597 45.0
-1.41162312 -1.31791997 0.35343146 45.0
-1.27357864 0.76153350 0.19127063 45.0
1.20798600 0.78107470 0.97403657 45.0
-0.23962121 0.98740786 0.30087090 45.0
1.39412773 -1.26237822 -0.26244339 45.0
-0.83844143 1.01525116 -0.89526778 45.0
-1.17572069 0.86223418 1.02286589 45.0
0.40027243 -1.11618423 0.59687835 45.0
0.90144479 0.59899533 -1.55265379 45.0
1.22530854 0.88388377 0.85669219 45.0
1.27130520 0.15220240 -1.24853671 45.0
-1.08688426 0.25540161 1.03048325 45.0
-0.87972349 0.87434262 0.63243467 45.0
1.22409809 1.00113738 1.20218527 45.0
0.06684524 0.12869166 1.36579001 45.0
-1.31913102 0.19466238 -1.23673773 45.0
-1.36151135 0.19112428 -0.55267167 45.0
-1.20959198 -0.47485775 0.66411585 45.0
1.13950062 0.88456237 0.95484608 45.0
0.78353268 0.94185370 0.63433051 45.0
1.37548351 -1.57439828 -0.20726840 45.0
0.84474635 0.75029433 0.69646066 45.0
0.97964996 0.88334709 0.59215504 45.0
-0.09139045 0.35297063 1.21456337 45.0
-1.05078053 -1.81107342 -0.60304952 45.0
-0.84832680 -1.09612882 -1.43250477 45.0
0.77062029 0.89190525 1.05696821 45.0
1.06475914 0.09258573 1.12320054 45.0
-0.08754994 0.79653591 0.72062576 45.0
1.18261683 -0.55487353 0.63973814 45.0
-1.28544450 0.07901365 0.42586100 45.0
-0.25233510 0.30799115 1.24363148 45.0
-1.26928830 -1.74146152 -0.09103785 45.0
0.57413673 0.96608305 0.58047980 45.0
0.27811876 0.75870425 -1.28423762 45.0
0.22446692 0.44644716 1.12516606 45.0
1.26933801 0.66876781 -1.22057629 45.0
-1.36627162 0.58161980 -0.21637093 45.0
0.37946078 0.70752883 0.80481780 45.0
-0.59640861 -0.78605652 0.99966198 45.0
-1.41113973 -1.52482545 -0.63080853 45.0
-1.25057292 1.01076531 1.17863071 45.0
1.37767053 -1.33837736 -1.24789286 45.0
1.22416902 0.81380028 0.85945284 45.0
-1.31423819 0.70947754 -0.38198635 45.0
0.44707367 0.87913078 0.66501826 45.0
0.98614991 0.94976085 0.52180803 45.0
0.98862761 0.22538166 1.16037750 45.0
1.28166509 0.70929980 -0.73153001 45.0
1.22232652 0.94933498 1.15663993 45.0
1.35015535 -1.12780857 -0.58679223 45.0
-1.32253289 0.62524742 -1.21930110 45.0
-0.34599417 0.79705358 0.70035285 45.0
-0.88978565 0.15778989 -1.43552208 45.0
0.39888299 0.22719646 1.29463196 45.0
-1.35736811 -1.02112222 -0.24225967 45.0
-1.00954413 -1.21759057 -1.55924058 45.0
1.25117147 -0.83731848 0.34948429 45.0
-0.75646287 0.88164502 0.69760799 45.0
0.15640016 0.99660873 1.15040481 45.0
-1.03753221 -1.81123602 -0.16016217 45.0
0.20896140 0.82614523 0.69712228 45.0
-1.21795177 0.84262860 -0.23078290 45.0
0.77497733 -0.74991554 -1.43642402 45.0
-0.80616736 0.96556628 0.98451144 45.0
0.89176041 0.89504182 0.92058152 45.0
0.72557318 -0.51526868 1.31280696 45.0
1.23621476 0.82819575 1.09577560 45.0
-1.25384665 0.78875172 1.06124222 45.0
-0.62581092 0.92306769 0.66317075 45.0
-1.23031318 0.79305309 0.46533400 45.0
0.90613008 0.68669915 -1.44604194 45.0
0.58992553 0.93084878 0.92872506 45.0
0.15659755 0.91866475 1.09514904 45.0
1.35233784 -1.62713301 -0.57059371 45.0
1.40774882 -1.37536311 -0.06358680 45.0
0.71566087 -1.63150215 0.39176795 45.0
-1.24943602 1.01707888 1.13297915 45.0
-0.74112844 -1.63150215 0.39176795 45.0
1.34931076 0.36968768 -0.55230647 45.0
0.78639674 -1.17215681 -1.43189240 45.0
0.75753146 0.95606226 0.92771113 45.0
-0.08279558 1.03041732 -0.23975764 45.0
1.23557723 0.37173691 -1.78757012 45.0
-0.79608786 0.89190525 1.05696821 45.0
-1.24575400 1.00361133 1.00957549 45.0
-1.30247772 -1.72320414 -0.46477905 45.0
-0.24906768 -0.17904532 1.45816755 45.0
0.82285917 -1.09612882 -1.43250477 45.0
-0.59341884 -1.22963440 -1.40154564 45.0
-1.01904929 0.19194756 -1.42958999 45.0
-1.04193068 0.63352543 -1.65776753 45.0
0.39154994 -1.44088864 0.51672053 45.0
0.86786669 -0.59641898 1.19745278 45.0
0.80854464 -1.85116053 -1.04951251 45.0
-0.74805337 0.53640872 0.98463750 45.0
-1.33678114 0.14753225 0.23015822 45.0
0.80819166 -1.78630292 0.19122840 45.0
1.05372584 0.77172178 0.89590096 45.0
1.18379843 0.78562897 0.88075531 45.0
-0.58569580 -1.53239453 0.46139187 45.0
-0.75304484 -0.17872289 1.42270648 45.0
-1.01635027 0.10068705 1.23247695 45.0
-1.32231188 -1.34069884 -1.77740765 45.0
1.27155507 0.47712871 0.59552562 45.0
1.37523627 -1.21842694 -0.76692086 45.0
1.20141792 1.00070381 1.03782010 45.0
-1.10261440 -1.75299978 -1.35109901 45.0
0.52591550 0.91963738 0.65148556 45.0
-1.39105737 -1.57425356 -0.82248127 45.0
-1.27968407 0.62200415 -1.60022783 45.0
-1.17057991 0.81623083 0.90074271 45.0
-1.35264838 -0.49509922 -0.55387145 45.0
1.29249787 0.62328398 -1.44927490 45.0
-1.22281408 0.80579478 0.46147859 45.0
0.61813533 0.88905823 0.90732807 45.0
1.17770267 0.99931210 1.04666126 45.0
-0.34764007 1.03630412 -0.88102746 45.0
0.92620790 0.86234170 0.61450547 45.0
0.33558521 0.84116298 0.68240511 45.0
-0.98994058 -1.75959384 -1.36621237 45.0
-0.96909416 0.99413019 -0.75888598 45.0
1.39305007 -1.30122757 -0.76672882 45.0
-0.57860631 0.63400567 -1.39325058 45.0
0.05177743 1.03875446 -0.82026500 45.0
1.32315838 0.46109796 0.41878495 45.0
-0.92783618 -1.61978805 -1.49186051 45.0
-0.95148325 -0.84982997 -1.41351080 45.0
0.52922916 0.88375610 0.66252476 45.0
0.09962631 -1.20396852 -1.32646549 45.0
-1.05609095 0.90061212 0.57042980 45.0
0.81297386 1.01525116 -0.89526778 45.0
-1.43270075 -1.41192889 -0.43005475 45.0
-1.19113767 -0.84561145 -1.37316585 45.0
-1.09241104 0.81463856 0.60653728 45.0
0.09643825 0.66395259 -1.31455648 45.0
-1.04460192 0.38348016 -1.87558353 45.0
-0.52399611 0.79769814 0.68357009 45.0
-0.44320655 -0.41144484 -1.39811218 45.0
0.82474601 1.01688337 -0.62984902 45.0
-1.22769523 1.01191771 1.05884361 45.0
-1.25562274 0.80208099 1.12301314 45.0
0.87039083 0.97237581 1.11531413 45.0
-1.19633400 0.15492658 -1.37524807 45.0
0.72558528 -0.26412213 1.42987359 45.0
-0.25423387 0.19221774 1.32410395 45.0
-0.90335912 0.97780716 0.39028138 45.0
-0.90729660 0.06453942 1.31420422 45.0
-0.18301803 0.99551839 1.07689619 45.0
1.32623839 0.58557898 0.40075088 45.0
-1.36370313 0.19107406 -0.05988677 45.0
-1.34767628 -1.62515199 -1.25489247 45.0
-0.09563368 -0.00107943 -1.32563496 45.0
1.39028060 -1.37537813 -0.98705554 45.0
1.30381501 -1.58490264 0.33788124 45.0
1.22893047 0.76071489 -0.96534717 45.0
1.35730398 -1.52455175 -1.24943078 45.0
1.15231037 0.80950791 -1.13937759 45.0
1.17710519 0.85632771 0.92823893 45.0
1.20226860 0.85571873 0.91783684 45.0
-1.28791749 0.68774539 0.53522676 45.0
1.33632898 -1.08337057 -0.57707042 45.0
0.07007272 0.05685960 -1.32525027 45.0
0.96556485 0.77777898 0.88988912 45.0
1.40078533 -1.30122757 -0.05866286 45.0
-1.26152456 0.77565825 1.04151452 45.0
0.82285917 -1.09612882 -1.43250477 45.0
1.24199998 -1.74419105 -0.49557334 45.0
-0.08820610 -1.84738362 -0.43349421 45.0
-1.41833115 -1.26237822 0.06775266 45.0
1.03062344 0.90061212 0.57042980 45.0
0.50903994 0.83258522 0.66985184 45.0
-0.58939683 -0.17899235 1.44425941 45.0
1.15079641 0.89333397 0.41715100 45.0
0.48577484 -1.69610071 -1.37507701 45.0
-0.96047860 0.99402130 -0.89592791 45.0
-1.18986809 -0.94236702 -1.37245905 45.0
0.76786572 0.77712458 0.89963186 45.0
-1.28893316 -0.84262174 -1.25880146 45.0
-0.70790094 0.87276834 0.66514271 45.0
0.66478080 0.92684335 0.70132643 45.0
-0.63584417 0.87057531 0.66491961 45.0
-0.73744696 -1.66552985 0.36583126 45.0
-1.13685167 0.77718741 0.88740301 45.0
0.09604315 -1.54241347 -1.32916832 45.0
-1.37509954 0.36970896 0.07274291 45.0
-1.20656896 0.80040330 0.52756685 45.0
0.39012697 -1.48173630 0.50084597 45.0
-0.94292164 0.93195164 0.57702416 45.0
1.40440464 -1.44817781 -0.44156498 45.0
0.45095903 0.78790629 0.98811090 45.0
-1.31452394 0.70952505 0.04040302 45.0
1.21528482 1.01305294 1.04829979 45.0
-1.25290334 0.96991503 1.23750889 45.0
0.53232360 -1.83055031 0.04115281 45.0
1.03998148 0.25547338 -1.66699505 45.0
0.56904155 0.25636020 -1.40268481 45.0
1.21948445 0.79799312 0.86627793 45.0
1.34928358 -1.17136931 -0.98893040 45.0
0.77644402 -0.32677379 -1.43707538 45.0
-0.79720300 -1.61865306 -1.43648839 45.0
-0.08820610 -1.84738362 -0.43349421 45.0
-0.97181791 0.96489018 -1.08726180 45.0
0.64567620 0.92132312 1.08664894 45.0
1.01784325 -1.58085966 -1.67717409 45.0
1.21709526 0.92382634 1.11447251 45.0
1.21592867 0.85577756 0.90395534 45.0
1.21466625 0.80656105 0.17044926 45.0
0.32371008 -1.28184569 -1.36406946 45.0
1.23332572 0.77214527 0.91882533 45.0
-1.21692657 0.84191263 -0.12251446 45.0
-1.24698639 1.01900649 1.06638134 45.0
-1.20656896 0.80040330 0.52756685 45.0
-0.34300086 -1.50427806 -1.36588240 45.0
0.74478751 -1.86260474 -0.91913944 45.0
0.77625567 -0.00059439 -1.43699169 45.0
-0.88978565 0.15778989 -1.43552208 45.0
0.32566929 1.03840399 -0.60964668 45.0
1.35318089 -1.12780857 -0.13013460 45.0
0.75711358 0.88421875 0.75145072 45.0
-1.13803864 0.77170646 0.89548224 45.0
0.57629412 0.10224570 1.35898530 45.0
-0.75510532 0.94933110 0.78846556 45.0
-0.60200262 0.19228752 1.30720139 45.0
-1.08046055 0.78221756 0.95024985 45.0
-1.15661657 0.85360527 0.54988116 45.0
-1.37994146 0.45706657 -0.21474707 45.0
0.99637884 -1.72274733 -1.37149858 45.0
-1.04331076 -1.58085966 -1.67717409 45.0
-0.75487065 0.85409766 0.91409278 45.0
0.05177743 1.03875446 -0.82026500 45.0
-0.61840951 0.95407772 0.62010932 45.0
0.76042897 0.94674635 0.85779077 45.0
1.21901429 0.91452444 0.92861378 45.0
1.05024076 0.97393548 1.10925138 45.0
0.77170676 -1.39291716 -1.48000991 45.0
0.41693890 -0.74960095 -1.39746273 45.0
-0.72704321 0.88235414 -1.23434126 45.0
-0.25092617 0.39977485 1.16988683 45.0
0.55402654 0.66378367 -1.38669527 45.0
0.90663654 -1.35610926 -1.60385680 45.0
0.85001266 0.96737820 0.53071761 45.0
-1.07177544 0.78766292 0.88687146 45.0
0.87409222 0.40088475 1.09386170 45.0
-1.35533643 0.02449260 -0.38242120 45.0
0.32007346 -1.35523069 -1.37263882 45.0
1.29829407 -1.17771220 -1.43020642 45.0
-0.90983474 0.84183007 0.62512213 45.0
1.13653064 0.28666961 -1.76914787 45.0
0.67910749 0.89518946 0.69983166 45.0
-1.42873538 -1.37113690 0.20410122 45.0
1.23270380 0.77764267 0.87665999 45.0
-1.33611393 -0.84157157 -1.00410187 45.0
-0.68600804 -1.09550428 -1.42805231 45.0
0.82108927 -1.82858670 -0.45480886 45.0
0.88767707 -0.96641684 0.67131042 45.0
0.06689266 -1.07107699 0.63529980 45.0
1.03375530 0.88740003 0.57715315 45.0
