0.11148590 0.95183009 -1.05038774 55.0
-0.77108389 1.15739584 -1.02593327 55.0
0.71793729 0.50758129 1.67257452 55.0
-1.35506046 -1.21019590 -0.24496570 55.0
1.29933107 -0.98052979 0.60307372 55.0
-0.79289597 -0.24146819 1.61630416 55.0
1.40724611 -0.82919568 -0.60315669 55.0
1.41670215 -0.83477962 0.37823290 55.0
0.71911728 0.55043477 1.67142415 55.0
1.00557113 0.44507369 1.59002888 55.0
1.34602642 1.28553581 0.03296263 55.0
-0.75930387 1.26023567 1.61723459 55.0
1.37527335 -0.81973475 -1.08933258 55.0
-1.33758211 0.92525792 0.88807291 55.0
-0.78526610 -0.84217334 -1.05817556 55.0
-1.12004375 -1.30470753 -0.99593681 55.0
1.43646836 0.74865431 0.22454482 55.0
1.17108369 -1.44407487 -0.16081524 55.0
1.22435582 -0.76451838 -1.02058196 55.0
-0.74849170 -1.51113892 -0.63968563 55.0
-1.00058079 0.59199393 1.58669901 55.0
-1.21939397 -0.67533290 -1.01657617 55.0
1.41420686 -0.94299334 0.07965352 55.0
-0.79128516 -0.14503305 1.63933611 55.0
-1.09173286 0.56998539 1.52519882 55.0
-0.32070786 -1.16184402 -1.03469467 55.0
0.41392592 -1.04994786 0.64694566 55.0
0.33512270 -0.87230158 -1.04628468 55.0
-1.45272923 0.08145651 0.03237239 55.0
-0.69505930 0.16432187 1.67500782 55.0
0.33044159 1.13969195 -1.02609539 55.0
0.57928646 0.50799483 1.67257452 55.0
1.12941325 -1.17459047 -1.20684481 55.0
1.37887311 1.12978244 0.22409271 55.0
-0.50316334 -1.45144153 -0.98423469 55.0
0.60345697 -0.87741566 0.93694639 55.0
0.77661777 1.07198751 -1.05396557 55.0
-0.94172293 -1.05218554 -1.33107507 55.0
-1.40070450 -0.97867084 0.06850667 55.0
-1.36938107 0.42414266 -0.89889264 55.0
-0.55660248 -0.24146228 1.62233269 55.0
-0.19505835 -1.51546431 -0.72097582 55.0
1.05579245 1.01029170 1.50374317 55.0
-1.34681821 1.18117356 0.62096381 55.0
0.40392050 0.92317504 1.64572716 55.0
-1.13769627 -1.11339128 -1.34243369 55.0
-1.26734090 -1.14198649 -1.22186303 55.0
1.36368048 -1.18271089 -0.48989102 55.0
-1.43446743 0.66339070 -0.14820828 55.0
0.80969656 -0.40654776 1.52509916 55.0
-0.54705048 1.46615779 -0.86372203 55.0
1.37401927 -1.14317763 0.30732763 55.0
-1.34681821 1.18117356 0.62096381 55.0
-0.32069597 0.99294394 -1.03941655 55.0
1.42260647 -0.72607708 -0.62488806 55.0
-0.35784227 -1.45226705 -0.03451977 55.0
-1.29974294 1.38399923 -0.59201813 55.0
-1.14343798 1.01747453 -1.39446735 55.0
-1.00968599 -1.49499512 -0.31382716 55.0
-1.22808433 -1.17307389 -1.16463745 55.0
0.40392050 0.92317504 1.64572716 55.0
-1.32081664 1.32786608 -0.34208834 55.0
-0.38819352 1.46092010 0.17796628 55.0
-1.13777661 -1.09267628 0.56926608 55.0
0.57952404 0.66367918 1.66530931 55.0
-1.38580394 -0.93685526 -0.61195505 55.0
-1.35473216 -1.18271089 -0.48989102 55.0
1.32887614 -1.29700816 -0.32771003 55.0
1.38688302 1.08703732 0.22431064 55.0
0.39211494 1.36115348 -0.99625933 55.0
-1.27119017 0.19616248 1.19657159 55.0
-1.32596052 -1.10465622 -1.11488998 55.0
0.56450868 -0.14483817 1.64567244 55.0
0.86434418 1.44725919 0.28507748 55.0
1.01170588 -1.49354231 -0.54702502 55.0
0.71486872 0.63712686 -1.03524065 55.0
-0.38231799 1.17553008 1.63029552 55.0
0.27870375 -0.73640794 -1.03308523 55.0
-0.42246753 0.53640485 -1.03676450 55.0
0.91771638 -0.70078015 1.19984674 55.0
-1.01343584 -1.49032593 -0.24876650 55.0
-0.77108389 1.15739584 -1.02593327 55.0
0.87623888 -1.10086834 0.57855755 55.0
1.38186085 -0.87154078 0.47963011 55.0
0.39407536 -1.20704246 0.44787166 55.0
-0.55597377 -0.94410002 -1.05520356 55.0
0.11423992 -0.82398355 -1.04129291 55.0
1.04233658 -0.86616057 -1.33768880 55.0
-0.35072452 -1.45253253 -0.98423469 55.0
-0.23169346 0.46062911 1.67274785 55.0
0.08582616 0.38982961 -1.03768063 55.0
-1.26393592 1.40919232 0.22371246 55.0
0.63495541 -1.51290548 -0.55410874 55.0
-1.38443279 1.04693508 0.03271914 55.0
-0.56066400 -1.13225615 0.54128850 55.0
-0.66861594 1.21607482 1.62864566 55.0
-1.13805473 1.44721746 0.08208698 55.0
1.46078169 0.42259753 0.03237693 55.0
0.56062746 -1.05488193 -1.05214739 55.0
0.07919868 -1.20858908 0.44787166 55.0
-0.76756757 -1.15948820 -1.05038416 55.0
1.44527018 -0.31167993 0.56900400 55.0
-0.32032880 -1.12907708 -1.04139340 55.0
-0.10219469 -1.05677342 -1.05214739 55.0
-1.18413293 0.54072273 1.41931295 55.0
0.40452164 1.31887400 -1.00863636 55.0
-0.68041885 1.09189296 1.63507354 55.0
0.88052213 1.04355347 1.60719907 55.0
-1.43687868 0.46269476 0.61973619 55.0
1.30068922 0.79627627 -1.33837044 55.0
0.90661466 1.13630378 -1.07545924 55.0
-0.92630804 -0.22016720 -1.03774416 55.0
1.35549808 -1.22816348 0.22675234 55.0
-1.02595079 -0.90116996 -1.39299071 55.0
0.57636535 0.74394763 1.65680361 55.0
-1.16528797 -0.65435064 1.12209916 55.0
-1.40661013 -0.76509637 -0.62135082 55.0
-1.37995446 0.96613759 -0.57485831 55.0
-0.89946592 1.15664172 -1.04855227 55.0
1.45429909 -0.02050374 -0.34791911 55.0
0.08760699 -0.97279263 0.77907956 55.0
1.40592277 0.92523491 -0.33603659 55.0
-1.07134771 -0.01666045 -1.03776622 55.0
0.99780548 -1.27139533 -1.00992584 55.0
0.08569436 -0.47053641 -1.03709912 55.0
1.37715018 0.92523491 -0.86617237 55.0
-1.00703192 -1.15409982 -1.26912653 55.0
-1.44491446 -0.31167993 -0.34974563 55.0
-0.99807996 -1.24793184 -1.01194406 55.0
-0.22127971 1.50196731 -0.71697366 55.0
1.44929910 -0.67175198 0.00595526 55.0
1.15016341 -1.24088418 -0.99861145 55.0
1.22834229 -0.67533290 -1.01657617 55.0
-0.75866163 1.17700672 -1.01931286 55.0
-1.32982469 1.28548062 -0.34142318 55.0
-1.35137212 0.67603129 -1.06013000 55.0
0.56469369 -0.04212916 1.65858293 55.0
0.23022796 1.50196731 -0.71697366 55.0
0.43141577 0.53640485 -1.03676450 55.0
-1.00058079 0.59199393 1.58669901 55.0
-0.85597295 1.48658884 -0.18106090 55.0
-1.38195038 -1.04281664 -0.41159967 55.0
1.00019217 1.44689608 0.21762870 55.0
-0.69241518 0.96631241 1.64218152 55.0
-1.07109106 0.38488281 -1.03768063 55.0
-0.39901486 0.78601402 1.65362787 55.0
0.61043298 0.43646830 -1.03754449 55.0
-1.28528035 0.46553463 1.19654202 55.0
1.37574494 1.04693508 -0.57336634 55.0
0.56961221 -1.13225615 0.54128850 55.0
0.58020747 0.55086851 1.67142415 55.0
-0.22125584 1.17694855 1.63029552 55.0
0.25122932 -0.54124373 -1.03654957 55.0
1.17772913 0.76845038 1.41009569 55.0
0.42846909 0.43710265 -1.03754449 55.0
-0.77034128 1.26734281 -1.01125073 55.0
0.76447606 -1.51330113 -0.36981067 55.0
-0.89828807 0.37805483 1.63975775 55.0
-1.27019954 -0.46097738 1.05744481 55.0
0.57290703 0.38245457 1.67445552 55.0
-0.89766639 1.13630378 -1.07545924 55.0
-1.20587373 1.18516457 1.17691135 55.0
0.97986221 0.05211105 1.58602178 55.0
-1.40447879 -0.94299334 -0.04845443 55.0
-0.06960993 1.41539526 -0.95322996 55.0
0.81856239 0.74222308 1.65032041 55.0
-0.39181092 -0.04192520 1.65863323 55.0
-0.84345436 1.49601305 -0.71748775 55.0
1.16700244 -1.20513427 -1.05368829 55.0
0.25206846 -0.01495711 -1.03776622 55.0
0.29971811 0.63877112 -1.03499520 55.0
-0.07025041 -1.20858908 0.44787166 55.0
-0.39797124 0.83052689 1.65122998 55.0
1.27288401 1.40919232 0.22371246 55.0
0.22124946 1.38733339 1.06101608 55.0
-0.55692530 1.47945344 -0.03428758 55.0
0.08584058 -0.22007459 -1.03774416 55.0
1.43711269 0.51996565 -0.62699419 55.0
1.35329127 0.92523491 -1.16512430 55.0
1.39395964 1.04693508 0.22446980 55.0
0.07969207 1.49393857 -0.18106090 55.0
1.28545916 0.96886408 -1.36128318 55.0
-1.22919214 0.42854127 -1.01959360 55.0
1.15518260 0.94499969 1.40010941 55.0
0.59792954 -0.83812237 0.99930418 55.0
-0.55108148 1.50334847 -0.52934843 55.0
-1.13657212 -1.14692736 -1.27547348 55.0
0.58013654 -0.62474132 1.30777967 55.0
0.40796307 0.78601402 1.65362787 55.0
1.35549808 -1.22816348 0.22675234 55.0
-0.34868461 -1.49242997 -0.16936693 55.0
0.25173050 0.48033169 -1.03727627 55.0
1.16890919 -0.92462695 0.80919385 55.0
1.03165078 -0.99355233 0.73379469 55.0
-1.32800913 1.23602092 -0.60645336 55.0
1.12662506 -0.86161095 0.92075443 55.0
0.63870955 -1.51452005 -0.36981067 55.0
-1.42195034 0.79399621 0.22428675 55.0
-0.38834223 1.48107839 -0.03428758 55.0
-1.37793469 1.08703732 0.22431064 55.0
0.07978681 1.46389890 0.17796628 55.0
1.00742257 -1.26413810 0.35680306 55.0
-0.77034128 1.26734281 -1.01125073 55.0
1.27229834 -1.26598346 0.31183925 55.0
-0.77437341 0.53525960 -1.03676450 55.0
1.33490884 -1.10465622 -1.11488998 55.0
-0.07050266 1.09610260 1.63507354 55.0
1.08901000 0.74917656 1.51479590 55.0
-1.44568539 0.57593650 0.03240789 55.0
1.36701953 -1.21019590 -0.02482998 55.0
0.70679182 0.27660766 1.67643535 55.0
-1.40070450 -0.97867084 0.06850667 55.0
0.91451448 -0.90524256 -1.16580105 55.0
-0.77040130 0.86069649 -1.08359921 55.0
-1.15240967 -1.44723225 -0.49939385 55.0
-1.38498056 -1.07441509 -0.12268904 55.0
0.90762579 -0.54772490 1.37468648 55.0
1.29413199 -1.17980611 -1.06082439 55.0
-1.16878092 0.76845038 1.41009569 55.0
-0.38241076 -1.31706798 -1.00718725 55.0
1.46199453 -0.02050374 0.40815416 55.0
-0.07271388 0.83228976 1.65122998 55.0
-0.23039098 0.83155745 1.65122998 55.0
-0.87390155 -1.50910056 -0.36981067 55.0
-1.12958252 -1.06563044 0.60198879 55.0
-1.07241070 0.83811486 1.51040959 55.0
-1.26518893 1.41280329 0.17485633 55.0
-0.55167925 -1.05488193 -1.05214739 55.0
-1.42752004 0.74865431 0.22454482 55.0
1.45436931 0.19318910 -0.34792280 55.0
1.30188262 1.32106340 0.64841759 55.0
-1.13777661 -1.09267628 0.56926608 55.0
-1.16528797 -0.65435064 1.12209916 55.0
-0.84875268 1.43836522 0.40229446 55.0
-0.81048006 0.45785928 1.66592455 55.0
1.32015717 -0.87630033 0.65710348 55.0
1.43089867 0.79399621 0.22428675 55.0
-0.89426178 -1.15882790 -1.11314893 55.0
1.37887311 1.12978244 0.22409271 55.0
-1.06397736 0.13441126 1.53136563 55.0
1.45988286 0.19318910 -0.14851435 55.0
0.11371981 -0.84446168 -1.04248607 55.0
-1.42137158 0.79399431 0.03253091 55.0
1.36400878 -1.21019590 -0.24496570 55.0
1.42953825 -0.72693044 0.45229068 55.0
0.95505399 0.98877990 -1.32567406 55.0
0.11252881 -0.90822566 -1.05222023 55.0
-0.88304651 0.95933247 1.61080706 55.0
1.08029592 -0.01666045 -1.03776622 55.0
-0.77384436 0.81447965 -1.07680953 55.0
0.57495421 0.78510761 1.65362787 55.0
0.89810342 1.17624056 -1.02851331 55.0
-1.10894990 1.19860542 1.38918173 55.0
-1.27220321 -0.53018361 1.01691377 55.0
1.29422855 0.46553463 1.19654202 55.0
-1.09942210 -1.44028807 -0.92752522 55.0
0.85869896 1.20742846 1.59783554 55.0
0.23069938 1.36277652 -0.99625933 55.0
1.34348881 -0.79486996 -1.06937742 55.0
-1.45303667 -0.12103735 0.40299788 55.0
-0.87480146 -1.50910056 -0.32524604 55.0
1.43639016 0.74865687 0.42341864 55.0
-1.03802824 -1.43821394 -0.03662223 55.0
-1.43942142 0.62147391 -0.14830033 55.0
-0.94293845 -1.01571250 -1.34999859 55.0
0.43561167 -0.94243985 0.82995892 55.0
1.25820565 1.44288325 -0.56264341 55.0
1.01598012 -1.15409982 -1.26912653 55.0
0.57928646 0.50799483 1.67257452 55.0
1.34951806 -0.96097898 -1.16854417 55.0
0.07591057 -1.39498806 0.12509502 55.0
0.97986221 0.05211105 1.58602178 55.0
1.36613166 -1.21019590 -0.11852015 55.0
1.42286742 -0.86870581 0.24666181 55.0
1.06192112 -0.90109247 0.88945419 55.0
-0.89596266 -0.97993332 -1.18927252 55.0
0.08584558 -0.11794707 -1.03776622 55.0
1.26039290 1.33164239 -0.86431313 55.0
-0.10332091 0.86350369 -1.05757928 55.0
-1.13622689 1.46557689 -0.18007085 55.0
0.08126729 -1.07717454 0.61147892 55.0
0.56961221 -1.13225615 0.54128850 55.0
-1.42762852 0.62097603 0.62738407 55.0
1.07996476 -0.31286439 -1.03765571 55.0
0.75930798 -1.22376156 -1.01988471 55.0
0.57807612 0.70573306 1.66107917 55.0
0.39755040 1.05296779 1.63757265 55.0
-0.69916916 -1.26957273 0.35732451 55.0
-1.41018784 -0.80205566 0.39623395 55.0
0.11179911 -1.21134424 -1.02305770 55.0
-0.90837222 0.60224992 1.63560951 55.0
-1.37022722 -0.12073281 -0.89907622 55.0
0.39727303 1.47171617 0.07889429 55.0
-1.44536471 0.08145651 -0.34791985 55.0
1.00585878 0.90011907 -1.46714437 55.0
-0.76967925 1.13704562 -1.03596747 55.0
-1.33454061 -0.79486996 -1.06937742 55.0
1.44582701 0.46269476 0.61973619 55.0
0.56492203 -0.94410002 -1.05520356 55.0
1.44063544 -0.31167993 -0.62795341 55.0
-1.37404418 0.88300723 -0.86773568 55.0
1.34440434 1.00658464 -1.13161767 55.0
0.88930255 -0.77089036 -1.03509378 55.0
-0.63355732 0.59280318 -1.03599846 55.0
0.92995280 0.70757520 -1.08697045 55.0
1.06871974 0.03276666 1.52426052 55.0
1.39996719 -1.04357028 0.03782269 55.0
0.42638692 -0.61253661 -1.03578269 55.0
1.38143945 -0.79318488 -0.87179524 55.0
-1.31781840 1.04652965 0.88788778 55.0
0.08631697 -0.91170102 0.88344353 55.0
-0.89462143 0.94813472 -1.18691754 55.0
1.45981252 -0.02050374 -0.14851308 55.0
0.95464599 1.11123466 1.55663979 55.0
-0.38769954 1.49090827 -0.18106090 55.0
-0.85709786 1.46093917 0.14224711 55.0
-0.41492972 -0.83861351 0.99930418 55.0
-0.89462143 0.94813472 -1.18691754 55.0
1.46089113 -0.39213458 0.20697708 55.0
1.44093668 0.57498747 0.62374896 55.0
-1.43836319 0.57607251 -0.34660736 55.0
-1.09787655 1.47725725 -0.72313851 55.0
-1.39530516 -1.01210082 -0.06819407 55.0
0.99893963 1.48063862 -0.18106090 55.0
0.57369637 -1.27626920 -1.00992584 55.0
-0.60171461 0.38809356 -1.03768063 55.0
0.58921862 -1.04927468 0.64694566 55.0
1.45582843 0.51986843 -0.14843909 55.0
-0.75630647 -1.51330113 -0.32524604 55.0
0.39990646 -1.13301516 0.54128850 55.0
1.14110827 -1.31870055 0.24590829 55.0
1.34966958 -1.25587153 -0.16699921 55.0
-0.90135241 0.73787284 1.62438738 55.0
0.25206846 -0.01495711 -1.03776622 55.0
0.53681445 1.34300613 1.47977328 55.0
-0.55600685 1.48927104 -0.18106090 55.0
-1.31601250 -1.29698718 -0.44783995 55.0
1.17522752 -0.58406478 1.17745900 55.0
-0.40041363 -0.55014658 1.38947225 55.0
0.23387147 1.05424762 1.63757265 55.0
1.23860800 0.38048366 -1.01972663 55.0
0.08556979 -0.54147029 -1.03654957 55.0
1.20165610 1.38694084 0.68911499 55.0
-1.26536703 1.42498910 -0.01955628 55.0
1.37801194 -0.39249951 -0.89822286 55.0
-0.32124996 -0.98245507 -1.05441213 55.0
0.73321062 -0.77956909 1.09077835 55.0
0.25208062 0.20416121 -1.03778386 55.0
-0.76554555 1.21418715 1.62248361 55.0
-1.31426394 1.36724198 0.32003942 55.0
0.42873117 -0.11817846 -1.03776622 55.0
-1.37161636 1.04685402 0.62824917 55.0
-0.78526610 -0.84217334 -1.05817556 55.0
-1.13668466 -1.44588351 -0.81127721 55.0
-1.14825726 -1.12264287 0.53212959 55.0
0.56555068 -0.24146228 1.62233269 55.0
-0.29076985 0.63877112 -1.03499520 55.0
1.44112802 0.70516437 0.42416415 55.0
1.43510211 -0.67183220 0.48231259 55.0
-1.36295283 -1.14511514 -0.47289810 55.0
0.09459924 -0.73683661 -1.03308523 55.0
-0.79413128 0.96478856 1.63590670 55.0
0.78279263 0.81447965 -1.07680953 55.0
-1.00695956 -1.44010091 -0.97774869 55.0
1.33490884 -1.10465622 -1.11488998 55.0
-0.41975683 -0.22011277 -1.03774416 55.0
1.01863408 -1.49499512 -0.31382716 55.0
-1.29974294 1.38399923 -0.59201813 55.0
-1.45293820 -0.22058451 0.39635038 55.0
-0.90135241 0.73787284 1.62438738 55.0
-0.70592046 0.63712686 -1.03524065 55.0
-0.41920391 0.47960827 -1.03727627 55.0
-1.18215144 -0.95486683 0.74864298 55.0
0.20772120 -1.51281154 -0.26205269 55.0
0.78131473 0.20293994 -1.03778386 55.0
1.09656036 0.42358747 1.52838600 55.0
-1.34382784 1.08769131 -0.84330136 55.0
-0.84438848 -1.26838052 0.35722029 55.0
0.99454910 1.48876369 -0.34489447 55.0
-0.55755109 0.86168116 -1.05757928 55.0
1.39460933 -1.07441509 0.17276950 55.0
-0.06110188 -1.51634371 -0.72097582 55.0
1.29957747 1.18163610 -0.86338747 55.0
-0.77377957 -1.44991338 -0.98428994 55.0
-1.37735391 1.08703732 0.03275538 55.0
-0.87157387 1.04355347 1.60719907 55.0
0.80781400 0.68975347 -1.04047275 55.0
1.09726441 -0.77337587 1.05604827 55.0
1.37456262 -0.53490359 -0.89720196 55.0
1.46034646 -0.39213458 0.02030282 55.0
0.32532737 1.17973924 -1.01701307 55.0
1.29413199 -1.17980611 -1.06082439 55.0
-1.20469379 1.24069810 1.15321612 55.0
-0.32009420 -1.05598772 -1.05214739 55.0
0.73714072 -1.07477069 0.61147892 55.0
1.43408513 0.74865353 -0.14803444 55.0
-0.55740148 0.96695143 1.64218152 55.0
-0.55108148 1.50334847 -0.52934843 55.0
0.76602066 1.30558515 1.58326769 55.0
-0.10253762 0.95183009 -1.05038774 55.0
1.39162409 -0.82311553 -0.86391956 55.0
-0.75466627 -1.51321232 -0.41177446 55.0
-1.28447986 0.42343268 1.19696558 55.0
1.45946264 -0.46503565 0.19919182 55.0
-1.39832640 0.96614188 0.42379171 55.0
-0.98198277 -0.80597466 -1.11699104 55.0
0.98529637 -0.82046473 -1.16850185 55.0
0.26344246 1.27109313 -1.01125073 55.0
-1.31856310 -1.04060209 0.51041311 55.0
-1.37669182 0.57439470 0.88898176 55.0
0.92240179 0.76871681 -1.25793266 55.0
1.37133801 0.96613759 -0.86268908 55.0
1.41468918 -0.86927283 0.34094083 55.0
1.41875350 -0.90582985 0.20112012 55.0
-0.22289521 -1.20794654 0.44787166 55.0
0.08101802 -1.27890444 -1.00992584 55.0
1.46166360 -0.12103735 0.03237249 55.0
1.44582701 0.46269476 0.61973619 55.0
-0.23227483 0.70752537 1.66107917 55.0
1.28008556 -1.36791742 -0.22578543 55.0
-0.99730098 1.26074600 -1.01125073 55.0
-0.91345352 0.76871681 -1.25793266 55.0
0.55403036 1.13321400 1.63210523 55.0
1.33733380 -1.25586855 -0.54682261 55.0
0.35763288 -1.49242997 -0.16936693 55.0
-1.34407043 -1.10557139 -0.88258523 55.0
-1.22853494 -0.88399810 0.79615188 55.0
1.02178681 1.13099372 -1.17322052 55.0
1.19122052 0.68235445 -1.12444627 55.0
-1.40453172 0.92524427 0.42311808 55.0
-1.19954884 -1.36555362 -0.92873532 55.0
0.80769396 0.16373990 1.66596889 55.0
1.44104791 0.29868746 -0.62816954 55.0
-1.41382492 0.74865985 0.62971967 55.0
1.34859192 0.96613759 -1.15206110 55.0
-1.32596052 -1.10465622 -1.11488998 55.0
0.61043298 0.43646830 -1.03754449 55.0
-1.36247933 1.12972724 -0.33612928 55.0
-0.91345352 0.76871681 -1.25793266 55.0
0.37923276 -1.37912166 -1.00352216 55.0
1.04122794 -0.86882347 0.94148147 55.0
-0.07352733 0.66608757 1.66530931 55.0
-1.37289059 -0.39213458 0.79797447 55.0
0.78403521 1.13070822 1.62602532 55.0
-0.06802277 1.31268096 1.58959758 55.0
-0.55112457 1.05178499 1.63757265 55.0
-0.24296722 0.43778896 -1.03754449 55.0
-0.55678707 0.06073469 1.66864383 55.0
0.23517114 1.01248610 1.63948047 55.0
0.39990646 -1.13301516 0.54128850 55.0
0.23643468 0.96923077 1.64218152 55.0
-1.06886935 0.58873630 -1.03599846 55.0
1.35148704 -1.25587153 -0.00735630 55.0
1.44129980 0.70516384 0.22472787 55.0
1.29197192 -0.92556173 -1.36567807 55.0
-0.77508694 1.13070822 1.62602532 55.0
0.60875255 -0.54063016 -1.03654957 55.0
-0.97634810 -0.82046473 -1.16850185 55.0
-1.34681821 1.18117356 0.62096381 55.0
-1.43202257 -0.22058451 -0.62812704 55.0
0.26665300 0.59440911 -1.03599846 55.0
-1.41292119 -0.86870581 -0.02299183 55.0
-0.55692530 1.47945344 -0.03428758 55.0
0.80307943 0.96478856 1.63590670 55.0
-1.26257646 -1.25818765 -0.91567475 55.0
-0.41834503 -0.54092485 -1.03654957 55.0
0.89810342 1.17624056 -1.02851331 55.0
0.43533134 -0.68139696 -1.03469110 55.0
1.39401853 1.04693508 0.42300054 55.0
-1.41838419 0.70516497 0.63116032 55.0
0.80184424 -0.24146819 1.61630416 55.0
-1.41652083 -0.83391023 -0.01358253 55.0
0.11371650 0.77272296 -1.04800677 55.0
-0.41817746 -0.87793005 0.93694639 55.0
1.45436931 0.19318910 -0.34792280 55.0
-0.63319325 -1.50974369 -0.26205269 55.0
-0.57033819 0.50799483 1.67257452 55.0
0.90499556 0.82294607 1.61918128 55.0
-1.32763445 1.28527880 0.54101014 55.0
0.80244362 0.70805758 -1.04784679 55.0
-0.94619483 1.17487764 -1.04247820 55.0
0.56492203 -0.94410002 -1.05520356 55.0
-0.89549112 -0.94075823 0.83108717 55.0
-1.42651999 -0.72645360 -0.36137608 55.0
-0.07086372 1.47470474 0.07889429 55.0
1.39469862 -1.07441509 0.00966432 55.0
-0.29184291 1.21716678 -1.01424479 55.0
0.32927707 -1.12907708 -1.04139340 55.0
-1.39421999 -1.01210082 0.20627113 55.0
-0.22748637 0.96923077 1.64218152 55.0
-1.37549853 1.08703732 -0.14710653 55.0
-0.39399788 -0.32897687 1.58415627 55.0
-0.77508694 1.13070822 1.62602532 55.0
1.28520238 -0.96210378 -1.38500965 55.0
0.70320117 -0.32884875 1.58415627 55.0
1.36868906 1.08703732 -0.57254469 55.0
1.28052723 0.70912546 1.19647121 55.0
-0.07165331 0.06161997 1.66889489 55.0
-0.22521782 -1.16336977 0.50320387 55.0
1.43605995 -0.76706767 0.16681384 55.0
0.62724286 -1.51229191 -0.81819618 55.0
0.98679417 1.35198069 -0.99603468 55.0
0.75930798 -1.22376156 -1.01988471 55.0
0.90131575 -1.09007430 -1.16175222 55.0
-1.33510149 -1.21045911 -0.69794399 55.0
0.99780548 -1.27139533 -1.00992584 55.0
-1.38002229 -1.10707974 0.23188284 55.0
-0.80547786 -0.47793308 1.45867574 55.0
-1.17275655 -0.83134049 -1.28344047 55.0
-0.70152801 0.82901847 1.65122998 55.0
1.35329127 0.92523491 -1.16512430 55.0
-0.24312016 -0.11804320 -1.03776622 55.0
-1.37585664 -1.00700808 -0.62748057 55.0
0.20297249 -1.51535094 -0.81819618 55.0
-0.84345436 1.49601305 -0.71748775 55.0
-0.62153912 -1.51241541 -0.72097582 55.0
1.37456262 -0.53490359 -0.89720196 55.0
-1.07134235 0.30794835 -1.03776443 55.0
-0.89088869 -1.44698501 -0.98451108 55.0
0.60345697 -0.87741566 0.93694639 55.0
-1.37219870 -0.31167993 0.82043284 55.0
-0.55108148 1.50334847 -0.52934843 55.0
0.98684710 1.49502516 -0.53214365 55.0
0.08070756 0.97007251 1.64218152 55.0
0.80178881 -0.80718076 -1.04566598 55.0
0.98529637 -0.82046473 -1.16850185 55.0
-1.32863402 1.32583606 0.19231416 55.0
0.86031425 -1.22957015 0.41427514 55.0
0.24122310 0.70752537 1.66107917 55.0
0.23370963 1.47346318 0.07889429 55.0
0.40392050 0.92317504 1.64572716 55.0
0.70804286 0.87535483 1.64883685 55.0
0.78079665 0.43609804 -1.03754449 55.0
0.56568784 1.46357691 0.14224711 55.0
1.40137184 0.74885052 -0.86094570 55.0
-0.37999603 1.21822262 1.62864566 55.0
-1.44891560 0.46431881 -0.14847682 55.0
-1.26734090 -1.14198649 -1.22186303 55.0
-0.22622289 1.01248610 1.63948047 55.0
-0.49325740 -1.51041543 -0.26205269 55.0
-0.65891677 -1.45054173 -0.03451977 55.0
0.39990646 -1.13301516 0.54128850 55.0
1.25892758 -0.91602135 0.73377824 55.0
0.35086706 -1.51635039 -0.36981067 55.0
-0.92246789 1.21214449 -1.01933777 55.0
-1.01256835 1.06576693 -1.32098091 55.0
-0.34868461 -1.49242997 -0.16936693 55.0
-1.25801837 0.84314734 1.18816888 55.0
1.37715018 0.92523491 -0.86617237 55.0
-1.36999381 1.12978244 0.42144933 55.0
-1.35947609 -1.10638499 -0.64533293 55.0
-1.37962949 0.37174365 0.88644117 55.0
1.16593897 1.19397759 -1.00075448 55.0
0.11160280 1.14066911 -1.02609539 55.0
-0.19707155 -1.51696610 -0.47123834 55.0
1.16454339 -1.44787395 -0.40869907 55.0
1.43321407 -0.76706767 -0.18440007 55.0
-0.50327015 1.21570480 -1.01424479 55.0
-0.23100001 0.78699470 1.65362787 55.0
1.28549993 -1.18142998 0.42727524 55.0
1.01863408 -1.49499512 -0.31382716 55.0
1.15200031 1.05727375 -1.33058536 55.0
-1.45328796 0.19308601 0.22241320 55.0
1.35549808 -1.22816348 0.22675234 55.0
-0.41965234 -0.31331211 -1.03765571 55.0
-1.01150227 -1.04459083 0.64694566 55.0
1.41926384 0.88301021 0.22428252 55.0
-0.33356911 0.69143486 -1.03527856 55.0
1.46207702 0.19277687 0.41496208 55.0
-1.37024069 0.08228397 -0.89907908 55.0
0.25185445 -0.39572266 -1.03745592 55.0
0.64250559 0.59280318 -1.03599846 55.0
-0.08169050 0.59500217 -1.03599846 55.0
-1.45321465 -0.02050374 0.22071126 55.0
-0.88031632 -0.04354848 1.62566853 55.0
-0.96827853 -0.04917865 1.57733810 55.0
-0.19877295 -1.51281154 -0.26205269 55.0
0.38588113 1.26443291 1.62352967 55.0
-1.08094382 0.34793597 1.53004599 55.0
-1.45127475 0.46412018 0.22295599 55.0
0.79829615 1.00786245 1.63330328 55.0
0.42794269 -0.47012451 -1.03709912 55.0
0.33246925 0.86274666 -1.05757928 55.0
-1.35081816 -1.23100007 0.11301922 55.0
-0.70727444 1.50238764 -0.52934843 55.0
-0.24304397 -0.31338936 -1.03765571 55.0
0.80694240 0.59235299 -1.03599846 55.0
0.07051818 -1.51684296 -0.55410874 55.0
1.27249432 -0.21573758 1.15292549 55.0
-0.94606805 -0.97893572 -1.35112178 55.0
0.97690302 0.70668179 -1.14551401 55.0
0.76447606 -1.51330113 -0.36981067 55.0
1.45054245 0.62123030 0.42176068 55.0
-1.41457701 0.79399431 -0.33692202 55.0
0.71238708 0.78457856 1.65362787 55.0
-0.06802277 1.31268096 1.58959758 55.0
0.26665300 0.59440911 -1.03599846 55.0
-0.75324392 -1.51267946 -0.47123834 55.0
-0.48764825 -1.51357448 -0.55410874 55.0
-0.41093025 -0.78030539 1.09077835 55.0
-0.49057859 -1.51519465 -0.36981067 55.0
0.07083612 -1.51839840 -0.41177446 55.0
-1.37264192 -0.02050374 0.86992246 55.0
-0.55883592 -0.32889596 1.58415627 55.0
-0.36713940 1.40645206 0.82236028 55.0
-1.28518379 -1.17980611 -1.06082439 55.0
-1.13808084 0.75884694 -1.34371293 55.0
1.24948335 -1.06516087 0.56059307 55.0
0.25070035 -0.61293572 -1.03578269 55.0
1.09598744 0.66878021 1.52031112 55.0
1.00624919 1.26074600 -1.01125073 55.0
-0.77232826 -0.01557449 -1.03776622 55.0
1.25846183 1.39927745 0.41400713 55.0
-1.07317150 -0.56137174 1.28943443 55.0
0.72343725 1.45444274 0.21762870 55.0
1.38249314 -1.14511800 0.19813435 55.0
-0.39181092 -0.04192520 1.65863323 55.0
-1.16472232 0.21542160 1.42384088 55.0
-1.37611866 -1.10707974 -0.30470657 55.0
-0.55167925 -1.05488193 -1.05214739 55.0
-0.19505835 -1.51546431 -0.72097582 55.0
0.93525630 -0.22016720 -1.03774416 55.0
0.42815217 0.47960827 -1.03727627 55.0
0.56260788 -0.98143148 -1.05441213 55.0
-1.41740429 0.66407275 -0.59707999 55.0
0.71117282 -0.47825351 1.46259749 55.0
1.17522752 -0.58406478 1.17745900 55.0
0.98069298 1.40401256 -0.95210677 55.0
-0.41968170 0.38870257 -1.03768063 55.0
1.38249302 1.00658464 -0.57413459 55.0
-0.87749362 -0.90910143 0.88454330 55.0
-0.41492972 -0.83861351 0.99930418 55.0
1.00702822 -1.24793184 -1.01194406 55.0
1.23115671 0.66349429 -1.05845010 55.0
1.45767963 0.51986843 0.03239257 55.0
1.00270689 -0.69950426 1.18574095 55.0
1.37352979 1.08695626 0.62696028 55.0
-0.77377957 -1.44991338 -0.98428994 55.0
1.41806781 -0.83296728 -0.37546292 55.0
0.77784336 -0.98048550 -1.08138192 55.0
1.06659079 -0.06792787 1.51402724 55.0
0.61066282 0.38809356 -1.03768063 55.0
-0.74307162 -1.04888189 0.64694566 55.0
0.61017370 -0.91016549 0.88344353 55.0
-0.84274930 -0.83715212 0.99985796 55.0
0.78990299 -0.87056911 -1.06571996 55.0
-0.23312867 -0.62552202 1.30777967 55.0
-0.69139147 -0.24146400 1.62233269 55.0
-1.45234191 0.42237830 0.22288518 55.0
-0.46542302 -0.73580480 -1.03308523 55.0
-0.60171461 0.38809356 -1.03768063 55.0
-0.40119925 0.70659399 1.66107917 55.0
0.61080456 0.31089082 -1.03776443 55.0
0.72172523 1.44892228 0.28518635 55.0
-0.77639127 -0.90574956 -1.07493460 55.0
-0.77377957 -1.44991338 -0.98428994 55.0
-1.39035344 -1.04357028 -0.09024563 55.0
1.32712400 1.37208426 0.14987502 55.0
0.39714178 1.45699167 0.21762870 55.0
-1.31856310 -1.04060209 0.51041311 55.0
-1.35256350 -0.72598743 -0.88987660 55.0
-0.89549112 -0.94075823 0.83108717 55.0
-0.85705674 1.45667386 0.17796628 55.0
1.12189281 1.14845252 1.39344549 55.0
1.38299251 0.88300723 -0.86773568 55.0
1.00149071 0.72770268 1.57679355 55.0
1.44129980 0.70516384 0.22472787 55.0
-1.41838419 0.70516497 0.63116032 55.0
-0.07361904 0.55298716 1.67142415 55.0
0.80969656 -0.40654776 1.52509916 55.0
-0.52786523 1.36589515 1.29035568 55.0
1.08111012 0.66555983 -1.06174731 55.0
0.08060158 0.06161997 1.66889489 55.0
1.02238405 -1.49032593 -0.24876650 55.0
0.78003210 1.15739584 -1.02593327 55.0
0.40194243 0.96804631 1.64218152 55.0
-1.22561026 1.04998457 1.18523896 55.0
-1.42529035 0.57661659 -0.62258470 55.0
1.46075094 -0.39213458 0.38051522 55.0
1.14133406 1.02569509 1.40125680 55.0
-0.77214289 0.38773814 -1.03768063 55.0
0.95553398 1.10592604 -1.19163203 55.0
1.43894827 0.70516366 -0.14812511 55.0
-0.55273074 -1.16061974 -1.03469467 55.0
0.91364998 0.81294495 -1.30879462 55.0
0.58921862 -1.04927468 0.64694566 55.0
1.41678834 0.88300723 -0.14771178 55.0
0.99893963 1.48063862 -0.18106090 55.0
-1.32838559 -1.25586855 -0.54682261 55.0
-0.07217485 0.27844352 1.67852771 55.0
-0.73467046 -0.77128035 -1.03269458 55.0
-0.98526400 1.30972898 -1.00863636 55.0
1.37305498 0.70516533 0.89438051 55.0
-0.68169808 -1.37751496 -1.00352216 55.0
-0.39797124 0.83052689 1.65122998 55.0
0.56002975 1.50334847 -0.52934843 55.0
-1.07134771 -0.01666045 -1.03776622 55.0
0.24923614 -0.83914489 0.99930418 55.0
-0.74119717 -1.51112199 -0.81852531 55.0
1.45421195 -0.22058451 -0.34828436 55.0
0.23517114 1.01248610 1.63948047 55.0
-0.57209069 0.70888424 -1.03806686 55.0
0.72253281 1.48831534 -0.18106090 55.0
-0.07291405 0.78769153 1.65362787 55.0
0.57936269 -0.80794728 -1.03855312 55.0
-0.94086766 -0.73433411 -1.03308523 55.0
1.37527335 -0.81973475 -1.08933258 55.0
0.39539057 1.09383404 1.63507354 55.0
-0.76808578 -0.94154483 0.82995892 55.0
-0.72054768 -1.27572954 -1.00992584 55.0
-0.81424171 0.50659525 1.66588330 55.0
1.16890919 -0.92462695 0.80919385 55.0
-1.18215144 -0.95486683 0.74864298 55.0
0.60875255 -0.54063016 -1.03654957 55.0
-0.62217939 1.26816392 -1.01125073 55.0
-1.06081152 0.92722994 1.50428617 55.0
1.15756917 -1.44687343 -0.59331590 55.0
0.96181536 -1.38787782 0.12092687 55.0
-1.45311844 -0.22058451 0.21720786 55.0
1.45421195 -0.22058451 -0.34828436 55.0
0.08760699 -0.97279263 0.77907956 55.0
-0.24200103 -1.02496517 0.68759590 55.0
0.95906842 1.37704027 1.04105020 55.0
-1.27457511 1.00941563 -1.32149351 55.0
0.91619897 0.50306463 1.63911819 55.0
0.58921862 -1.04927468 0.64694566 55.0
0.07635190 -1.38099945 -1.00352216 55.0
-1.26393592 1.40919232 0.22371246 55.0
1.08401871 -0.93245631 0.83548677 55.0
-0.88915521 1.17624056 -1.02851331 55.0
-1.27019954 -0.46097738 1.05744481 55.0
-0.07185871 0.16575789 1.67743468 55.0
1.43167448 0.66326624 0.63055331 55.0
1.37894213 1.12978244 0.42144933 55.0
1.08784151 -1.36862612 -0.99373406 55.0
-1.23040807 -1.03819561 0.59487164 55.0
-0.65949392 -0.73524731 -1.03308523 55.0
1.23814034 0.42854127 -1.01959360 55.0
1.14283240 1.42728281 0.30211553 55.0
0.97339815 -0.86920172 -1.26006818 55.0
-1.37799859 1.08703732 0.42234385 55.0
0.34460443 -1.51410937 -0.81819618 55.0
1.08072186 0.24440777 1.53262472 55.0
1.30188262 1.32106340 0.64841759 55.0
0.08062615 -1.10438192 0.57855755 55.0
1.09990442 0.47179282 1.52787399 55.0
-0.55271035 0.99173290 -1.03941655 55.0
0.23363301 1.46266150 0.17796628 55.0
-1.22995424 -0.01833359 -1.01981044 55.0
-0.07519939 -0.78116584 1.09077835 55.0
-1.14104748 1.29100835 1.28001475 55.0
-1.40163124 -0.79731792 -0.61094904 55.0
-0.89766639 1.13630378 -1.07545924 55.0
1.42526090 0.83917516 0.42192638 55.0
-0.23100001 0.78699470 1.65362787 55.0
-0.07684705 0.43827668 -1.03754449 55.0
-0.55556041 -0.14483817 1.64567244 55.0
1.20165610 1.38694084 0.68911499 55.0
-1.21389461 -0.72848439 -1.01454437 55.0
-1.39030349 -1.04357028 0.19268362 55.0
1.45463371 0.57593650 0.03240789 55.0
-0.69916916 -1.26957273 0.35732451 55.0
-1.15757692 -1.44822252 -0.34246174 55.0
-0.38623261 1.49901605 -0.34433538 55.0
1.06659079 -0.06792787 1.51402724 55.0
0.81456918 0.38120559 1.66645527 55.0
0.77703404 -0.94154483 0.82995892 55.0
1.37435937 -1.18264103 -0.09338675 55.0
1.46199453 -0.02050374 0.40815416 55.0
1.41966689 -0.86870581 -0.19518156 55.0
-1.33758211 0.92525792 0.88807291 55.0
1.32887614 -1.29700816 -0.32771003 55.0
1.15016341 -1.24088418 -0.99861145 55.0
1.17816627 -0.71967798 1.05447865 55.0
0.25185445 -0.39572266 -1.03745592 55.0
1.07292557 0.13441126 1.53136563 55.0
-1.00903332 -1.01213574 -1.45790350 55.0
0.71824169 0.66318613 1.66530931 55.0
-0.81225878 0.70403248 1.65453947 55.0
-0.84345436 1.49601305 -0.71748775 55.0
1.45054245 0.62123030 0.42176068 55.0
1.17327464 -1.17597389 0.46465904 55.0
0.50220561 -1.51041543 -0.26205269 55.0
-0.32113767 0.95100284 -1.05038774 55.0
-1.21939397 -0.67533290 -1.01657617 55.0
1.42733276 0.70516497 0.63116032 55.0
0.86475921 -1.20455587 0.44787166 55.0
-0.99807996 -1.24793184 -1.01194406 55.0
0.33909294 0.73584336 -1.04246306 55.0
1.16736197 -0.89489543 -1.40469134 55.0
1.37305498 0.70516533 0.89438051 55.0
0.23363301 1.46266150 0.17796628 55.0
-1.22996640 0.08463950 -1.01981378 55.0
1.16398978 0.00401373 1.41488421 55.0
0.85668916 1.50072300 -0.52990746 55.0
1.40316832 -1.01210082 0.20627113 55.0
1.16294694 -1.25976014 0.34829724 55.0
0.69332170 1.05109465 1.63757265 55.0
-0.34868461 -1.49242997 -0.16936693 55.0
-1.32933211 -1.21681726 0.33119705 55.0
-0.07658939 -0.87888205 0.93694639 55.0
1.22834229 -0.67533290 -1.01657617 55.0
-1.16921806 -0.71967798 1.05447865 55.0
1.38246810 0.74921572 -1.11617887 55.0
1.32887614 -1.29700816 -0.32771003 55.0
1.22781825 1.09008515 1.18279850 55.0
-0.87749362 -0.90910143 0.88454330 55.0
-1.29907095 1.36287236 0.46370977 55.0
-0.87480146 -1.50910056 -0.32524604 55.0
1.42526090 0.83917516 0.42192638 55.0
0.11124922 -1.02013040 -1.05328882 55.0
-1.06987941 0.47541422 -1.03727627 55.0
-1.36410666 0.70516533 0.89438051 55.0
-0.38294581 -1.23213398 0.41427514 55.0
0.99958622 0.36907908 1.59134674 55.0
-0.88031632 -0.04354848 1.62566853 55.0
-1.27273309 -1.36794114 -0.09061901 55.0
-1.01277196 1.02587044 -1.38211966 55.0
-1.45328796 0.19308601 0.22241320 55.0
-0.69909459 0.87535483 1.64883685 55.0
0.39127263 1.44147551 0.40283850 55.0
-1.17936099 0.64214140 1.41683853 55.0
0.78127652 -0.01557449 -1.03776622 55.0
1.45946264 -0.46503565 0.19919182 55.0
0.22706135 1.26595902 1.62352967 55.0
-0.93048984 1.23947966 1.54591036 55.0
0.50220561 -1.51041543 -0.26205269 55.0
0.07849011 1.47071254 -0.86372203 55.0
-0.07658939 -0.87888205 0.93694639 55.0
-1.45087814 0.08145651 -0.14851329 55.0
-1.39101887 -1.04357028 0.03782269 55.0
-0.29184291 1.21716678 -1.01424479 55.0
1.38655305 -0.90705836 0.41908520 55.0
0.85333675 -1.26838052 0.35722029 55.0
-0.06076201 -1.51623333 -0.81819618 55.0
-0.39461279 -1.27719355 -1.00992584 55.0
-1.24829149 -1.36637139 -0.78128487 55.0
-0.97789884 1.49502516 -0.53214365 55.0
-0.97594661 -1.31127870 -1.00718021 55.0
1.32601321 1.28525996 -0.61178756 55.0
-1.22220838 0.66349429 -1.05845010 55.0
-0.84663659 1.29825795 1.55794859 55.0
-1.34382784 1.08769131 -0.84330136 55.0
-1.45271528 -0.12103735 0.03237249 55.0
0.98684710 1.49502516 -0.53214365 55.0
1.19744837 1.32008255 1.10863078 55.0
0.39407536 -1.20704246 0.44787166 55.0
-0.88035429 -0.77089036 -1.03509378 55.0
-1.08761215 0.42358747 1.52838600 55.0
0.08414765 -0.78116584 1.09077835 55.0
-0.38623261 1.49901605 -0.34433538 55.0
1.08022976 -0.22024217 -1.03774416 55.0
-1.41751826 -0.83391023 0.27676845 55.0
-0.40221241 0.66452396 1.66530931 55.0
1.35816705 -1.23100007 -0.14032653 55.0
0.88644189 -0.90910143 0.88454330 55.0
-1.43122792 0.42259753 -0.62805843 55.0
1.46167767 0.08145651 0.03237239 55.0
-1.26354599 -0.21573758 1.15292549 55.0
-1.33787704 -1.14518821 -0.88440287 55.0
1.39996719 -1.04357028 0.03782269 55.0
-0.97420824 1.41823268 0.58573323 55.0
0.90841419 1.15664172 -1.04855227 55.0
0.75930798 -1.22376156 -1.01988471 55.0
1.14651132 -1.04108787 -1.44552481 55.0
-0.07165331 0.06161997 1.66889489 55.0
1.27230704 1.43247867 -0.17341407 55.0
0.62133515 -0.97110373 0.77907956 55.0
0.76447606 -1.51330113 -0.36981067 55.0
-0.57057583 0.66367918 1.66530931 55.0
0.80307943 0.96478856 1.63590670 55.0
1.14641273 -1.07744420 -1.40058613 55.0
-0.82672131 1.40509522 0.82005346 55.0
-1.35137212 0.67603129 -1.06013000 55.0
-0.81449711 0.66201031 1.65871406 55.0
-0.68041885 1.09189296 1.63507354 55.0
1.31731021 1.32821918 -0.60850966 55.0
1.40592277 0.92523491 -0.33603659 55.0
-1.03802824 -1.43821394 -0.03662223 55.0
-1.38498056 -1.07441509 -0.12268904 55.0
0.77864373 -0.54045808 -1.03654957 55.0
-1.26471591 -0.30705938 1.12652850 55.0
1.38248515 -1.14511800 0.03687767 55.0
-0.93362385 0.68928212 -1.06125164 55.0
-1.36974633 -1.10571694 0.34175694 55.0
-1.35127115 1.12950671 -0.58080697 55.0
-1.13769627 -1.11339128 -1.34243369 55.0
-0.60832483 -0.94187468 0.82995892 55.0
-1.45127475 0.46412018 0.22295599 55.0
-0.85867912 0.63666588 -1.03622198 55.0
-0.56912786 0.70573306 1.66107917 55.0
-1.12148035 -1.01421344 0.67874151 55.0
0.34637645 -1.51422679 -0.72097582 55.0
1.43846703 -0.46503565 -0.62735033 55.0
0.70400757 0.16432187 1.67500782 55.0
0.71911550 0.60733682 1.66881812 55.0
0.61641639 -1.25301898 -1.01194406 55.0
1.44573581 -0.02050374 0.60417789 55.0
1.41768992 0.83916402 -0.33662865 55.0
0.22124946 1.38733339 1.06101608 55.0
-0.78662193 0.73406631 -1.05692351 55.0
-1.34382784 1.08769131 -0.84330136 55.0
-1.13388407 1.42728281 0.30211553 55.0
1.15274334 0.93531674 -1.47423434 55.0
-0.33356911 0.69143486 -1.03527856 55.0
-0.94172293 -1.05218554 -1.33107507 55.0
1.16808450 0.85895777 1.40414798 55.0
-1.35506046 -1.21019590 -0.24496570 55.0
-1.27019954 -0.46097738 1.05744481 55.0
0.92296213 -0.99664015 0.73221093 55.0
-1.37845373 -0.85659570 -0.86901015 55.0
-0.48599535 -1.51301098 -0.63968563 55.0
-0.32951757 -0.82338274 -1.04129291 55.0
-0.22289521 -1.20794654 0.44787166 55.0
-0.92246789 1.21214449 -1.01933777 55.0
-0.09290995 1.21820569 -1.01424479 55.0
-1.15559506 -1.44787395 -0.40869907 55.0
0.97672153 -0.15028575 1.56567335 55.0
-0.07134405 1.01336217 1.63948047 55.0
-0.69228011 0.06055344 1.66763961 55.0
-0.93048984 1.23947966 1.54591036 55.0
-0.41978294 -0.01520770 -1.03776622 55.0
0.90494698 -1.18623197 -1.08623409 55.0
-0.21627477 1.42596662 0.59017950 55.0
-0.70152801 0.82901847 1.65122998 55.0
0.09870628 -1.24065197 -1.01410568 55.0
-0.38425323 1.50499487 -0.52934843 55.0
-1.13926017 -1.00502586 -1.47180200 55.0
0.39407536 -1.20704246 0.44787166 55.0
1.34702599 -1.25587153 -0.28676811 55.0
-0.80562091 0.38120559 1.66645527 55.0
0.89762753 -1.48608899 -0.17130822 55.0
0.57495421 0.78510761 1.65362787 55.0
0.07969207 1.49393857 -0.18106090 55.0
1.42187619 -0.80030644 -0.37542245 55.0
-1.41751826 -0.83391023 0.27676845 55.0
1.02227259 0.98471189 -1.42977774 55.0
-1.01208735 -1.18004131 0.47322932 55.0
1.40316832 -1.01210082 0.20627113 55.0
1.27628922 -1.14198649 -1.22186303 55.0
-1.32436848 -1.29706609 -0.12787142 55.0
1.38818741 0.51770520 0.88691610 55.0
1.40675008 0.83916402 -0.57687187 55.0
1.14636707 0.89266962 -1.48120821 55.0
0.23334473 1.49267972 -0.18106090 55.0
-1.38012516 -1.10707974 0.14452100 55.0
-0.75035977 -1.22376156 -1.01988471 55.0
-1.01524770 1.15081418 -1.10569334 55.0
-1.32644725 -1.23092425 -0.71782166 55.0
-0.55249256 1.03316045 -1.03413773 55.0
0.72949594 -1.27572954 -1.00992584 55.0
1.27224815 0.79797047 1.19130588 55.0
0.56165862 0.99173290 -1.03941655 55.0
-0.60185927 -0.11830350 -1.03776622 55.0
1.45386291 -0.31167993 -0.34974563 55.0
1.45981252 -0.02050374 -0.14851308 55.0
-0.24175207 -0.61293572 -1.03578269 55.0
-1.15858197 -0.37072602 1.32195961 55.0
-0.54844832 -1.31611836 -1.00718725 55.0
-1.07889330 -1.36862612 -0.99373406 55.0
0.34637645 -1.51422679 -0.72097582 55.0
1.44731152 0.57607251 -0.34660736 55.0
-1.03840029 -0.83783495 -1.27699888 55.0
0.61727309 -0.94187468 0.82995892 55.0
0.55847681 1.35965312 -0.99625933 55.0
-1.28460968 0.52171159 1.19650650 55.0
1.12305856 1.25094140 1.36338413 55.0
1.41913617 -0.80205566 0.39623395 55.0
0.76728338 -1.25245583 -1.01194406 55.0
-1.27208877 -1.36794114 -0.16518578 55.0
1.45436931 0.19318910 -0.34792280 55.0
-0.99847430 -1.26413810 0.35680306 55.0
0.81110400 0.27586368 1.66769731 55.0
1.23852384 -0.31234875 -1.01966727 55.0
1.41554248 -0.90582985 -0.19891989 55.0
-0.99124396 1.45082450 0.17796628 55.0
1.40965283 -0.97867084 0.06850667 55.0
-0.38425323 1.50499487 -0.52934843 55.0
-1.21887004 1.09008515 1.18279850 55.0
-0.07519939 -0.78116584 1.09077835 55.0
-1.36835778 0.46594751 -0.89867073 55.0
1.17327464 -1.17597389 0.46465904 55.0
0.63283777 -1.51234400 -0.63968563 55.0
-0.07687226 -0.31344423 -1.03765571 55.0
1.06975973 0.92722994 1.50428617 55.0
-1.34087694 -0.94448030 0.52916920 55.0
-0.76808578 -0.94154483 0.82995892 55.0
1.17798615 -1.42725170 -0.06465758 55.0
0.56302494 1.13831675 -1.02609539 55.0
1.44380927 -0.46503565 0.54007530 55.0
-0.87749362 -0.90910143 0.88454330 55.0
-1.09197819 0.51398247 1.52695334 55.0
-0.32056886 1.03441787 -1.03413773 55.0
0.80362225 0.06012124 1.65981567 55.0
1.07159805 -0.73230809 -1.03308523 55.0
0.57169944 -0.79390574 -1.03416884 55.0
-0.07361886 0.61007714 1.66881812 55.0
-0.70743835 0.70523065 1.66107917 55.0
0.78060514 -0.39532325 -1.03745592 55.0
-0.92556083 -0.39516529 -1.03745592 55.0
-1.43446743 0.66339070 -0.14820828 55.0
0.82938296 -0.70291907 1.20377874 55.0
1.33758223 1.32583606 0.19231416 55.0
0.24052452 0.74576497 1.65680361 55.0
0.83318043 -1.23698044 -1.01570511 55.0
0.66786498 -1.45054173 -0.03451977 55.0
-0.90918267 -0.96993333 0.77993882 55.0
1.42186952 -0.86870581 -0.02299183 55.0
-0.56066400 -1.13225615 0.54128850 55.0
-0.21230119 1.38733339 1.06101608 55.0
-0.91345352 0.76871681 -1.25793266 55.0
0.97200680 0.63584107 -1.03773975 55.0
1.07769644 0.53186876 -1.03676450 55.0
-0.77088457 -0.46977204 -1.03709912 55.0
0.95959985 -0.87383598 0.94148040 55.0
0.08584638 0.08985300 -1.03776979 55.0
-1.30648720 -1.01123905 0.55000383 55.0
0.98602337 0.76545191 -1.33412015 55.0
0.64250559 0.59280318 -1.03599846 55.0
-1.45220101 0.42172053 0.41684768 55.0
-1.23174179 1.12085164 -1.14282024 55.0
-0.68041885 1.09189296 1.63507354 55.0
1.37527335 -0.81973475 -1.08933258 55.0
1.43423867 0.57661659 -0.62258470 55.0
-0.96444988 -0.86920172 -1.26006818 55.0
0.11505783 0.71041399 -1.03806686 55.0
1.33474267 -1.06962657 0.47858894 55.0
-0.07086707 1.48408592 -0.03428758 55.0
-0.38644230 1.09383404 1.63507354 55.0
1.46129036 0.42237830 0.22288518 55.0
0.55698603 1.09260833 1.63507354 55.0
-1.39053023 -0.89986956 -0.60428268 55.0
1.01590788 -1.44010091 -0.97774869 55.0
-0.75552791 -1.51330113 -0.36981067 55.0
0.62133515 -0.97110373 0.77907956 55.0
-1.08465695 1.36506426 1.00854003 55.0
-1.40661013 -0.76509637 -0.62135082 55.0
1.35891461 0.88300723 -1.16872668 55.0
1.45429909 -0.02050374 -0.34791911 55.0
-1.01150227 -1.04459083 0.64694566 55.0
-1.45312858 0.19277687 0.41496208 55.0
-0.91361570 -1.23584521 -1.01768744 55.0
-0.22679585 -0.04170454 1.65863323 55.0
-1.07507038 -0.93245631 0.83548677 55.0
-0.79545051 1.36301088 1.28554213 55.0
-1.27655172 -1.18142998 0.42727524 55.0
-0.23314518 0.55241579 1.67142415 55.0
1.18851817 -0.77578330 0.97860503 55.0
-0.71955103 -1.13181305 0.54128850 55.0
-1.38065362 0.46168041 0.88579583 55.0
-1.23174179 1.12085164 -1.14282024 55.0
-0.57476872 0.69056112 -1.03527856 55.0
-1.36268818 -0.60500103 -0.89656764 55.0
-0.98999137 1.48063862 -0.18106090 55.0
0.32159588 -1.22618115 -1.01764584 55.0
-1.15805423 -1.20513427 -1.05368829 55.0
0.11179911 -1.21134424 -1.02305770 55.0
-0.54475492 -1.27009916 0.35732451 55.0
1.38248229 -0.46503565 0.77319199 55.0
1.28796172 0.92785579 -1.38624072 55.0
1.42509437 0.83916688 0.22417979 55.0
-1.44035077 -0.67175198 0.00595526 55.0
1.40971184 -0.97867084 0.15075377 55.0
0.56649935 0.86168116 -1.05757928 55.0
-0.22492321 1.05424762 1.63757265 55.0
0.33687317 0.77203798 -1.04800677 55.0
-0.56079024 0.27691966 1.67810917 55.0
1.01982677 -1.20039117 0.44787166 55.0
-1.32506478 -1.29706955 -0.05937469 55.0
1.44642580 -0.60410255 -0.35341972 55.0
-0.55271035 0.99173290 -1.03941655 55.0
-1.44823766 -0.53418571 0.35832956 55.0
1.36786473 -1.00089681 -0.88889563 55.0
-0.43927255 1.26957095 -1.01125073 55.0
1.39079750 -0.94323903 0.36545050 55.0
-0.07352733 0.66608757 1.66530931 55.0
-0.19744986 -1.51751029 -0.41177446 55.0
1.40016592 0.92525250 0.62845129 55.0
1.35216022 -1.23100007 -0.39198968 55.0
-0.25770473 0.59440911 -1.03599846 55.0
-1.36238968 0.96613759 -0.86268908 55.0
1.16652799 1.15609646 -1.04601395 55.0
1.38480508 -1.00700808 -0.62748057 55.0
-0.37999603 1.21822262 1.62864566 55.0
-0.32010406 -1.09290040 -1.04817152 55.0
-0.53444725 1.26302230 1.62352967 55.0
0.68181562 1.17345405 1.63029552 55.0
0.89983696 -1.44698501 -0.98451108 55.0
1.37953186 1.08703732 -0.33470047 55.0
-0.98173612 1.43283963 0.40011778 55.0
-0.06972943 -1.31882572 -1.00718725 55.0
-0.89005941 -0.40576419 1.50586128 55.0
0.20772120 -1.51281154 -0.26205269 55.0
0.33251494 0.67113370 -1.03438807 55.0
1.01170588 -1.49354231 -0.54702502 55.0
-0.89335084 -1.01675034 -1.18814933 55.0
1.45803618 0.51921707 0.41805118 55.0
-1.37100434 -1.03980184 -0.62654167 55.0
-0.38241076 -1.31706798 -1.00718725 55.0
1.01969552 1.20725083 -1.02130866 55.0
-1.40525854 -0.94299334 0.07965352 55.0
-0.85262030 1.49468815 -0.34444720 55.0
0.99421227 1.30972898 -1.00863636 55.0
-0.21363543 1.36873364 1.29035568 55.0
-1.13777661 -1.09267628 0.56926608 55.0
1.08989203 0.34793597 1.53004599 55.0
1.34178579 -1.17006731 0.37702450 55.0
-1.15757692 -1.44822252 -0.34246174 55.0
-1.37962949 0.37174365 0.88644117 55.0
-0.96770662 1.39882314 0.81082517 55.0
0.55847681 1.35965312 -0.99625933 55.0
-0.07644770 -0.61321926 -1.03578269 55.0
1.32702672 1.36959851 0.24117684 55.0
-0.54475492 -1.27009916 0.35732451 55.0
-1.01612127 -1.21735680 -1.05343723 55.0
-0.93587834 0.59153956 -1.03599846 55.0
0.11423992 -0.82398355 -1.04129291 55.0
-1.06814241 -0.42157400 1.39893043 55.0
1.14664459 -1.11339128 -1.34243369 55.0
1.46200991 0.29789644 0.41688868 55.0
1.13166034 1.34149539 -0.97869855 55.0
-0.99612635 0.68939501 1.58034217 55.0
-1.07068312 0.43312377 -1.03754449 55.0
-1.00081539 0.53583419 1.58885992 55.0
-1.42615366 -0.67183220 0.48231259 55.0
-0.73467046 -0.77128035 -1.03269458 55.0
0.85126108 1.21356499 -1.01654482 55.0
1.36845064 -1.18012619 0.27263072 55.0
-1.41457701 0.79399431 -0.33692202 55.0
1.44106889 0.08145651 -0.62817216 55.0
1.14585364 1.43279064 0.22820041 55.0
1.30869126 1.38399923 -0.59201813 55.0
0.86600500 1.45667386 0.17796628 55.0
0.57076758 -0.40685833 1.52990866 55.0
-1.07150114 -0.49139208 1.34586895 55.0
-0.32352099 0.86274666 -1.05757928 55.0
-1.18257916 0.59706777 1.41810727 55.0
0.86733532 -1.49478710 -0.92178643 55.0
0.61062092 -0.31324074 -1.03765571 55.0
1.22109544 1.13331723 1.18076241 55.0
-1.35427785 -1.03527975 -0.88489437 55.0
-0.89867753 -0.54772490 1.37468648 55.0
0.45372203 0.59357458 -1.03599846 55.0
-1.00705230 -1.22527611 0.41427514 55.0
-0.97653258 0.85550457 -1.44794035 55.0
0.57952404 0.66367918 1.66530931 55.0
0.83318043 -1.23698044 -1.01570511 55.0
-0.85262030 1.49468815 -0.34444720 55.0
-1.33899224 -1.25301039 0.19743472 55.0
1.27440047 1.41783357 0.10355423 55.0
-0.06676871 1.38780200 1.06101608 55.0
1.37133801 0.96613759 -0.86268908 55.0
1.40963829 -0.94304246 0.24332559 55.0
0.89983696 -1.44698501 -0.98451108 55.0
0.40895045 0.74482054 1.65680361 55.0
-1.14825726 -1.12264287 0.53212959 55.0
1.39132714 -1.07441509 -0.26971114 55.0
0.07979041 1.46816742 0.14224711 55.0
1.04697657 -1.43821394 -0.03662223 55.0
-0.71452332 1.46263707 0.14224711 55.0
0.97665489 1.39882314 0.81082517 55.0
1.01590788 -1.44010091 -0.97774869 55.0
-0.97634810 -0.82046473 -1.16850185 55.0
-1.26734090 -1.14198649 -1.22186303 55.0
-1.34030354 1.23712385 -0.34064630 55.0
0.88284975 -1.50910056 -0.36981067 55.0
0.90661466 1.13630378 -1.07545924 55.0
-1.44159412 0.62123030 0.42176068 55.0
-1.38712442 -1.01210082 0.30150363 55.0
1.31950843 1.38223410 -0.34479225 55.0
-1.15291166 -0.19634989 1.38444376 55.0
0.72253281 1.48831534 -0.18106090 55.0
-1.43458939 -0.72654778 0.17473976 55.0
-0.69228011 0.06055344 1.66763961 55.0
0.56584859 1.47010136 0.07889429 55.0
-0.20162755 -1.49365366 -0.16936693 55.0
-1.33522046 1.28553581 -0.14634900 55.0
-0.99162102 1.47088563 -0.03428758 55.0
0.25173050 0.48033169 -1.03727627 55.0
0.25113150 -0.87848657 0.93694639 55.0
0.72370946 1.47850490 -0.03428758 55.0
0.97722679 -0.04917865 1.57733810 55.0
0.72144657 -1.18523359 0.47322932 55.0
1.37499595 -1.18264103 0.00326509 55.0
-0.92122197 -0.61156356 -1.03578269 55.0
0.88021016 -1.50849187 -0.47123834 55.0
-1.38712442 -1.01210082 0.30150363 55.0
-1.00901985 -1.23192859 -1.01921880 55.0
-1.36604762 -1.18264103 0.00326509 55.0
-1.34253883 -1.25587153 -0.00735630 55.0
-1.43212044 0.08145651 -0.62817216 55.0
1.04233658 -0.86616057 -1.33768880 55.0
-1.31795800 -1.18369246 -0.89264363 55.0
0.99808234 0.66822904 -1.05359948 55.0
-0.55510026 -1.20915711 -1.02305770 55.0
0.81856239 0.74222308 1.65032041 55.0
-1.35676026 0.83916402 -1.16162980 55.0
-0.19707155 -1.51696610 -0.47123834 55.0
-1.44833207 -0.53418571 0.19119434 55.0
1.44991744 -0.67175198 0.33487165 55.0
1.36021936 1.12950671 -0.58080697 55.0
0.23387147 1.05424762 1.63757265 55.0
-1.13808084 0.75884694 -1.34371293 55.0
0.71793729 0.50758129 1.67257452 55.0
-1.43486083 -0.46503565 0.54007530 55.0
-0.07430419 -0.70499051 1.20476186 55.0
-0.22622289 1.01248610 1.63948047 55.0
-1.12148035 -1.01421344 0.67874151 55.0
-1.15004528 -0.93185359 -1.44859695 55.0
-1.44908774 0.51921707 0.41805118 55.0
1.31950843 1.38223410 -0.34479225 55.0
-0.26975548 -0.73640794 -1.03308523 55.0
-0.56765854 -1.07517922 0.61147892 55.0
0.53681445 1.34300613 1.47977328 55.0
-0.92100453 0.70757520 -1.08697045 55.0
-1.40447879 -0.94299334 -0.04845443 55.0
-0.22673458 -0.14463280 1.64567244 55.0
-0.38425323 1.50499487 -0.52934843 55.0
-0.37523103 -1.32730246 0.26301080 55.0
0.81856239 0.74222308 1.65032041 55.0
0.35967278 -1.45253253 -0.98423469 55.0
0.91619897 0.50306463 1.63911819 55.0
0.25615460 -0.99915415 0.73181504 55.0
-0.97745085 0.90338868 1.56713474 55.0
1.28233540 1.04945493 -1.26902330 55.0
0.87416518 -1.13075662 0.54128850 55.0
-0.57057583 0.66367918 1.66530931 55.0
-1.28715980 1.28425157 0.78219533 55.0
-1.07135832 0.08709353 -1.03776979 55.0
-1.45039356 -0.31167993 -0.15335199 55.0
0.99137616 -0.79200798 -1.06737995 55.0
-0.72819245 -1.07477069 0.61147892 55.0
-1.33603406 1.23747349 0.60078335 55.0
-0.56103992 0.81541651 -1.05361438 55.0
-0.22807214 -0.32906440 1.58415627 55.0
-1.34203100 -1.25587153 -0.07825924 55.0
-0.96736181 -0.77019656 -1.03873718 55.0
1.24069011 1.12085164 -1.14282024 55.0
-0.92641115 0.20245680 -1.03778386 55.0
1.40316832 -1.01210082 0.20627113 55.0
-1.37845373 -0.85659570 -0.86901015 55.0
-1.03338838 -0.86616057 -1.33768880 55.0
-0.06753673 1.34734309 1.47977328 55.0
1.36621213 1.18110347 -0.14676401 55.0
0.85038626 1.46379244 -0.86360925 55.0
1.17273402 -1.22090197 0.40644506 55.0
-1.35718346 -1.21019590 -0.11852015 55.0
-0.07658939 -0.87888205 0.93694639 55.0
-1.38237882 -1.07441509 -0.26971114 55.0
0.39664781 1.49090827 -0.18106090 55.0
1.12662506 -0.86161095 0.92075443 55.0
1.34050620 1.04706025 -1.10445285 55.0
-0.83754939 1.42402172 0.58929032 55.0
-1.36507094 -1.14317763 0.30732763 55.0
-0.84231281 1.21356499 -1.01654482 55.0
1.21364200 1.24069810 1.15321612 55.0
1.09918571 0.62557197 1.52295411 55.0
0.33550397 -0.79470605 -1.03416884 55.0
-0.07235219 -0.40730655 1.52990866 55.0
-1.01524770 1.15081418 -1.10569334 55.0
-0.89828807 0.37805483 1.63975775 55.0
-1.36915123 0.62576085 -0.88609999 55.0
1.04734850 -0.83783495 -1.27699888 55.0
0.60745722 -0.61216778 -1.03578269 55.0
-0.55271035 0.99173290 -1.03941655 55.0
0.59792954 -0.83812237 0.99930418 55.0
0.42862996 0.38870257 -1.03768063 55.0
-0.38821229 1.46518731 0.14224711 55.0
-1.38011789 -1.10707974 0.07184680 55.0
-0.19877295 -1.51281154 -0.26205269 55.0
-1.41365790 -0.72607708 -0.62488806 55.0
0.96085113 1.07125890 1.55999970 55.0
-1.42137563 -0.80105358 0.28795546 55.0
0.71824169 0.66318613 1.66530931 55.0
1.33490884 -1.10465622 -1.11488998 55.0
-0.96753711 0.80954015 -1.40159643 55.0
0.86600500 1.45667386 0.17796628 55.0
-0.98934239 1.44147444 0.28464207 55.0
0.23133348 1.50677598 -0.52934843 55.0
-0.54952860 1.35965312 -0.99625933 55.0
-0.77437341 0.53525960 -1.03676450 55.0
0.87416518 -1.13075662 0.54128850 55.0
0.29971811 0.63877112 -1.03499520 55.0
-1.43678725 -0.02050374 0.60417789 55.0
1.16135788 -1.44723225 -0.49939385 55.0
0.92190981 0.85908329 -1.34383655 55.0
1.37953186 1.08703732 -0.33470047 55.0
1.37259972 -1.18264103 -0.22421181 55.0
-1.44501019 0.37477767 -0.34790105 55.0
0.38273111 1.42577505 0.59017950 55.0
1.44205201 -0.53418618 0.52313697 55.0
-1.08465695 1.36506426 1.00854003 55.0
-1.39197993 0.88300723 -0.57621527 55.0
-0.55208123 -1.12788951 -1.04139340 55.0
-1.11294460 1.14845252 1.39344549 55.0
0.92190981 0.85908329 -1.34383655 55.0
-0.79085690 -1.44955122 -0.03503814 55.0
0.38273111 1.42577505 0.59017950 55.0
-1.44137490 0.51988792 -0.34757364 55.0
-0.21611699 1.31155062 1.58959758 55.0
-0.94378769 0.94700009 -1.35077024 55.0
-1.26335001 -1.26598346 0.31183925 55.0
-1.37331676 -0.53418803 0.74612033 55.0
-0.86521691 -1.13075662 0.54128850 55.0
0.99093097 -0.80597466 -1.11699104 55.0
0.78115070 -0.94319260 -1.08055723 55.0
-1.27629340 0.29989457 1.19850206 55.0
0.07855819 1.41539526 -0.95322996 55.0
1.08812010 -0.70616382 1.14668596 55.0
0.78131473 0.20293994 -1.03778386 55.0
-1.22889054 -0.39353842 -1.01942980 55.0
-0.32067272 1.07449341 -1.03488016 55.0
-0.36926031 1.36725855 1.29035568 55.0
-0.98560083 1.48876369 -0.34489447 55.0
0.33246925 0.86274666 -1.05757928 55.0
0.11122006 -1.12992096 -1.04139340 55.0
1.44017625 0.42259753 -0.62805843 55.0
0.08101802 -1.27890444 -1.00992584 55.0
-1.42195034 0.79399621 0.22428675 55.0
-0.08975802 -1.24065197 -1.01410568 55.0
-1.37923908 0.51770520 0.88691610 55.0
-1.31781840 1.04652965 0.88788778 55.0
1.34794044 -1.25301039 0.19743472 55.0
0.61872172 -0.68094462 -1.03469110 55.0
-0.81557596 0.54940045 1.66474807 55.0
-1.00762856 -1.04847121 -1.43251312 55.0
1.23115671 0.66349429 -1.05845010 55.0
1.17327464 -1.17597389 0.46465904 55.0
0.78127652 -0.11837646 -1.03776622 55.0
-0.93191046 -0.83470440 1.00207293 55.0
-0.85625416 1.31502759 -1.00863636 55.0
-0.24847975 -0.97233713 0.77907956 55.0
0.09063876 0.59500217 -1.03599846 55.0
1.07996476 -0.31286439 -1.03765571 55.0
-1.36390150 -1.01192844 0.42909446 55.0
1.35549808 -1.22816348 0.22675234 55.0
-1.25942338 1.28883362 -0.87342989 55.0
0.08048062 -0.04154773 1.65863323 55.0
-1.33545613 1.00658464 -1.13161767 55.0
1.17522752 -0.58406478 1.17745900 55.0
1.42646670 -0.83391023 0.27676845 55.0
-1.31856310 -1.04060209 0.51041311 55.0
0.56649935 0.86168116 -1.05757928 55.0
1.37163639 -0.60500103 -0.89656764 55.0
-0.89877319 0.77879983 1.62142110 55.0
-1.42430723 -0.60410255 -0.62665540 55.0
1.05579245 1.01029170 1.50374317 55.0
-1.16664505 -0.79976368 -1.15573359 55.0
-1.26719379 -0.38785282 1.09444559 55.0
-1.35676026 0.83916402 -1.16162980 55.0
-0.57057583 0.66367918 1.66530931 55.0
0.58103895 0.70888424 -1.03806686 55.0
0.32936576 -1.01937377 -1.05328882 55.0
1.22714734 -1.01122224 0.63658065 55.0
-1.07216191 0.66555983 -1.06174731 55.0
0.23673713 0.16543640 1.67743468 55.0
1.23661304 -0.46712092 -1.01905274 55.0
-0.74555719 -1.51121736 -0.72104168 55.0
-1.40874147 0.83916402 -0.33662865 55.0
0.08414765 -0.78116584 1.09077835 55.0
1.13300884 1.32910061 1.18921399 55.0
-1.42058969 -0.72693044 0.45229068 55.0
0.56404853 -1.20915711 -1.02305770 55.0
-0.41952088 0.43710265 -1.03754449 55.0
1.29163408 0.57850373 1.19692039 55.0
-0.70390087 -1.31556416 -1.00718725 55.0
1.04697657 -1.43821394 -0.03662223 55.0
1.11789811 1.19860542 1.38918173 55.0
-1.16878092 0.76845038 1.41009569 55.0
1.46216297 -0.02050374 0.22071126 55.0
1.25367677 1.38661361 -0.82709366 55.0
0.56302494 1.13831675 -1.02609539 55.0
1.36258268 -0.97904265 0.47263411 55.0
-0.99129152 1.45508695 0.14224711 55.0
-1.45086420 -0.12103735 -0.14851308 55.0
-1.26383269 -0.11613383 1.17288053 55.0
0.69900477 -0.14489576 1.64567244 55.0
-0.23312867 -0.62552202 1.30777967 55.0
-1.12493002 1.41868293 0.42305318 55.0
-0.89509159 1.07128489 -1.13031530 55.0
1.16398978 0.00401373 1.41488421 55.0
1.43824100 0.66352713 -0.34124699 55.0
-0.10419295 -0.87294137 -1.04628468 55.0
-1.21939397 -0.67533290 -1.01657617 55.0
1.33758223 1.32583606 0.19231416 55.0
-0.99063796 0.36907908 1.59134674 55.0
-0.06954184 1.47071254 -0.86372203 55.0
-0.24468687 0.53718734 -1.03676450 55.0
-0.85507005 -1.50711262 -0.81984174 55.0
1.23890245 -0.01833359 -1.01981044 55.0
0.66844219 -0.73524731 -1.03308523 55.0
0.95188671 -1.01571250 -1.34999859 55.0
-0.07083855 1.45997059 0.21762870 55.0
1.28147459 -0.80390078 -1.17931807 55.0
-0.10358053 -0.90822566 -1.05222023 55.0
1.14999568 1.29100835 1.28001475 55.0
1.29933107 -0.98052979 0.60307372 55.0
1.28545916 0.96886408 -1.36128318 55.0
-1.31781840 1.04652965 0.88788778 55.0
1.36862624 -0.85230094 -1.11747289 55.0
0.25608385 -0.94305134 0.82995892 55.0
-0.87968153 -0.14552467 1.61399031 55.0
1.37884867 0.37626103 -0.89900529 55.0
1.02419603 1.15081418 -1.10569334 55.0
-0.19788615 -1.51760101 -0.32524604 55.0
-0.93711305 0.73263443 -1.20133495 55.0
-0.81555146 0.60622627 1.66217637 55.0
-0.84274930 -0.83715212 0.99985796 55.0
1.27278101 -0.11613383 1.17288053 55.0
-0.97561157 0.15435390 1.59283650 55.0
-0.32206696 1.16008615 -1.02027917 55.0
1.34661329 1.28553581 0.21252969 55.0
0.25206846 -0.11804320 -1.03776622 55.0
-0.60103172 0.47893962 -1.03727627 55.0
-0.33200625 0.70977849 -1.03806686 55.0
-0.07741221 0.53774333 -1.03676450 55.0
1.37345183 -0.72846085 0.64081687 55.0
-1.36906350 -0.39249951 -0.89822286 55.0
0.07029635 -1.51626897 -0.63968563 55.0
-0.74119717 -1.51112199 -0.81852531 55.0
1.28153074 1.08799982 -1.20395005 55.0
-0.95757610 -0.90432668 -1.30211210 55.0
1.31192243 0.75212091 -1.28194773 55.0
0.81442606 -0.47793308 1.45867574 55.0
1.38818741 0.51770520 0.88691610 55.0
1.42509437 0.83916688 0.22417979 55.0
0.93525630 -0.22016720 -1.03774416 55.0
1.17367065 0.21542160 1.42384088 55.0
-1.43465626 -0.72654778 0.31845567 55.0
1.32690632 -1.18369246 -0.89264363 55.0
-0.23169346 0.46062911 1.67274785 55.0
1.34602642 1.28553581 0.03296263 55.0
-1.45270824 0.29868746 0.03237249 55.0
0.89235485 0.05857367 1.63354230 55.0
-0.61006188 -0.99786419 0.73181504 55.0
-1.26518893 1.41280329 0.17485633 55.0
-0.85262030 1.49468815 -0.34444720 55.0
-1.26782489 0.75262034 1.19398284 55.0
0.07127094 -1.51369631 -0.26205269 55.0
0.88644189 -0.90910143 0.88454330 55.0
0.56634974 0.96695143 1.64218152 55.0
1.45429909 -0.02050374 -0.34791911 55.0
-1.33454061 -0.79486996 -1.06937742 55.0
-1.15841365 -0.89489543 -1.40469134 55.0
1.27413726 1.41280329 0.17485633 55.0
1.44582701 0.46269476 0.61973619 55.0
1.37953186 1.08703732 -0.33470047 55.0
-0.85597295 1.48658884 -0.18106090 55.0
-1.36458147 1.08695626 0.62696028 55.0
-0.77639127 -0.90574956 -1.07493460 55.0
-1.36915123 0.62576085 -0.88609999 55.0
0.32904246 -1.05598772 -1.05214739 55.0
1.42260647 -0.72607708 -0.62488806 55.0
0.93502700 -0.31312382 -1.03765571 55.0
-1.37289059 -0.39213458 0.79797447 55.0
0.95067120 -1.05218554 -1.33107507 55.0
0.40486073 -1.07587910 0.61147892 55.0
-0.69603693 0.92151475 1.64572716 55.0
-0.93362385 0.68928212 -1.06125164 55.0
-1.45039845 -0.46503565 0.37017307 55.0
-0.10431826 -0.79527467 -1.03416884 55.0
-0.39664224 0.87693930 1.64883685 55.0
0.71824169 0.66318613 1.66530931 55.0
0.90321004 -1.15882790 -1.11314893 55.0
-1.28772473 1.23776853 0.85566092 55.0
1.13853073 -1.06563044 0.60198879 55.0
-0.71594495 -0.70351648 1.20476186 55.0
-1.01188457 -0.96698087 0.78337538 55.0
1.46089113 -0.39213458 0.20697708 55.0
0.41163883 0.55161172 1.67142415 55.0
0.39127263 1.44147551 0.40283850 55.0
1.35535634 -0.92457920 -1.15836978 55.0
0.63283777 -1.51234400 -0.63968563 55.0
0.89983696 -1.44698501 -0.98451108 55.0
-1.45180249 -0.39213458 0.38051522 55.0
-0.06156991 -1.51684296 -0.55410874 55.0
1.38897061 -1.10707974 0.23188284 55.0
-0.70898902 0.50758129 1.67257452 55.0
1.37190115 -1.14511514 -0.47289810 55.0
1.32702672 1.36959851 0.24117684 55.0
-0.22748637 0.96923077 1.64218152 55.0
-1.07889330 -1.36862612 -0.99373406 55.0
1.10092640 0.51398247 1.52695334 55.0
-0.84438848 -1.26838052 0.35722029 55.0
-0.99847430 -1.26413810 0.35680306 55.0
1.40316832 -1.01210082 0.20627113 55.0
0.76504326 -0.90985113 0.88344353 55.0
-0.74410629 -0.87711537 0.93694639 55.0
1.32321215 1.36724198 0.32003942 55.0
-0.55430728 1.01011360 1.63948047 55.0
1.35891461 0.88300723 -1.16872668 55.0
0.22124946 1.38733339 1.06101608 55.0
-1.01087856 -1.20039117 0.44787166 55.0
1.32015717 -0.87630033 0.65710348 55.0
0.80362225 0.06012124 1.65981567 55.0
0.23737928 -1.27819359 -1.00992584 55.0
-1.39829779 -0.82919568 -0.60315669 55.0
-1.36565864 -1.07225728 -0.63172746 55.0
0.72253281 1.48831534 -0.18106090 55.0
0.43573290 -0.99848384 0.73181504 55.0
1.16574681 0.72238773 -1.26410353 55.0
1.45971513 0.46431881 0.03238232 55.0
1.43846703 -0.46503565 -0.62735033 55.0
1.26966071 -1.12537205 0.49217832 55.0
0.75930798 -1.22376156 -1.01988471 55.0
-0.38178772 1.41253126 -0.95322996 55.0
0.58020610 0.60780251 1.66881812 55.0
1.35486054 -1.21024847 -0.50837737 55.0
-1.01136136 1.10191953 -1.24857450 55.0
-1.38012516 -1.10707974 0.14452100 55.0
-1.13906527 1.25041842 -0.99289566 55.0
-0.94139552 -1.37392962 -1.00347281 55.0
-1.35473216 -1.18271089 -0.48989102 55.0
1.13719451 0.84839082 -1.46134210 55.0
1.38056469 1.04685402 0.62824917 55.0
-1.15846753 0.10551687 1.42151666 55.0
-0.81554765 1.38390374 1.05702293 55.0
0.97986221 0.05211105 1.58602178 55.0
0.23387147 1.05424762 1.63757265 55.0
1.34702599 -1.25587153 -0.28676811 55.0
-0.54508215 1.13321400 1.63210523 55.0
1.28549993 -1.18142998 0.42727524 55.0
0.10591083 -0.77318513 -1.03209484 55.0
1.26716244 1.43858695 -0.34667417 55.0
-0.79467398 0.06012124 1.65981567 55.0
-1.38801682 0.66697043 -0.87172991 55.0
1.23721862 0.47058395 -1.01933134 55.0
0.86600500 1.45274556 0.21762870 55.0
0.49952683 -1.51519465 -0.36981067 55.0
1.34178579 -1.17006731 0.37702450 55.0
0.23643468 0.96923077 1.64218152 55.0
-1.28609979 -0.81275553 0.75949943 55.0
-1.28134835 0.37542906 1.19797337 55.0
0.56450868 -0.14483817 1.64567244 55.0
-1.42017412 0.74867445 -0.33746746 55.0
0.39990646 -1.13301516 0.54128850 55.0
0.87416518 -1.13075662 0.54128850 55.0
0.72253281 1.48831534 -0.18106090 55.0
-1.27629340 0.29989457 1.19850206 55.0
-0.10219469 -1.05677342 -1.05214739 55.0
-0.76756757 -1.15948820 -1.05038416 55.0
0.22358638 1.34617352 1.47977328 55.0
0.08090007 -0.32912663 1.58415627 55.0
-0.43927255 1.26957095 -1.01125073 55.0
-1.34407043 -1.10557139 -0.88258523 55.0
-0.94610572 0.98877990 -1.32567406 55.0
-0.22476134 1.47346318 0.07889429 55.0
-0.71089864 1.49640954 -0.34433538 55.0
1.36701953 -1.21019590 -0.02482998 55.0
-1.40453172 0.92524427 0.42311808 55.0
1.03489912 -0.90116996 -1.39299071 55.0
-0.22521782 -1.16336977 0.50320387 55.0
1.01863408 -1.49499512 -0.31382716 55.0
-1.14340639 -0.96866363 -1.47292757 55.0
1.07265711 -0.34615144 1.44348276 55.0
-1.13690543 1.43279064 0.22820041 55.0
-0.07687789 0.38982961 -1.03768063 55.0
1.14672482 -1.09267628 0.56926608 55.0
0.81856239 0.74222308 1.65032041 55.0
1.42509437 0.83916688 0.22417979 55.0
-1.17552638 0.68341333 1.41504204 55.0
-0.94378769 0.94700009 -1.35077024 55.0
0.25191548 0.43778896 -1.03754449 55.0
-0.22723864 -1.10382235 0.57855755 55.0
-0.55574542 -0.04212916 1.65858293 55.0
0.95034379 -1.37392962 -1.00347281 55.0
1.37884867 0.37626103 -0.89900529 55.0
-1.33143556 -1.13541627 0.41277528 55.0
0.57660675 -1.07517922 0.61147892 55.0
1.38101554 -0.12103735 0.85782230 55.0
-1.37179267 -1.14511800 -0.19680454 55.0
-0.07217485 0.27844352 1.67852771 55.0
0.56161875 1.07319117 -1.03488016 55.0
0.72370946 1.47850490 -0.03428758 55.0
-0.94337744 -1.15775013 -1.20711386 55.0
0.57290703 0.38245457 1.67445552 55.0
1.33524597 -0.90983379 0.59312832 55.0
1.39829552 1.00658464 -0.14736599 55.0
-1.44998217 0.42259753 -0.14849669 55.0
0.07648500 1.34734309 1.47977328 55.0
-1.43584383 -0.39213458 0.55523407 55.0
0.69739932 1.00944853 1.63948047 55.0
-1.45261979 -0.22058451 0.03132359 55.0
1.38163531 0.62066501 0.89207727 55.0
-0.21627477 1.42596662 0.59017950 55.0
1.14283240 1.42728281 0.30211553 55.0
0.45372203 0.59357458 -1.03599846 55.0
0.24076460 -0.55047572 1.38947225 55.0
-0.10219469 -1.05677342 -1.05214739 55.0
0.88284975 -1.50910056 -0.36981067 55.0
0.11152659 -1.19021559 -1.02895606 55.0
0.07978681 1.45997059 0.21762870 55.0
-1.01343584 -1.49032593 -0.24876650 55.0
-0.97707516 0.76545191 -1.33412015 55.0
0.08547778 -1.02546215 0.68759590 55.0
-1.40212882 -0.94299334 -0.20472202 55.0
0.43141577 0.53640485 -1.03676450 55.0
-0.98108339 -1.32186639 0.25936028 55.0
0.91342753 0.69974244 1.62838101 55.0
-1.29038286 -0.98052979 0.60307372 55.0
-0.21611699 1.31155062 1.58959758 55.0
1.18155408 0.31885681 1.42336690 55.0
-0.07165206 -0.24145374 1.62233269 55.0
0.08031707 -1.13442004 0.54128850 55.0
-0.38425323 1.50499487 -0.52934843 55.0
-0.99254239 0.72770268 1.57679355 55.0
-0.94658583 1.10592604 -1.19163203 55.0
-0.32951757 -0.82338274 -1.04129291 55.0
0.31312230 -0.77267140 -1.03209484 55.0
1.44112802 0.70516437 0.42416415 55.0
1.07829642 -0.46872857 -1.03709912 55.0
1.39061654 0.70797479 -1.08431149 55.0
1.29667306 1.23776853 0.85566092 55.0
1.19744837 1.32008255 1.10863078 55.0
-0.70592898 1.43989253 0.40283850 55.0
1.42546916 -0.83391023 -0.01358253 55.0
-1.13746452 -1.07744420 -1.40058613 55.0
1.18447459 0.68341333 1.41504204 55.0
0.32936576 -1.01937377 -1.05328882 55.0
0.86833960 -1.18410015 0.47322932 55.0
0.07849011 1.47071254 -0.86372203 55.0
-0.90837222 0.60224992 1.63560951 55.0
1.44557035 0.66332978 0.42369977 55.0
-1.37021732 -1.10694087 -0.45142630 55.0
-1.16188622 0.69810617 -1.18986213 55.0
-1.37022722 -0.12073281 -0.89907622 55.0
-0.55848122 0.16456589 1.67694950 55.0
0.10869565 -1.22707486 -1.01764584 55.0
-0.10431826 -0.79527467 -1.03416884 55.0
0.63495541 -1.51290548 -0.55410874 55.0
-1.36938107 0.42414266 -0.89889264 55.0
-0.55365962 -0.98143148 -1.05441213 55.0
-0.94293845 -1.01571250 -1.34999859 55.0
-1.38575006 -1.07441509 0.00966432 55.0
-1.39470994 -0.86323965 -0.60272211 55.0
-0.80562091 0.38120559 1.66645527 55.0
1.27939391 -1.15675616 0.45508897 55.0
1.46118617 -0.31167993 0.02712827 55.0
-0.62137598 -1.49967670 -0.92015147 55.0
-1.27232850 1.35747206 0.66287822 55.0
-0.69139147 -0.24146400 1.62233269 55.0
0.23517114 1.01248610 1.63948047 55.0
0.58921862 -1.04927468 0.64694566 55.0
1.41859055 -0.90582985 0.10270643 55.0
1.16861069 -1.44828057 -0.23704790 55.0
1.33331668 -1.29706609 -0.12787142 55.0
-1.05764246 -0.06792787 1.51402724 55.0
-0.22125584 1.17694855 1.63029552 55.0
1.37809956 0.62576085 -0.88609999 55.0
-0.88915521 1.17624056 -1.02851331 55.0
1.37916565 -1.10694087 -0.45142630 55.0
-1.13622689 1.46557689 -0.18007085 55.0
1.15200031 1.05727375 -1.33058536 55.0
0.97912216 1.45899367 -0.86315793 55.0
0.55650604 1.41098356 -0.95322996 55.0
-0.22094636 1.41420543 -0.95322996 55.0
-0.08063538 1.27217484 -1.01125073 55.0
0.40452164 1.31887400 -1.00863636 55.0
-1.39780164 0.83916402 -0.57687187 55.0
-1.27084386 -1.23367262 -0.90896493 55.0
-0.90361392 0.45445725 1.63916612 55.0
0.56961221 -1.13225615 0.54128850 55.0
0.35122195 -1.51635039 -0.32524604 55.0
-0.22899158 1.32045138 -1.00863636 55.0
-1.38267577 -0.82311553 -0.86391956 55.0
-0.55690038 1.47010136 0.07889429 55.0
-0.54705048 1.46615779 -0.86372203 55.0
-1.23174179 1.12085164 -1.14282024 55.0
-1.35855663 -0.67247009 -0.89477271 55.0
0.92588443 -0.84170479 -1.12094045 55.0
1.36106670 1.18082762 -0.33885264 55.0
-1.38084054 0.41968501 0.88565403 55.0
-0.41975683 -0.22011277 -1.03774416 55.0
1.06871974 0.03276666 1.52426052 55.0
-0.67087752 1.36509955 1.29035568 55.0
0.85126108 1.21356499 -1.01654482 55.0
0.77787161 -1.18690896 -1.04041064 55.0
0.25094929 -1.02496517 0.68759590 55.0
-1.27901340 0.92785579 -1.38624072 55.0
-1.44177055 0.62141299 0.22412062 55.0
-0.37693289 1.26443291 1.62352967 55.0
-0.10219469 -1.05677342 -1.05214739 55.0
0.88059384 1.33241975 1.45074463 55.0
1.46170211 -0.31167993 0.21313737 55.0
-1.41553295 0.83916402 0.03256061 55.0
-0.23276906 0.50946975 1.67257452 55.0
-0.10284303 1.16107965 -1.02027917 55.0
-1.06370890 -0.34615144 1.44348276 55.0
1.45418608 -0.60410255 0.34688491 55.0
1.19768178 1.35677183 0.93604213 55.0
1.44301808 0.62164330 -0.34433708 55.0
-0.92100453 0.70757520 -1.08697045 55.0
1.32015717 -0.87630033 0.65710348 55.0
-0.76741517 1.03199828 -1.05733263 55.0
1.28406298 -1.22636521 0.37229094 55.0
1.02178681 1.13099372 -1.17322052 55.0
1.38249314 -1.14511800 0.19813435 55.0
-1.15297449 0.90279156 1.40070236 55.0
0.80184424 -0.24146819 1.61630416 55.0
-0.40269056 0.55161172 1.67142415 55.0
0.40356106 -1.27719355 -1.00992584 55.0
-0.24312016 -0.11804320 -1.03776622 55.0
1.44527018 -0.31167993 0.56900400 55.0
1.15058255 1.09396636 -1.25395310 55.0
-0.56509727 0.77107400 -1.04800677 55.0
-0.07010601 1.13682997 1.63210523 55.0
0.91342753 0.69974244 1.62838101 55.0
-0.21990071 1.21968997 1.62864566 55.0
-0.20697190 -1.45344579 -0.03451977 55.0
1.46188653 -0.22058451 0.39635038 55.0
-1.44446957 0.42259753 -0.34787229 55.0
-1.40659404 -0.90582985 -0.19891989 55.0
0.79421437 -0.84217334 -1.05817556 55.0
-1.39274013 -1.01210082 -0.22443840 55.0
0.08173511 -0.47904420 1.46259749 55.0
-1.35891652 -1.00089681 -0.88889563 55.0
1.14585364 1.43279064 0.22820041 55.0
0.08247560 0.66608757 1.66530931 55.0
-1.12493002 1.41868293 0.42305318 55.0
0.55370319 -1.27009916 0.35732451 55.0
-1.45052350 0.37477767 -0.14850673 55.0
-0.32010406 -1.09290040 -1.04817152 55.0
1.03489912 -0.90116996 -1.39299071 55.0
-0.22716391 0.06138121 1.66889489 55.0
0.25206846 -0.11804320 -1.03776622 55.0
-1.38801682 0.66697043 -0.87172991 55.0
-0.06983204 -1.23372865 0.41427514 55.0
-0.19580749 -1.51539040 -0.63968563 55.0
0.89057714 -1.22308314 -1.02884150 55.0
-0.38819352 1.46092010 0.17796628 55.0
0.86156845 1.49468815 -0.34444720 55.0
-0.76608890 -1.09069312 -1.07088578 55.0
-0.85625416 1.31502759 -1.00863636 55.0
1.37375259 0.79399431 -1.14343715 55.0
0.56778419 -0.32889596 1.58415627 55.0
0.77636337 1.03199828 -1.05733263 55.0
-1.22766471 -0.46712092 -1.01905274 55.0
0.40452164 1.31887400 -1.00863636 55.0
-0.07689230 -0.22007459 -1.03774416 55.0
-1.35501301 0.79401326 0.88982427 55.0
0.95438010 -1.18511236 -1.15487921 55.0
-0.55367941 -1.18806887 -1.02895606 55.0
0.93530899 0.30997661 -1.03776443 55.0
1.34325743 -1.25587153 -0.41288033 55.0
0.90371400 1.03131986 -1.15012205 55.0
-1.44811749 -0.46503565 -0.16353807 55.0
-0.07682698 -0.39583784 -1.03745592 55.0
0.33450535 0.81643009 -1.05361438 55.0
-1.35256350 -0.72598743 -0.88987660 55.0
-1.42529035 0.57661659 -0.62258470 55.0
0.08256189 -0.62581027 1.30777967 55.0
1.38183892 -0.39213458 0.79797447 55.0
-1.06332898 0.68576014 -1.11469924 55.0
0.74361873 -0.77128035 -1.03269458 55.0
0.90494698 -1.18623197 -1.08623409 55.0
0.90411288 0.98996019 -1.16952634 55.0
-1.43122792 0.42259753 -0.62805843 55.0
1.37917554 -0.12073281 -0.89907622 55.0
0.98602337 0.76545191 -1.33412015 55.0
-1.39829779 -0.82919568 -0.60315669 55.0
-1.27273309 -1.36794114 -0.09061901 55.0
0.89810342 1.17624056 -1.02851331 55.0
0.90661466 1.13630378 -1.07545924 55.0
1.44690490 0.37291011 0.61982054 55.0
0.08547778 -1.02546215 0.68759590 55.0
0.93558842 -0.80673343 -1.07411957 55.0
0.90499556 0.82294607 1.61918128 55.0
0.39135903 -1.31706798 -1.00718725 55.0
1.17546558 -1.19619977 0.43975157 55.0
-0.38178772 1.41253126 -0.95322996 55.0
1.43042147 0.62232083 -0.61184394 55.0
0.96732599 1.03106654 1.56200337 55.0
0.07396552 -1.45428348 -0.03451977 55.0
-1.43747723 -0.60410255 -0.35341972 55.0
1.00262165 -0.93794173 0.83560050 55.0
0.99893963 1.48063862 -0.18106090 55.0
-0.94610572 0.98877990 -1.32567406 55.0
1.28008556 -1.36791742 -0.22578543 55.0
1.17188489 -0.44474432 1.27825105 55.0
-0.42638308 -0.68139696 -1.03469110 55.0
-0.85838705 -1.49478710 -0.92178643 55.0
-0.87968153 -0.14552467 1.61399031 55.0
1.17546558 -1.19619977 0.43975157 55.0
1.37706602 0.66318846 0.89454687 55.0
-1.01332438 0.98471189 -1.42977774 55.0
-1.35970497 1.18110347 0.22347574 55.0
-1.36507094 -1.14317763 0.30732763 55.0
-1.17260575 0.31885681 1.42336690 55.0
-1.18413293 0.54072273 1.41931295 55.0
-1.12493002 1.41868293 0.42305318 55.0
1.38978887 0.41968501 0.88565403 55.0
0.23813778 -1.07663631 0.61147892 55.0
-0.52786618 1.34300613 1.47977328 55.0
0.56587356 1.47945344 -0.03428758 55.0
-0.78340697 -0.79316598 -1.03716731 55.0
0.07591057 -1.39498806 0.12509502 55.0
-0.24697198 -0.68188637 -1.03469110 55.0
-0.41899446 -0.47012451 -1.03709912 55.0
-0.23795380 -0.78080839 1.09077835 55.0
-0.49325740 -1.51041543 -0.26205269 55.0
-1.01150227 -1.04459083 0.64694566 55.0
1.28153074 1.08799982 -1.20395005 55.0
0.68181562 1.17345405 1.63029552 55.0
-0.71089864 1.49640954 -0.34433538 55.0
-1.06708610 0.88333988 1.50741124 55.0
-1.32452214 1.00638402 0.88991159 55.0
-0.24312259 0.08959185 -1.03776979 55.0
-0.22125953 1.44255686 0.40283850 55.0
-0.22125584 1.17694855 1.63029552 55.0
-0.55223322 -1.01830900 -1.05328882 55.0
-0.70898902 0.50758129 1.67257452 55.0
-1.34960341 0.83919144 0.88781142 55.0
-1.25909889 1.40496600 0.29928407 55.0
-1.37746763 0.29606050 0.88639253 55.0
-1.44956183 -0.39213458 -0.15926033 55.0
-1.45275378 -0.31167993 0.21313737 55.0
-0.94293845 -1.01571250 -1.34999859 55.0
1.23748314 -0.88399810 0.79615188 55.0
-0.06108479 -1.50358999 -0.92015147 55.0
1.46153426 -0.31167993 0.38890710 55.0
0.71487725 1.43989253 0.40283850 55.0
-1.44602704 0.57547224 0.41957474 55.0
-1.27157891 0.70912546 1.19647121 55.0
0.61028349 -0.39541072 -1.03745592 55.0
0.22968744 1.46948421 -0.86372203 55.0
-0.89476573 1.03131986 -1.15012205 55.0
-0.49001738 -1.51510501 -0.41177446 55.0
1.01463175 -1.49443197 -0.46314150 55.0
-0.59850901 -0.61216778 -1.03578269 55.0
0.91364998 0.81294495 -1.30879462 55.0
1.05985475 -0.80338711 -1.14619732 55.0
-0.54837418 1.49856865 -0.71697366 55.0
-0.90447927 0.69974244 1.62838101 55.0
1.45022154 0.62147391 0.03243019 55.0
0.39407536 -1.20704246 0.44787166 55.0
1.41057956 -0.79731792 -0.61094904 55.0
-0.88818568 0.16165617 1.63952291 55.0
0.09063876 0.59500217 -1.03599846 55.0
0.08048062 -0.04154773 1.65863323 55.0
0.56285858 1.49737012 -0.34433538 55.0
-1.07101655 -0.31286439 -1.03765571 55.0
-1.34996641 0.88300723 -1.16872668 55.0
0.33020973 -1.18932390 -1.02895606 55.0
-0.77639127 -0.90574956 -1.07493460 55.0
0.08584959 0.20451346 -1.03778386 55.0
-0.92636079 0.30997661 -1.03776443 55.0
-0.97634810 -0.82046473 -1.16850185 55.0
-0.80219084 0.87396222 1.64245868 55.0
-0.74119717 -1.51112199 -0.81852531 55.0
-1.40453172 0.92524427 0.42311808 55.0
-0.38231799 1.17553008 1.63029552 55.0
1.09598744 0.66878021 1.52031112 55.0
-0.58027041 -1.04927468 0.64694566 55.0
1.08812010 -0.70616382 1.14668596 55.0
0.06971028 -1.51623333 -0.81819618 55.0
-1.40661013 -0.76509637 -0.62135082 55.0
-0.55890477 -0.90661812 -1.05222023 55.0
-1.01277196 1.02587044 -1.38211966 55.0
-0.22125584 1.17694855 1.63029552 55.0
-0.71955103 -1.13181305 0.54128850 55.0
0.32904246 -1.05598772 -1.05214739 55.0
1.40653884 0.70614856 -0.86031908 55.0
0.77580482 -1.01732481 -1.08025873 55.0
-1.32621622 1.32728136 -0.14891340 55.0
0.82318991 0.50659525 1.66588330 55.0
-0.92607874 -0.31312382 -1.03765571 55.0
1.40675008 0.83916402 -0.57687187 55.0
-0.64588428 -1.45080471 -0.98423469 55.0
-0.50327015 1.21570480 -1.01424479 55.0
1.24273837 -1.32965398 0.19173861 55.0
-0.81449711 0.66201031 1.65871406 55.0
-0.48599535 -1.51301098 -0.63968563 55.0
1.40727472 0.96614188 0.42379171 55.0
1.19744837 1.32008255 1.10863078 55.0
0.77698427 -0.61195254 -1.03578269 55.0
1.27114594 -1.36736512 -0.51478112 55.0
1.46153426 -0.31167993 0.38890710 55.0
0.97690302 0.70668179 -1.14551401 55.0
-0.07741221 0.53774333 -1.03676450 55.0
0.08080698 0.16575789 1.67743468 55.0
1.41420686 -0.94299334 0.07965352 55.0
1.39477372 -1.07441509 0.10259283 55.0
-1.40911949 -0.83296728 -0.37546292 55.0
-0.97745085 0.90338868 1.56713474 55.0
-0.07678625 0.48084575 -1.03727627 55.0
1.35298204 -1.18299055 -0.67710143 55.0
-1.12629747 -1.19242311 -1.13421094 55.0
-0.73372990 -0.83783567 0.99930418 55.0
0.94606131 0.73263443 -1.20133495 55.0
0.33251494 0.67113370 -1.03438807 55.0
0.33997625 -0.80877644 -1.03855312 55.0
-1.26354599 -0.21573758 1.15292549 55.0
-1.40076327 -0.97867084 0.15075377 55.0
1.13467467 1.06542552 1.39820361 55.0
-1.40882623 -0.90582985 -0.03750300 55.0
-0.89462143 0.94813472 -1.18691754 55.0
1.13582420 1.14117920 -1.11453485 55.0
-0.57476872 0.69056112 -1.03527856 55.0
-1.34681821 1.18117356 0.62096381 55.0
0.07903107 1.50804150 -0.52934843 55.0
1.40092838 0.88300723 -0.57621527 55.0
0.78109115 0.38773814 -1.03768063 55.0
-0.65891677 -1.45054173 -0.03451977 55.0
1.38136101 -1.07345736 0.37040746 55.0
-1.40775383 -0.83477962 0.37823290 55.0
-0.07687789 0.38982961 -1.03768063 55.0
-0.85705674 1.45667386 0.17796628 55.0
-1.42744184 0.74865687 0.42341864 55.0
-0.31264761 -1.22618115 -1.01764584 55.0
1.02030957 1.10191953 -1.24857450 55.0
-1.31587005 1.37931001 -0.15965495 55.0
0.93531358 -0.01581872 -1.03776622 55.0
0.88926458 -0.04354848 1.62566853 55.0
-0.24312016 -0.01495711 -1.03776622 55.0
-1.02270257 -0.99355233 0.73379469 55.0
-0.24306110 0.38936141 -1.03768063 55.0
0.98548084 0.85550457 -1.44794035 55.0
1.43618810 -0.76706767 0.29997799 55.0
0.39518088 1.49901605 -0.34433538 55.0
0.08584518 0.31248182 -1.03776443 55.0
1.10837042 -1.44028807 -0.92752522 55.0
0.69900477 -0.14489576 1.64567244 55.0
-1.41999018 -0.67165786 -0.62602395 55.0
-1.32894158 -1.06794178 -1.13819718 55.0
-0.98866957 -0.62226689 1.27622867 55.0
0.23524648 -1.13383639 0.54128850 55.0
-1.01078296 0.94308966 -1.46001077 55.0
1.43824100 0.66352713 -0.34124699 55.0
1.35576642 1.18117356 0.62096381 55.0
1.06839919 -0.26192135 1.47704351 55.0
1.45803618 0.51921707 0.41805118 55.0
-0.89233655 -1.05326331 -1.17892551 55.0
-0.71452332 1.46263707 0.14224711 55.0
0.24690205 -0.78080839 1.09077835 55.0
-0.55271035 0.99173290 -1.03941655 55.0
0.07903107 1.50804150 -0.52934843 55.0
-0.22125953 1.44255686 0.40283850 55.0
-1.43584383 -0.39213458 0.55523407 55.0
-0.10219794 -1.09371555 -1.04817152 55.0
-1.37029469 0.19430509 -0.89909083 55.0
1.45182443 -0.60410255 -0.16547398 55.0
-1.14340639 -0.96866363 -1.47292757 55.0
-1.20212829 -0.98361123 0.68860620 55.0
1.14999568 1.29100835 1.28001475 55.0
1.22435582 -0.76451838 -1.02058196 55.0
1.14133406 1.02569509 1.40125680 55.0
1.18851817 -0.77578330 0.97860503 55.0
-0.69005650 -0.14489576 1.64567244 55.0
-1.45085716 0.29868746 -0.14851297 55.0
-0.69323385 1.42549467 0.59017950 55.0
-1.02509367 -1.47164881 -0.15491474 55.0
-0.89476573 1.03131986 -1.15012205 55.0
1.41432834 -0.94299334 0.16686773 55.0
0.23057047 -1.23306620 0.41427514 55.0
1.37574494 1.04693508 -0.57336634 55.0
-0.10301838 -0.94577932 -1.05520356 55.0
-0.56079024 0.27691966 1.67810917 55.0
-0.32009420 -1.05598772 -1.05214739 55.0
1.39829552 1.00658464 -0.14736599 55.0
-1.12220383 1.47951794 -0.53960699 55.0
-1.12572646 1.06542552 1.39820361 55.0
-1.26770997 -1.10636139 -1.27846980 55.0
-0.97017390 1.45899367 -0.86315793 55.0
-1.29974294 1.38399923 -0.59201813 55.0
-0.93130815 0.90386677 -1.35790384 55.0
-1.44526339 -0.22058451 -0.34828436 55.0
-0.51333582 -1.45117760 -0.03451977 55.0
1.45421195 -0.22058451 -0.34828436 55.0
0.97665489 1.39882314 0.81082517 55.0
-0.41920391 0.47960827 -1.03727627 55.0
0.56742948 0.16456589 1.67694950 55.0
-0.56509727 0.77107400 -1.04800677 55.0
-1.27044559 -1.15675616 0.45508897 55.0
0.95501631 -0.97893572 -1.35112178 55.0
0.80178881 -0.80718076 -1.04566598 55.0
1.38101554 -0.12103735 0.85782230 55.0
1.46008050 0.46352434 0.41712794 55.0
0.92036092 -0.87008351 -1.14346933 55.0
-0.67286742 1.17345405 1.63029552 55.0
0.07957829 -1.18803072 0.47322932 55.0
0.41161057 -0.62511629 1.30777967 55.0
-0.22864079 0.92430937 1.64572716 55.0
-1.39184654 1.00658548 0.42373061 55.0
-0.06807461 1.42610276 0.59017950 55.0
-0.52785885 1.40657401 0.82236028 55.0
-0.38769954 1.49090827 -0.18106090 55.0
-0.48416072 -1.51308298 -0.72097582 55.0
0.11314122 -0.87294137 -1.04628468 55.0
-0.07841423 -1.25576961 -1.01194406 55.0
1.42186952 -0.86870581 -0.02299183 55.0
-0.40626284 -0.70419621 1.20476186 55.0
-0.90876818 -0.70078015 1.19984674 55.0
0.73714072 -1.07477069 0.61147892 55.0
0.94025642 0.90386677 -1.35790384 55.0
-1.37058353 1.08703732 -0.33470047 55.0
-1.18257916 0.59706777 1.41810727 55.0
-0.89604729 0.82294607 1.61918128 55.0
0.40559044 0.87693930 1.64883685 55.0
-1.38012516 -1.10707974 0.14452100 55.0
-0.88280910 0.86012173 -1.18768895 55.0
-0.94293845 -1.01571250 -1.34999859 55.0
-0.20697190 -1.45344579 -0.03451977 55.0
1.39524484 0.79399431 -0.86433578 55.0
-1.41457701 0.79399431 -0.33692202 55.0
-0.56261516 0.87593877 1.64883685 55.0
0.25113150 -0.87848657 0.93694639 55.0
-0.40268958 0.60860044 1.66881812 55.0
-0.89828807 0.37805483 1.63975775 55.0
-0.22366273 1.09516025 1.63507354 55.0
-0.55503285 0.90658724 -1.05752146 55.0
1.16890919 -0.92462695 0.80919385 55.0
0.88633931 1.00218344 1.60859406 55.0
1.08784151 -1.36862612 -0.99373406 55.0
-0.79289597 -0.24146819 1.61630416 55.0
1.36258268 -0.97904265 0.47263411 55.0
1.43605995 -0.76706767 0.16681384 55.0
0.08582616 0.38982961 -1.03768063 55.0
1.33048153 1.32428157 0.44035926 55.0
-0.88890994 0.76966304 -1.14344192 55.0
1.37958217 -1.04297662 0.39754567 55.0
-1.36618173 -1.18264103 0.07657591 55.0
1.35697389 1.23739970 0.22068886 55.0
0.07091143 -1.51848960 -0.36981067 55.0
1.03931582 1.34230351 1.23221076 55.0
-1.26219761 -1.36736512 -0.51478112 55.0
0.79808986 -0.82175559 -1.05286753 55.0
0.39126626 1.17553008 1.63029552 55.0
-0.76756757 -1.15948820 -1.05038416 55.0
-0.69603693 0.92151475 1.64572716 55.0
-0.89596266 -0.97993332 -1.18927252 55.0
0.90762579 -0.54772490 1.37468648 55.0
-0.42678463 -0.99848384 0.73181504 55.0
-0.89307255 -1.12615120 -1.13857794 55.0
-0.22399971 1.45288742 0.28518635 55.0
-1.09023750 0.62557197 1.52295411 55.0
0.94025642 0.90386677 -1.35790384 55.0
1.31192243 0.75212091 -1.28194773 55.0
1.23889637 0.30391672 -1.01980865 55.0
0.94847202 1.15161383 1.55437839 55.0
-0.10219794 -1.09371555 -1.04817152 55.0
0.55847681 1.35965312 -0.99625933 55.0
-1.39759040 0.70614856 -0.86031908 55.0
-1.11411023 1.25094140 1.36338413 55.0
-0.57033819 0.50799483 1.67257452 55.0
0.97948945 -0.84083712 -1.21492147 55.0
-0.35784227 -1.45226705 -0.03451977 55.0
-1.31856310 -1.04060209 0.51041311 55.0
-0.73467046 -0.77128035 -1.03269458 55.0
