-0.37729457 0.71944535 -1.22359097 55.0
1.31187701 -0.98909676 -1.49829900 55.0
1.24370146 1.43198526 0.71222371 55.0
-0.34348238 -1.29540098 1.13420296 55.0
-0.15819719 0.98323315 1.30375886 55.0
0.72444052 -0.40075052 1.19870698 55.0
1.17847621 -1.33878183 0.94633901 55.0
-0.81926101 -1.38933587 -0.82352877 55.0
0.88755226 0.61629087 -1.24141181 55.0
-0.81630862 -0.96071625 1.24384999 55.0
1.27084327 0.88299030 -1.84744811 55.0
1.34447169 -0.47149354 0.93853354 55.0
1.21261299 1.43080878 -0.65165943 55.0
0.57506210 -1.38769984 -0.20261458 55.0
-1.28652954 -0.79188222 0.02217765 55.0
-0.83716416 -0.82291245 -1.36577046 55.0
-0.89208841 -0.28306636 -1.21631348 55.0
0.76969558 1.44752800 1.09754610 55.0
1.35025513 0.94031793 0.83488786 55.0
1.34803760 0.20068312 0.31450146 55.0
-0.83471423 -0.85079002 -1.39941299 55.0
-1.27500117 0.34971508 -0.26042718 55.0
1.29253650 -1.08523500 0.29085505 55.0
-0.33264127 1.03993642 1.28002930 55.0
-0.81290448 1.45422900 0.08531366 55.0
-0.64447802 0.74487561 1.28737354 55.0
-1.21523333 -1.22377968 -0.21816434 55.0
-0.81163245 1.45523822 -0.23049675 55.0
-0.73657370 0.97488010 -1.22761846 55.0
-1.25491393 -0.98827785 0.67379165 55.0
-0.85159469 1.45436382 -0.74945742 55.0
0.82423991 -1.04890645 1.26016784 55.0
-1.27063107 -0.11907718 1.14940035 55.0
1.33357179 -0.87959915 0.82608306 55.0
0.94852847 0.77066815 -1.69874370 55.0
-0.67102468 -1.13162529 1.24797952 55.0
0.85362417 -1.21241045 1.18933856 55.0
0.94093961 0.69151258 -1.33218682 55.0
-1.22549939 1.37547076 -0.40519685 55.0
1.33969128 0.94086152 -1.57597172 55.0
-1.23460388 -1.08523476 0.48740497 55.0
-0.84454203 -0.52468204 -1.21283507 55.0
0.23528515 1.45996237 0.01948093 55.0
-0.88685477 0.48098576 -1.23449492 55.0
-1.28228962 -0.82097608 -0.82602572 55.0
1.34032261 -0.35113296 0.98948383 55.0
0.78880858 0.96276987 1.26861429 55.0
0.55264437 1.31760168 1.26594353 55.0
1.34166956 0.80510587 -0.72964412 55.0
-0.85236126 1.45480835 -0.24130814 55.0
1.35609281 -0.64475518 0.29085505 55.0
-0.48460117 0.91315436 1.28986013 55.0
1.33744872 0.83398336 -0.12995923 55.0
-1.28441858 0.03938762 -0.15803608 55.0
-0.73562759 -0.82499534 -1.24111688 55.0
-0.81290668 1.45510519 0.03576683 55.0
-0.17979455 -0.95387870 -1.23894370 55.0
0.75065482 1.45170546 1.16833901 55.0
0.40147254 -1.29540098 1.13420296 55.0
1.29306245 -1.08289182 -1.37635398 55.0
-0.68565053 -1.39029014 -0.82321131 55.0
1.26439941 1.29209912 -1.12380850 55.0
1.33683956 -0.28306636 -0.71434116 55.0
-1.14147258 1.10340536 1.23380005 55.0
-1.28586233 0.03938754 -0.01574039 55.0
-0.33283815 0.86772400 1.30655658 55.0
-0.18263482 -0.81433553 -1.20571887 55.0
-1.28120649 -0.12855119 -0.21801335 55.0
-1.20343840 -1.30658937 -0.21816434 55.0
-0.35085848 -1.01743507 1.28304267 55.0
0.23522466 1.46035111 0.50363809 55.0
1.35017657 -0.12524284 0.88786364 55.0
0.75262058 -0.79011619 1.22783983 55.0
1.29860651 1.29086196 -0.82632142 55.0
1.34554195 -0.79135275 0.67088759 55.0
-1.28077066 0.72070569 0.00931552 55.0
0.60403258 -0.96993524 -1.24754715 55.0
-0.71733731 1.45439303 0.84084415 55.0
-1.25854707 1.09193826 -0.72784960 55.0
1.33125031 0.47988620 -0.45970055 55.0
-0.15991874 -0.10939306 1.26179266 55.0
1.34803760 0.20068312 0.31450146 55.0
-1.25092542 1.18747473 -0.12377395 55.0
1.00318074 -1.38158786 0.61122912 55.0
1.32166612 -0.51872927 1.06936121 55.0
0.73088247 -1.38589799 0.61975151 55.0
0.02899501 1.45880687 -0.57458740 55.0
1.34457505 -0.79149175 0.22368568 55.0
0.82875955 0.64535969 1.27807581 55.0
-1.25532782 1.18623924 0.66787797 55.0
-0.82435459 -1.38499236 0.40297189 55.0
1.02152312 -0.44566351 1.18572199 55.0
-1.23361814 -1.08461177 0.96586806 55.0
-1.28155386 0.94181299 -0.22691759 55.0
-1.27441084 0.88299030 -1.59244454 55.0
-1.22816980 1.37632728 0.02232589 55.0
0.80469376 -1.37572134 0.86705440 55.0
-0.78092903 -1.38540637 0.31888425 55.0
1.33473170 0.84161901 1.18978322 55.0
0.42195299 -1.22919011 -1.20541072 55.0
-1.17665327 -0.78526992 -1.46458590 55.0
-1.21539104 -1.22299194 0.22368568 55.0
-0.95607436 -1.38202059 0.31888425 55.0
1.27347839 -1.04955804 1.09692574 55.0
1.07685077 1.06013536 -1.38019133 55.0
1.07685077 1.06013536 -1.38019133 55.0
1.35431314 -0.52355087 0.18920876 55.0
-0.83212590 -0.28306636 -1.21631348 55.0
-0.68689585 -1.38614857 0.02836365 55.0
-1.19328249 -1.35077357 0.29085505 55.0
-0.82146710 -1.38491225 0.22368568 55.0
1.33678675 0.97199017 -0.72964412 55.0
-0.18058898 1.06871057 -1.19640172 55.0
-1.19498718 -1.34780526 0.77374589 55.0
1.34163523 0.80605793 -0.12996189 55.0
-1.13001502 -1.37356842 0.62976694 55.0
1.34040987 -0.82010257 0.29085505 55.0
-1.27251256 1.00428545 -0.72964412 55.0
1.33717072 0.72071987 -0.25923657 55.0
-1.29023504 0.94105393 0.52100861 55.0
0.39061785 1.12260973 1.26280451 55.0
0.39109835 0.94655663 1.29633808 55.0
1.32972443 0.91914260 1.18190992 55.0
-0.50712061 -1.38607013 0.63703752 55.0
1.32862115 -0.11907718 1.14940035 55.0
-0.55520147 0.98066002 -1.19242549 55.0
1.21512842 -0.84926182 1.17715573 55.0
1.34630215 0.62147444 0.67964584 55.0
-0.16675018 -1.01748765 1.29605007 55.0
1.03734887 -0.51626146 1.19052041 55.0
0.74149531 -0.96084803 1.25226355 55.0
0.75099677 -0.81879824 1.22993982 55.0
-1.27329099 0.47952032 -0.87463909 55.0
0.02899501 1.21911633 -1.20960677 55.0
1.33099437 -0.88049620 -1.49181402 55.0
0.77433574 1.45581365 -0.22430912 55.0
-1.18483937 -1.31286573 1.01836264 55.0
0.41811705 -0.73935968 1.25411439 55.0
-1.28868389 -0.12404914 1.03826070 55.0
1.03734887 -0.51626146 1.19052041 55.0
0.02899501 -0.29150501 -1.21079135 55.0
1.30881023 1.18747544 -0.25535333 55.0
-1.29810286 -0.64475518 0.29085505 55.0
-1.24179912 -1.05044675 0.22368568 55.0
1.34040987 -0.82010257 0.29085505 55.0
1.23358428 0.85203874 1.25701416 55.0
1.00581813 -1.01731777 1.24033487 55.0
1.33301938 0.34864855 -1.01393783 55.0
-0.55874777 -0.53009731 -1.20909595 55.0
-1.15462291 1.43080878 -0.65165943 55.0
-0.77076942 0.64535969 1.27807581 55.0
-0.77001411 0.99374765 1.26342356 55.0
-0.93858862 0.88033879 1.27847767 55.0
0.60936755 1.03556442 -1.19416666 55.0
-0.77821434 -1.38493884 -1.08367682 55.0
-1.26540828 1.09159839 0.66638547 55.0
-1.25084651 1.18747520 -0.22245845 55.0
-1.25170815 1.04361045 1.17484915 55.0
-1.03403533 0.83244336 -1.90874565 55.0
0.87138951 -0.98776233 1.24585187 55.0
-0.66797924 -1.21261561 1.19754422 55.0
1.22015810 -0.81909394 1.17264819 55.0
-0.68994224 -1.38581109 0.41074660 55.0
-0.69266474 1.45170546 1.16833901 55.0
-1.25394142 -0.98880392 0.02217765 55.0
-0.51727396 -1.38691914 -1.07800436 55.0
0.23857911 1.06871057 -1.19640172 55.0
0.38997108 1.07030416 1.26937950 55.0
-1.27581334 0.88391989 0.00927593 55.0
-1.21587145 -1.22251308 0.66712648 55.0
-0.64429122 1.10909402 1.24408042 55.0
1.02607107 -1.38261163 -1.07871544 55.0
0.41636419 1.45812333 1.19809330 55.0
-0.82935399 0.69141483 -1.26965773 55.0
-1.07973921 -0.40069690 -1.21348441 55.0
0.73800987 -0.44560316 1.19660163 55.0
-0.15661044 0.51747775 1.30589581 55.0
-1.26556253 1.03869677 -0.22691505 55.0
0.95138246 -0.77182293 -1.31404364 55.0
1.02607107 -1.38261163 -1.07871544 55.0
-0.51351589 -0.98793966 1.26707542 55.0
1.23004091 -0.74007791 1.16437960 55.0
-0.97191298 -0.81893492 1.21307850 55.0
1.33228624 0.62201005 -0.26685247 55.0
-1.24188113 -1.05011177 -1.42984724 55.0
1.21002460 -0.87928224 1.18189800 55.0
-1.29137087 -0.74145877 -0.21816434 55.0
0.95603758 -0.73665470 -1.23789370 55.0
0.42931148 1.45846629 0.00388647 55.0
1.29983866 -1.05031669 0.34029943 55.0
-0.74153167 -0.52648711 -1.21158874 55.0
0.22651131 -0.93570417 1.29202306 55.0
0.22659187 -1.39143848 -0.58544952 55.0
-0.82109833 -0.98901689 -1.44281793 55.0
0.02899501 -1.01751578 1.30296481 55.0
-0.95477837 -1.38216913 0.22368568 55.0
1.34831572 0.83309501 0.67782861 55.0
0.02899501 -1.13160765 1.28433609 55.0
0.84977770 -1.28991902 -1.21251047 55.0
-0.16857222 -1.39258695 -0.80597037 55.0
-0.71170551 1.44752800 1.09754610 55.0
0.21698004 0.06776435 1.27492011 55.0
1.35597789 -0.64595234 -0.82726407 55.0
-0.16918117 -1.38754261 0.27400786 55.0
-0.15700257 0.89871567 1.31419504 55.0
-1.29063511 -0.40552127 0.47779015 55.0
1.13595223 1.42251635 1.24273157 55.0
-1.28460968 0.34961218 0.32097805 55.0
0.71517450 -1.38547659 0.78508967 55.0
-1.17087877 -1.10528636 -1.33905876 55.0
-0.93707693 0.90519267 1.27506375 55.0
0.77539837 1.45505261 0.09281892 55.0
1.33916831 -0.12924099 -0.44432053 55.0
-1.25085390 1.18731833 -0.29794905 55.0
0.39225098 0.97688621 1.29285860 55.0
1.30051446 1.29202092 0.02074763 55.0
-0.16151711 -0.34789276 1.24445832 55.0
-0.15746400 0.87322843 1.31745601 55.0
0.88700885 1.04613721 -1.29589033 55.0
-1.27955198 -0.41869888 1.03720772 55.0
0.02899501 -1.08187258 1.30202508 55.0
-1.24184859 -1.05031669 0.34029943 55.0
1.09866512 -0.78276616 -1.47808099 55.0
0.79115152 0.73997861 -1.25572062 55.0
-0.18076049 0.20461056 -1.22633791 55.0
-0.18129438 0.90143436 -1.20391941 55.0
-0.48381594 0.65090460 1.29288125 55.0
-0.94543588 -1.04890645 1.24341762 55.0
1.28815174 -0.93485463 1.09344053 55.0
1.24847245 -1.35331631 -0.60834187 55.0
0.94118911 1.00142932 -1.66533530 55.0
1.34202111 -0.26567763 0.95291603 55.0
-0.97529703 -0.79021794 1.21022844 55.0
1.29983866 -1.05031669 0.34029943 55.0
1.22290468 -0.48439911 1.16020238 55.0
-1.27560353 0.85801339 -0.98660666 55.0
-0.83088428 -1.35487485 -1.21251047 55.0
-0.37089908 1.45808125 -0.19992730 55.0
1.34231603 0.03869788 -0.47220379 55.0
1.34988391 -0.12568167 0.74994481 55.0
-0.73256308 0.86050063 -1.25528109 55.0
0.99006307 -1.34424210 0.97657853 55.0
-1.12681365 -1.37288868 0.75199401 55.0
-0.87298179 -0.96220958 -1.78059900 55.0
1.34240878 0.03938762 -0.15803608 55.0
0.58380121 -1.30131912 -1.20819914 55.0
-1.19003487 -1.35458827 -0.81497890 55.0
-1.29147887 -0.74060929 0.29085505 55.0
-0.71714389 1.45581210 -0.02377827 55.0
0.70137912 0.37822860 1.26709390 55.0
0.39225098 0.97688621 1.29285860 55.0
-0.71549165 1.45341563 0.67989081 55.0
-0.82545769 1.09759223 -1.23907876 55.0
-0.18219383 -0.83782929 -1.20775259 55.0
-0.55506408 0.80962920 -1.22989845 55.0
1.28253567 1.08218551 -1.20550048 55.0
0.89072186 0.19958898 -1.23319507 55.0
0.22540018 -0.98818558 1.29399109 55.0
1.34785736 -0.79132771 0.82025915 55.0
-0.54010093 -1.05647647 -1.23316288 55.0
1.34210622 -0.36584917 0.91460675 55.0
0.79842621 -0.73831308 -1.21313787 55.0
1.31689107 -0.96220958 -1.13364446 55.0
0.61322814 0.77720463 -1.23472428 55.0
1.30619729 -1.01849067 0.02217765 55.0
-0.48368508 0.51089519 1.28520274 55.0
1.33238673 0.62101614 -0.73934186 55.0
1.14534831 -0.52562952 -1.21283507 55.0
0.59960878 1.39584005 -1.20263135 55.0
-0.76934099 -1.01731777 1.25411141 55.0
0.72051185 -1.34723234 0.99245024 55.0
1.33353269 0.85839427 -0.43452555 55.0
-1.28241968 -0.82010257 0.29085505 55.0
-1.28519893 -0.40069690 -0.62260371 55.0
0.02899501 -0.48344702 1.25464916 55.0
-0.51727396 -1.38691914 -1.07800436 55.0
1.33678675 0.97199017 -0.84736252 55.0
0.22951648 -0.73919874 1.27089691 55.0
1.33684278 -0.28298971 -0.55853933 55.0
0.23975292 1.02287030 -1.18387318 55.0
0.23857911 1.06871057 -1.19640172 55.0
0.73177123 -1.08203101 1.26598287 55.0
-1.27195895 1.03770256 1.03442955 55.0
-1.27949965 0.83303148 -0.72964412 55.0
-0.82007903 -1.38527286 0.02217765 55.0
1.32339823 1.09159839 0.66638547 55.0
-1.27834141 0.91090059 -0.84736252 55.0
1.34231639 0.03823809 -0.88750416 55.0
-0.35828492 -0.81835449 1.25950754 55.0
0.77433574 1.45581365 -0.22430912 55.0
1.32170153 -0.93536019 0.22368568 55.0
1.31202972 -0.98828393 0.29085505 55.0
-0.18149380 0.75268805 -1.22501445 55.0
1.33633149 0.91090059 -0.72964412 55.0
0.60731262 0.71563596 -1.22642648 55.0
1.34916973 0.47995132 0.83806688 55.0
0.02899501 -0.13359697 -1.21746218 55.0
-0.95160753 -0.11040545 1.22664690 55.0
-1.29803991 -0.64537758 0.02217765 55.0
-1.28630102 0.20072310 0.13662606 55.0
0.55630428 1.39655578 1.26357508 55.0
-0.16509487 -1.38642836 0.67300630 55.0
0.88706470 0.47945592 -1.23447883 55.0
-1.27301371 -0.88043833 -0.21816434 55.0
-0.15800585 0.84474462 1.31854284 55.0
0.23778470 -0.95387870 -1.23894370 55.0
1.34403384 0.62164825 0.52456123 55.0
0.60403258 -0.96993524 -1.24754715 55.0
-1.27879691 0.97199017 -1.19566953 55.0
0.55522823 -0.34814030 1.22108448 55.0
1.33718872 0.72057700 -0.30305883 55.0
-1.25388682 -0.98909277 -0.21816434 55.0
-0.18135853 0.87582529 -1.20950627 55.0
0.43186685 1.45643091 1.05889785 55.0
1.25172842 -1.35068786 0.32921535 55.0
0.43419158 1.11439693 -1.22133231 55.0
-1.28170133 0.94086152 -0.72964412 55.0
-1.28648031 -0.79222935 -0.43017077 55.0
-0.16857222 -1.39258695 -0.80597037 55.0
1.33847260 0.20004873 -0.47882113 55.0
-0.85806704 -1.07541788 -1.57802999 55.0
-1.29140961 -0.74115539 0.02217765 55.0
0.02899501 1.07243252 -1.19456172 55.0
-1.27063107 -0.11907718 1.14940035 55.0
1.31635571 1.09291303 -0.22580034 55.0
-1.28411627 -0.36584917 0.91460675 55.0
-1.25896430 -0.96186292 0.02217765 55.0
-0.48720869 0.23121364 1.26641703 55.0
-0.52226388 -0.81857300 1.24494731 55.0
-0.17688403 1.45834231 -0.58000988 55.0
-1.29218650 -0.12524284 0.88786364 55.0
-0.54221439 -1.02662301 -1.24091554 55.0
1.32240295 -0.93522316 0.67294514 55.0
0.60571444 -0.94354582 -1.24430513 55.0
1.31200528 -0.98841405 0.22368568 55.0
0.23019716 -0.64381373 1.26206613 55.0
-1.25642765 1.18660605 0.51417434 55.0
0.54773223 1.21225619 1.25911343 55.0
1.30614078 -1.01877940 -0.21816434 55.0
1.34785736 -0.79132771 0.82025915 55.0
0.02899501 1.21911633 -1.20960677 55.0
0.82984394 0.96276987 1.26849413 55.0
1.33918309 -0.12855119 -0.25043559 55.0
-1.25387609 -0.98915052 -0.82600945 55.0
0.59776402 1.45679164 -0.43086156 55.0
0.78948444 1.02940059 -1.21898043 55.0
1.29242635 -1.08575451 0.02217765 55.0
1.19267571 1.42343140 -1.02706635 55.0
0.71396041 1.30967343 1.25735080 55.0
-0.16862890 -1.39038718 -0.39938501 55.0
-1.28120649 -0.12855119 -0.21801335 55.0
-1.15203464 -0.87928224 1.18189800 55.0
1.34945178 -0.74074578 0.22368568 55.0
0.88040537 1.45000827 1.16528118 55.0
-1.26573849 1.03771734 -0.98664886 55.0
-1.27560353 0.85801339 -0.84736252 55.0
1.33455777 0.34970781 -0.01968339 55.0
-1.28730977 0.97175515 0.67020315 55.0
0.54824764 0.06626569 1.25474775 55.0
0.02899501 0.90447533 -1.20211530 55.0
-0.68689585 -1.38614857 0.02836365 55.0
-1.26358163 -0.93609709 -0.43017077 55.0
-0.71741003 1.45581150 0.04306531 55.0
-1.25903559 -0.96147293 0.22368568 55.0
-0.16700310 -0.44523120 1.24307632 55.0
0.82593548 0.90519267 1.27512598 55.0
0.43452606 0.48680431 -1.22886002 55.0
-0.81092483 1.45537817 -0.44671825 55.0
-1.24179566 1.09656775 1.18546009 55.0
1.34464955 -0.40104038 0.30125773 55.0
-0.81078309 1.45488763 -0.74933356 55.0
-0.34060332 -1.38591170 0.74170691 55.0
-1.16602564 -1.09462976 -1.45530903 55.0
-1.29226458 0.34927341 0.82866496 55.0
0.99151576 -1.21194732 1.17489851 55.0
0.23934868 0.87582529 -1.20950627 55.0
1.31643426 1.09291255 -0.12840405 55.0
1.33816278 0.62196392 0.16313188 55.0
1.30619729 -1.01849067 0.02217765 55.0
-0.72819936 0.37695134 1.26209199 55.0
-0.81555396 -0.44566351 1.18850291 55.0
-1.27300417 -0.88049620 -1.49181402 55.0
1.21566415 1.43042493 -0.19078036 55.0
-1.07973921 -0.40069690 -1.21348441 55.0
0.42617753 -1.11298335 -1.21868086 55.0
-1.17105329 -0.51687425 1.15721047 55.0
-0.33543724 1.21995497 1.26741958 55.0
1.28498960 -1.13761210 0.66824681 55.0
-1.25989544 1.09287882 0.01105968 55.0
1.34231555 0.03921518 -0.33515579 55.0
1.00849521 -0.34831876 1.20110881 55.0
1.18480361 -1.37288868 0.75199401 55.0
-1.29483652 0.62272578 1.05022669 55.0
-0.17736576 1.46001935 0.29214472 55.0
-0.37513646 1.20578623 -1.21280873 55.0
1.32352626 1.03869689 -0.25923657 55.0
1.32372272 1.03774607 -0.72964412 55.0
-1.28117001 -0.12962423 -0.61372006 55.0
0.42931148 1.45846629 0.00388647 55.0
1.17169166 -1.29130733 1.05438292 55.0
-0.17101975 -0.78948939 1.27439880 55.0
-1.27989554 0.72467011 -1.18848526 55.0
1.06174541 -1.04784882 -1.75120521 55.0
1.33848381 0.19958898 -0.89131504 55.0
1.31643426 1.09291255 -0.12840405 55.0
0.78711629 0.71170980 -1.24397850 55.0
1.34329700 -0.39954683 0.13981465 55.0
-1.28167951 0.05025614 1.15097177 55.0
-1.29629016 -0.64671028 0.93835318 55.0
0.95138246 -0.77182293 -1.31404364 55.0
-0.53968495 1.45409596 -0.90465057 55.0
-0.82466555 -0.87896568 1.23168826 55.0
-1.16327786 -0.34719667 1.18260288 55.0
-0.35914373 -0.78971535 1.25761473 55.0
1.18957067 -1.04906821 1.19436586 55.0
0.99787122 0.96276987 1.26789308 55.0
-0.66007596 -0.34825924 1.20985126 55.0
-0.17688403 1.45597899 -0.89338577 55.0
1.34275544 0.76920027 -0.84793204 55.0
-0.35597879 -1.38669467 0.35556105 55.0
0.83546281 -1.38879728 -0.61109948 55.0
0.61673790 -0.53009731 -1.20909595 55.0
-1.28081739 0.34968659 0.14252627 55.0
1.34028065 -0.82097006 -0.43017077 55.0
0.02899501 0.75512373 -1.22331119 55.0
1.30482948 1.29178357 0.17349558 55.0
0.99536443 -1.13148880 1.22585964 55.0
-0.88294965 0.69151258 -1.33218682 55.0
-0.67289239 -1.38589799 0.61975151 55.0
0.02899501 -1.38766420 0.35181203 55.0
1.34417331 0.77000856 0.00917501 55.0
0.41012919 -0.98805434 1.27962518 55.0
0.57664627 -1.38617623 0.31277585 55.0
0.23009224 -0.51595181 1.24884796 55.0
0.22773202 -1.38708889 0.45865083 55.0
-1.15894580 1.43159866 0.08598118 55.0
-0.17703472 -1.06845295 -1.22761047 55.0
-0.17210223 -0.51595181 1.24884796 55.0
0.23924914 0.03916787 -1.22433734 55.0
0.87031239 1.44996822 0.44250304 55.0
-0.73657370 0.97488010 -1.22761846 55.0
-1.27773571 -0.85079002 -0.61109948 55.0
0.56370467 -1.13162041 1.25788271 55.0
1.30614078 -1.01877940 -0.21816434 55.0
0.22661893 -1.39038718 -0.39938501 55.0
0.86877328 1.45488763 -0.74933356 55.0
0.02899501 -0.96181631 1.30105722 55.0
-1.28500998 0.72066414 0.16855802 55.0
1.34324586 -0.39971951 -0.07189059 55.0
-1.29218650 -0.12524284 0.88786364 55.0
1.33128107 0.47945592 -0.75873733 55.0
-1.22347379 -0.79860651 -1.60293138 55.0
0.82919866 -0.44566351 1.18905902 55.0
-0.51672572 -1.39103580 -0.81761503 55.0
-1.27955198 -0.41869888 1.03720772 55.0
1.28263664 1.37493491 -0.79443812 55.0
-1.19328249 -1.35077357 0.29085505 55.0
-1.26364267 -0.93575025 0.02217765 55.0
-1.28526580 -0.39954698 -0.01408378 55.0
1.27515602 -1.22152901 0.82081437 55.0
-0.81753850 1.44676852 1.02157557 55.0
0.74488592 -1.38614857 0.02836365 55.0
1.13699126 0.03823809 -1.23080432 55.0
-0.17152634 -0.73919874 1.27089691 55.0
1.33627129 0.91185206 -0.12995847 55.0
-1.12884760 -1.37167799 0.32144958 55.0
1.25606644 -0.96220958 -1.82394052 55.0
-1.28057325 -0.84989125 0.82437867 55.0
1.34416533 -0.79450357 -1.37782741 55.0
-1.24833536 -1.01797080 0.34040079 55.0
0.41636419 1.45812333 1.19809330 55.0
-0.73386323 1.00442255 -1.22136450 55.0
1.04379189 1.44991243 0.27532569 55.0
-0.18013686 0.70500994 -1.22255766 55.0
0.87684083 1.45117998 0.91639662 55.0
-0.93737441 -1.13148880 1.22585964 55.0
0.74793249 -1.38581109 0.41074660 55.0
-0.55281049 -0.85733432 -1.22109818 55.0
0.43584567 -0.28806379 -1.21304321 55.0
-1.14856994 1.43164682 1.22047234 55.0
0.57479757 -1.38990366 -0.60035467 55.0
-1.21536899 0.70120776 -1.38057172 55.0
0.61040813 0.74410403 -1.23101711 55.0
-1.28367949 0.80510587 -0.72964412 55.0
1.34676492 0.97136021 0.83283293 55.0
-1.19807649 -0.96220958 -1.82394052 55.0
-0.37855053 -0.89179194 -1.22791994 55.0
-0.37445652 1.45855308 0.95373130 55.0
0.21559320 0.95266944 1.30723798 55.0
1.09202516 0.83244336 -1.90874565 55.0
1.04360271 1.45053923 0.09807520 55.0
-0.83307689 0.88299030 -1.43646228 55.0
1.34273565 0.76907241 -0.72964412 55.0
1.33743095 0.83341229 -0.43452555 55.0
0.21592559 1.01499498 1.29853952 55.0
-1.23562276 -1.08519745 0.67066920 55.0
-1.25092542 1.18747473 -0.12377395 55.0
0.21499272 0.89871567 1.31419504 55.0
1.33230126 0.62186104 -0.31086865 55.0
-0.53968495 1.45409596 -0.90465057 55.0
0.91893607 1.45111394 0.88940758 55.0
-0.72836953 0.61803639 -1.23497498 55.0
-0.16852130 -0.93570417 1.29202306 55.0
1.33636463 -0.26359245 1.06139457 55.0
-1.12048614 -1.33878183 0.94633901 55.0
-1.24960470 -0.98818511 0.97073263 55.0
0.85219347 -0.56224597 1.19973886 55.0
-0.37499028 -0.97493219 -1.24507320 55.0
1.32918787 1.03857672 0.16880952 55.0
1.34004712 0.20073450 -0.02567127 55.0
-1.28356040 0.80591536 -0.30305883 55.0
1.29034245 1.19130599 1.21164787 55.0
-0.98580182 1.44991243 0.27532569 55.0
1.32202995 1.09277892 0.16972743 55.0
-0.85136521 1.45501029 -0.61528575 55.0
1.33260298 1.03695989 0.83279163 55.0
-0.93858862 0.88033879 1.27847767 55.0
1.34747326 0.91159546 1.03733218 55.0
-0.74043620 -0.73831308 -1.21313787 55.0
-0.35828492 -0.81835449 1.25950754 55.0
-0.37653604 0.48680431 -1.22886002 55.0
-0.51672572 -1.39103580 -0.81761503 55.0
0.84830666 -0.73971766 1.21678627 55.0
0.84727043 -1.34662068 0.98599547 55.0
-1.28362334 0.80548686 -0.43452555 55.0
-1.27441084 0.88299030 -0.72964412 55.0
-1.28227866 -0.82105893 -1.11892879 55.0
0.60571444 -0.94354582 -1.24430513 55.0
-0.37230086 -1.03200459 -1.23838866 55.0
0.77362609 1.45591831 -0.60830534 55.0
-1.28091562 0.83396399 0.00921393 55.0
1.29689586 -1.05006373 0.96921480 55.0
1.29978907 -1.05044675 0.22368568 55.0
0.78577411 0.48094335 -1.23334146 55.0
-1.29483652 0.62272578 1.05022669 55.0
-1.24065435 1.29082668 -0.70874864 55.0
-1.17064834 0.92952955 1.24900055 55.0
-1.25082028 1.18747544 -0.25535333 55.0
1.17849612 1.38431740 1.26180255 55.0
-1.00375521 -1.04784882 -1.75120521 55.0
1.33358335 0.85807693 -0.59132808 55.0
1.33100379 -0.88043833 -0.21816434 55.0
0.82919866 -0.44566351 1.18905902 55.0
-1.29755139 0.80619878 1.04339087 55.0
1.32628429 -0.90883780 -0.21816434 55.0
-1.28619015 -0.27961215 0.48877326 55.0
0.90981746 1.45187080 0.63860351 55.0
-1.25170815 1.04361045 1.17484915 55.0
-1.27834141 0.91090059 -0.84736252 55.0
-1.02983618 0.88299030 -1.93168366 55.0
0.24018386 -0.83782929 -1.20775259 55.0
1.35619938 -0.64475501 0.48898906 55.0
-1.28755200 -0.79135275 0.67088759 55.0
0.91035140 1.45480835 -0.24130814 55.0
1.31653821 1.09192443 -0.84587991 55.0
1.28112149 0.77061629 -1.73802435 55.0
1.34039044 -0.82023269 0.22368568 55.0
1.18196785 -1.37406397 -0.43017077 55.0
-1.29602480 0.76927727 0.67756081 55.0
-0.77185386 0.96276987 1.26849413 55.0
-1.24446332 -0.28306636 -1.13724363 55.0
-0.16891159 -1.38816392 0.06647897 55.0
-1.27432275 0.62201005 -0.23438768 55.0
1.30778587 0.03823809 -1.15865266 55.0
-0.69856566 -0.51621825 1.20233119 55.0
1.31186604 -0.98915052 -0.82600945 55.0
0.93097204 -0.96220958 -1.78059900 55.0
1.29259408 -1.08523476 0.48740497 55.0
-1.27329123 0.47971341 -1.00559342 55.0
0.41532713 -0.84862190 1.26351392 55.0
-1.25104511 1.18642795 -0.72246611 55.0
-0.51727396 -1.38691914 -1.07800436 55.0
-0.83829737 0.80275351 -1.42618024 55.0
-0.77759171 -1.38777196 -0.43017077 55.0
-1.19373846 -1.35068786 0.32921535 55.0
-1.28437579 0.85867107 0.34354031 55.0
1.33031380 1.00523663 -0.25923657 55.0
-0.52348626 -0.78991270 1.24295247 55.0
-0.81259716 1.45310998 0.83319288 55.0
1.28393960 -1.13773859 0.48620445 55.0
1.24370146 1.43198526 0.71222371 55.0
-0.75983590 -1.13162780 1.24302781 55.0
-0.94519079 -1.38158786 0.61122912 55.0
0.57565343 -1.38680267 0.04073557 55.0
1.21566415 1.43042493 -0.19078036 55.0
1.35431314 -0.52355087 0.18920876 55.0
0.97953659 1.30539834 1.26322556 55.0
1.34461999 -0.79136151 0.34039137 55.0
-0.76794535 0.90519267 1.27512598 55.0
-0.73132241 -0.88278264 -1.26524127 55.0
-0.85992885 1.44694388 1.01065624 55.0
0.02899501 0.20543852 -1.22520733 55.0
0.83192736 0.82769984 1.28297627 55.0
-1.00485802 -1.14196253 -1.24324238 55.0
-0.53806096 -1.08433986 -1.22703826 55.0
-0.37674367 0.35439917 -1.22856355 55.0
-1.03944719 1.17961991 -1.21859634 55.0
0.02899501 -1.37602353 0.90321290 55.0
1.33717072 0.72071987 -0.25923657 55.0
0.85698789 -1.21001554 -1.21251047 55.0
0.02899501 0.78884280 -1.22710001 55.0
-0.17101975 -0.78948939 1.27439880 55.0
-0.93134427 -1.29300594 1.09154427 55.0
0.02899501 0.51934546 1.31176722 55.0
-0.17629613 -1.09672177 -1.22138071 55.0
1.23580706 0.37281471 1.23643947 55.0
-0.16918117 -1.38754261 0.27400786 55.0
-1.03206718 1.09583354 -1.26800621 55.0
1.34457505 -0.79149175 0.22368568 55.0
1.18957067 -1.04906821 1.19436586 55.0
-0.51766324 -1.38680267 0.04073557 55.0
0.60244751 1.45263588 1.04423916 55.0
-0.77789336 -1.38663185 -0.21816434 55.0
-0.82262892 1.18642795 -1.21745849 55.0
-0.35486656 -1.38648629 0.55170244 55.0
0.79310322 0.91357458 -1.24348021 55.0
-1.27508056 0.34971499 -0.16159980 55.0
1.34161353 0.80548686 -0.43452555 55.0
0.23901054 -0.89687055 -1.22493219 55.0
1.34936106 -0.74145877 -0.21816434 55.0
-1.22549939 1.37547076 -0.40519685 55.0
0.56141198 -1.21284068 1.20817947 55.0
0.89375901 0.83244336 -1.43589854 55.0
1.28376126 -1.13616908 0.95965695 55.0
-1.27773571 -0.85079002 -0.43017077 55.0
-1.28155386 0.94181299 -0.22691759 55.0
-0.65080398 0.06554547 1.24505317 55.0
-0.74822122 -0.34831876 1.20423472 55.0
-1.29765844 -0.52421385 0.54766881 55.0
-1.25789547 -0.48615807 1.08398581 55.0
-1.27773571 -0.85079002 -1.12538850 55.0
0.41304290 -1.38743734 0.05273875 55.0
0.92762405 -0.98901689 -1.76048648 55.0
-1.28016579 -0.28228548 0.11803570 55.0
-0.78676254 -0.11040545 1.22995496 55.0
-0.33310822 0.94655663 1.29633808 55.0
1.33041883 1.00523615 -0.12995473 55.0
-0.37674367 0.35439917 -1.22856355 55.0
0.83276492 -0.96071625 1.24561822 55.0
1.33233774 0.88337100 -0.43452555 55.0
-1.27555680 0.85896528 -0.12995675 55.0
1.33131039 0.48053151 -0.15108320 55.0
0.89474428 -0.40069690 -1.21348441 55.0
1.33099437 -0.88049620 -0.43017077 55.0
-0.34811628 -1.08194602 1.28532553 55.0
-1.25890112 -0.96220958 -1.13364446 55.0
0.61080056 -0.85733432 -1.22109818 55.0
-0.79314578 -0.34831876 1.20371366 55.0
1.35016513 0.72007579 0.68160796 55.0
0.23857911 1.06871057 -1.19640172 55.0
0.60575658 1.10779679 -1.22391212 55.0
1.35246658 0.80523157 0.67706847 55.0
-1.27435827 0.88394189 -0.12995596 55.0
-0.37371475 1.31336737 -1.20170093 55.0
-1.27386975 1.00520766 0.00930037 55.0
-0.54776645 1.10779679 -1.22391212 55.0
1.34128785 -0.82009405 0.67141598 55.0
1.29978907 -1.05044675 0.22368568 55.0
1.27575719 0.83253068 -1.82791519 55.0
-0.83417356 1.00142860 -1.36085868 55.0
1.31715405 -0.96134251 0.48902723 55.0
-0.65718430 -1.38547659 0.78508967 55.0
0.84438509 -0.48381805 1.19169462 55.0
-1.27301371 -0.88043833 -0.21816434 55.0
0.23982552 -0.41090852 -1.20729017 55.0
0.02899501 1.02640569 -1.18197310 55.0
-0.16862890 -1.39038718 -0.39938501 55.0
0.43298030 -0.97493219 -1.24507320 55.0
0.95007855 -0.28306636 -1.21631348 55.0
-0.18040644 -0.92598873 -1.23298728 55.0
1.24590075 -1.01838195 -1.75753284 55.0
1.18908966 -1.37133718 0.41323295 55.0
-1.27656782 0.34970781 -0.01968339 55.0
1.32352626 1.03869689 -0.25923657 55.0
-0.69648933 -0.73964518 1.22434199 55.0
1.29550469 0.48108500 -1.15854514 55.0
-1.28441858 0.03938762 -0.15803608 55.0
0.42851388 1.45746839 -0.59021014 55.0
-0.78247988 -1.38560379 0.40297189 55.0
0.02899501 0.66077888 1.31921291 55.0
1.33128130 0.47971341 -1.00559342 55.0
-1.28948307 0.91159546 1.03733218 55.0
1.34469962 -0.79136127 0.48900029 55.0
-0.33127379 0.65449101 1.30244505 55.0
0.78613019 1.06356418 -1.22685635 55.0
0.24049163 0.99268687 -1.18576097 55.0
-0.77747267 -1.38879728 -0.61109948 55.0
0.02899501 -1.37153006 -1.20052171 55.0
-0.68788505 -1.38575149 0.23071240 55.0
-0.54445744 1.45263588 1.04423916 55.0
-0.18066230 -0.29031059 -1.21157289 55.0
1.00123715 0.50615001 1.26911509 55.0
-1.03576005 0.94086152 -1.89072323 55.0
1.31500459 -0.98826140 0.83171624 55.0
-1.26139712 -0.64680153 -1.08467591 55.0
0.02899501 1.45805538 -0.71709490 55.0
-0.35463738 -1.38839054 -0.19255702 55.0
-1.28116846 -0.12970087 -1.00330353 55.0
-0.66797924 -1.21261561 1.19754422 55.0
-1.28310800 0.88363069 0.34333593 55.0
-1.24841344 -1.01797056 0.48903775 55.0
-1.28244615 -0.82010245 0.34039241 55.0
0.43370593 1.45749712 1.00547993 55.0
0.72051185 -1.34723234 0.99245024 55.0
0.61202312 0.91892272 -1.20387137 55.0
0.54441720 0.94121659 1.28681588 55.0
-1.23447466 -1.08559656 -1.11100566 55.0
0.70228124 1.10909402 1.24408042 55.0
0.43672836 1.04154468 -1.19107318 55.0
-1.27920723 0.72071987 -0.22691588 55.0
-0.37145844 1.45740819 0.27409676 55.0
-0.35477939 -1.38820016 -1.07433569 55.0
0.78452307 0.88033879 1.27905238 55.0
0.55522823 -0.34814030 1.22108448 55.0
-0.85385466 1.45378804 0.06654507 55.0
1.28158796 1.29588139 1.23500919 55.0
0.02899501 -0.40022367 1.25053787 55.0
0.02899501 0.82187295 -1.22216809 55.0
0.56006187 -0.40060699 1.21282542 55.0
1.29834938 0.34899145 -1.16065860 55.0
0.44029766 -0.79232103 -1.20890570 55.0
-0.35429531 -0.93532240 1.27718115 55.0
-0.37371475 1.31336737 -1.20170093 55.0
0.90952146 1.45495296 -0.45250034 55.0
1.33577991 -0.85044307 0.02217765 55.0
-0.93134427 -1.29300594 1.09154427 55.0
1.31964445 -0.96131831 0.83020812 55.0
0.23578991 -1.03816485 -1.23549616 55.0
-1.23436940 -1.08607030 -0.82607460 55.0
-1.02983618 0.88299030 -1.93168366 55.0
-1.28846824 -0.74096411 0.94559789 55.0
-0.83829737 0.80275351 -1.42618024 55.0
1.02152312 -0.44566351 1.18572199 55.0
-0.86924762 1.29415011 -1.20454180 55.0
-0.79031652 -0.73971766 1.21678627 55.0
1.33966947 0.05025614 1.15097177 55.0
1.34027982 -0.82097608 -0.82602572 55.0
0.22737882 -1.38727379 0.37205082 55.0
-0.37230086 -1.03200459 -1.23838866 55.0
-1.28648865 -0.79217142 -0.21816434 55.0
-0.16326706 -0.40030843 1.24220252 55.0
-1.17665327 -0.78526992 -1.46458590 55.0
-1.25387609 -0.98915052 -0.43017077 55.0
0.70330441 0.93571264 1.27700138 55.0
1.32157171 -0.93609709 -0.61109948 55.0
-1.27441084 0.88299030 -1.59244454 55.0
1.27084327 0.88299030 -1.84744811 55.0
0.43881765 -0.83320284 -1.21089494 55.0
-0.71170551 1.44752800 1.09754610 55.0
1.34541857 0.88261521 0.84104985 55.0
0.23982552 -0.41090852 -1.20729017 55.0
-1.28919446 0.83338296 0.52494144 55.0
0.22025834 -1.34806931 1.02061725 55.0
0.02899501 -0.53974068 -1.20243740 55.0
-1.27833045 0.91096401 -0.59132808 55.0
1.30091858 1.37612486 0.51106334 55.0
-0.98558760 1.45158315 -0.02729785 55.0
-0.79314578 -0.34831876 1.20371366 55.0
-1.28049374 0.19958898 -1.01671934 55.0
1.29886293 1.29162776 -0.29115349 55.0
-0.51739824 -1.38621187 0.53574139 55.0
-1.27306080 -0.88014925 0.02217765 55.0
0.54259133 0.91315436 1.28986013 55.0
-0.99898160 -1.07543778 -1.64605141 55.0
-0.15694210 0.92419875 1.31028175 55.0
-1.27989554 0.72467011 -1.18848526 55.0
-1.26403975 1.09277892 0.16972743 55.0
1.35428035 -0.64671028 0.93835318 55.0
-1.27254438 1.00413740 -1.18955231 55.0
0.72596943 -1.21261561 1.19754422 55.0
-1.28604376 0.62164825 0.52456123 55.0
-0.95255560 -1.38545597 -0.60737848 55.0
1.35429990 -0.52372056 0.12516026 55.0
1.30629933 -1.01797080 0.29085505 55.0
-0.81786734 -1.01830268 -1.41898537 55.0
0.42851388 1.45676374 -0.73024160 55.0
-1.26358163 -0.93609709 -0.43017077 55.0
1.34027982 -0.82097608 -0.82602572 55.0
-0.73712289 0.06518534 1.24020576 55.0
-1.13232982 -1.37166774 0.52855545 55.0
0.79641581 -0.78467315 -1.22696555 55.0
0.02899501 0.87876213 -1.20772898 55.0
-0.72912610 0.71170980 -1.24397850 55.0
1.03734887 -0.51626146 1.19052041 55.0
0.79077566 1.20035350 1.24627161 55.0
1.33240104 0.88299030 -1.20380950 55.0
-1.21530044 -1.22344434 0.02217765 55.0
-1.27317190 -0.87962884 0.34039465 55.0
-0.81126398 -1.07541406 -1.33969629 55.0
-1.15569782 1.04378974 -1.50180411 55.0
0.75262058 -0.79011619 1.22783983 55.0
0.59162360 -1.15164578 -1.20989025 55.0
-0.48574317 1.11595404 1.25358415 55.0
-1.27321434 0.48053166 -0.28208426 55.0
-1.28626680 -0.27433100 0.69607067 55.0
-1.24171948 -1.05083656 0.02217765 55.0
0.78258109 -0.96478486 -1.28374577 55.0
-0.37785554 -0.28806379 -1.21304321 55.0
-1.28919446 0.83338296 0.52494144 55.0
1.33916831 -0.12924099 -0.44432053 55.0
-0.68821460 -1.38561916 0.29816198 55.0
0.23268338 -1.16545010 -1.20393860 55.0
-0.33388966 0.83945817 1.30764353 55.0
-0.76681560 1.02473795 1.25606394 55.0
0.83558184 -1.38777196 -0.43017077 55.0
-0.85992885 1.44694388 1.01065624 55.0
-1.29483652 0.62272578 1.05022669 55.0
-1.24814653 -1.01880145 -1.12670040 55.0
-1.25086558 -0.81950200 1.07877612 55.0
-0.49282324 -0.10998135 1.24367630 55.0
-1.10300291 -1.37432730 -0.97141230 55.0
0.43881765 -0.83320284 -1.21089494 55.0
0.83620447 -1.38493884 -1.08367682 55.0
0.96236533 -0.52483994 -1.21283507 55.0
0.22332716 -1.08189797 1.29622877 55.0
1.32862115 -0.11907718 1.14940035 55.0
0.87218744 1.38916469 -1.20392060 55.0
-1.27547431 0.85882270 -0.30305883 55.0
-0.18245178 0.81916678 -1.22387671 55.0
-1.22184360 -0.98799992 1.09876788 55.0
0.83603531 0.22880036 1.25069368 55.0
0.40933931 -0.44536528 1.22632265 55.0
-1.28016138 0.97291446 0.00922405 55.0
0.02899501 0.72612381 -1.21861959 55.0
-1.28229070 -0.82097006 -0.43017077 55.0
0.82919866 -0.44566351 1.18905902 55.0
-1.27371752 1.03739190 0.66724044 55.0
-0.81290448 1.45422900 0.08531366 55.0
-1.27502942 0.34864855 -1.01393783 55.0
0.54167515 0.51089519 1.28520274 55.0
1.00959766 -0.11040545 1.22664690 55.0
-1.16683996 0.71420717 -1.57938111 55.0
-1.29023504 0.94105393 0.52100861 55.0
1.33099437 -0.88049620 -1.13022745 55.0
-1.28384912 -0.28339291 0.29321852 55.0
0.02899501 -0.26010659 1.25582635 55.0
1.31645405 1.09232819 -0.43232825 55.0
-0.55797154 -0.74211633 -1.20872068 55.0
-1.17205083 -0.74007791 1.16437960 55.0
-1.26828444 -0.90889555 -0.82600945 55.0
-1.25843096 1.18702471 0.34063321 55.0
-0.49709561 -1.38582718 0.72574669 55.0
-1.23451900 -1.08536494 0.22368568 55.0
1.34425688 -0.27433100 0.69607067 55.0
-0.36187649 -0.56199515 1.23705232 55.0
0.79523575 -0.80200046 -1.23335087 55.0
-1.06116784 -0.73787111 -1.24617624 55.0
-0.48734522 1.00264812 1.27811670 55.0
1.26136196 -1.31466377 0.67293274 55.0
-1.19328249 -1.35077357 0.29085505 55.0
-1.24841344 -1.01797056 0.48903775 55.0
1.31371009 -0.79075366 1.07473505 55.0
-1.27920723 0.72071987 -0.22691588 55.0
-0.83910120 -0.79999852 -1.32909679 55.0
-1.29627037 -0.52422959 -0.06698525 55.0
-0.17779988 -1.03816485 -1.23549616 55.0
0.93343031 1.09729910 -1.25787270 55.0
-1.25566351 -0.75171536 -1.15532756 55.0
1.04429245 1.45081592 0.47274891 55.0
-0.92654765 1.05458438 1.24839616 55.0
1.34263051 0.77002496 -0.22691776 55.0
-0.52044159 -1.36043739 -1.20819914 55.0
-1.26139712 -0.64680153 -1.08467591 55.0
-0.17101975 -0.78948939 1.27439880 55.0
-1.21877337 -1.01762319 1.09859407 55.0
0.02899501 -1.04143977 -1.23395836 55.0
0.23651858 1.32188094 -1.20044506 55.0
-1.22577119 -1.13616908 0.95965695 55.0
-1.18483937 -1.31286573 1.01836264 55.0
-0.68864650 -1.38566720 0.32630810 55.0
1.05112267 -1.35820675 -1.21251047 55.0
-1.28648865 -0.79217142 -0.21816434 55.0
1.27778971 0.94086152 -1.81256831 55.0
1.29874730 1.29134154 -0.41620678 55.0
1.33187640 -0.87962109 0.67236006 55.0
0.57479757 -1.38990366 -0.60035467 55.0
-1.18571150 1.43198526 0.71222371 55.0
-1.28295612 0.77795351 1.18875754 55.0
-1.29366863 0.76979196 0.34315914 55.0
-1.12572694 -1.36254716 0.83499235 55.0
0.21493223 0.92419875 1.31028175 55.0
-1.12681365 -1.37288868 0.75199401 55.0
1.33353269 0.85839427 -0.43452555 55.0
-0.83884579 -0.64422935 1.20649767 55.0
-1.21602082 -0.85079002 -1.74498713 55.0
-1.29000664 0.03938723 0.14827272 55.0
1.33915854 -0.12970087 -0.87531865 55.0
-0.81078309 1.45273852 -0.91277117 55.0
1.23758376 -0.56264263 1.15416336 55.0
0.02899501 0.90174574 1.31998920 55.0
-1.27937937 0.83398366 -0.22691724 55.0
1.34418023 -0.27961215 0.48877326 55.0
-1.27500117 0.34971508 -0.26042718 55.0
-1.28285646 -0.79116750 0.95043504 55.0
-0.85228318 1.45236814 -0.91087842 55.0
-1.24841344 -1.01797056 0.48903775 55.0
-0.36818749 -1.11298335 -1.21868086 55.0
-1.27937496 0.83384079 -0.30305883 55.0
-1.28229916 -0.82091230 -0.21816434 55.0
0.55508578 -1.38582718 0.72574669 55.0
-1.27022123 0.89135897 1.18609965 55.0
-0.53977394 1.45679164 -0.43086156 55.0
1.30627370 -1.01810086 0.22368568 55.0
1.32182944 -0.93522978 0.48902261 55.0
0.38926381 0.65449101 1.30244505 55.0
1.35307360 -0.74161154 0.81901199 55.0
0.79563928 0.94364136 -1.23567832 55.0
1.25089085 -1.13044107 -1.15391135 55.0
-0.54707527 1.45416343 0.99081886 55.0
-0.18207851 0.93005109 -1.19740319 55.0
-0.16675018 -1.01748765 1.29605007 55.0
-0.82732320 1.06036174 -1.26561952 55.0
-0.15697160 0.38609880 1.29791343 55.0
1.05697179 -1.07543778 -1.64605141 55.0
-0.51680750 -1.38990366 -0.60035467 55.0
-0.77341062 0.37695134 1.26167226 55.0
0.43773517 -0.86156714 -1.21841276 55.0
-0.76794535 0.90519267 1.27512598 55.0
0.39718375 -0.26033762 1.24106288 55.0
0.38926381 0.65449101 1.30244505 55.0
0.55307913 -0.26046941 1.23264205 55.0
-1.20336008 -1.30679703 -0.43017077 55.0
-0.95647711 -1.38179243 0.51109463 55.0
1.01092291 0.06518534 1.23524821 55.0
1.33121598 0.48037028 -0.32648832 55.0
-1.22014058 -0.82256442 -1.68149710 55.0
-1.27382278 1.03781056 0.51769537 55.0
1.04356921 1.45193100 -0.06908888 55.0
1.34725022 0.80598658 0.16798890 55.0
1.09629703 0.69200134 -1.36959052 55.0
1.33890569 0.83396399 0.00921393 55.0
-1.12758517 -1.08240914 1.19344008 55.0
0.02899501 1.02640569 -1.18197310 55.0
-1.29799807 -0.64579242 -0.43017077 55.0
0.70752323 1.20432103 1.25055218 55.0
-1.15111351 1.05185950 1.23260558 55.0
1.28456187 1.37522185 -0.20783123 55.0
1.33683956 -0.28306636 -0.97802544 55.0
-1.25905931 -0.96134293 0.29085505 55.0
0.89683592 -0.64422935 1.20649767 55.0
1.34785736 -0.79132771 0.82025915 55.0
1.33048999 1.00434887 -0.59132808 55.0
-1.28441858 0.03938762 -0.15803608 55.0
1.33962309 0.94181263 -0.12996063 55.0
-0.35828492 -0.81835449 1.25950754 55.0
0.82112527 -1.08205259 1.26107395 55.0
-0.82662779 -0.93609709 -1.45289385 55.0
-1.28367019 0.80516922 -0.59132808 55.0
0.70228124 1.10909402 1.24408042 55.0
-1.26139712 -0.64680153 -1.08467591 55.0
0.80621141 -0.34831876 1.20423472 55.0
-0.78977448 -0.26067314 1.21915472 55.0
-0.83716416 -0.82291245 -1.36577046 55.0
1.35059333 0.62129498 0.84739703 55.0
1.33954370 0.94167042 -0.30305883 55.0
-0.90437526 -0.52483994 -1.21283507 55.0
-1.25388682 -0.98909676 -1.49829900 55.0
-0.16700310 -0.44523120 1.24307632 55.0
1.24063063 0.06147831 1.21056998 55.0
1.33848202 0.20073839 -0.26680279 55.0
-0.95533931 -1.38204885 0.29085505 55.0
1.33120441 0.48053166 -0.28208426 55.0
0.22262493 1.44952500 1.26944947 55.0
0.84047008 -1.38560379 0.40297189 55.0
0.88700885 1.04613721 -1.29589033 55.0
-0.35505277 -1.38743734 0.05273875 55.0
0.56773877 -1.04891860 1.27578270 55.0
-1.22594941 -1.13773859 0.48620445 55.0
-0.35633725 -0.87897384 1.26853871 55.0
1.34884095 -0.39365095 0.64111060 55.0
1.33683956 -0.28306636 -0.71434116 55.0
-1.25890112 -0.96220958 -0.82600945 55.0
-1.25406575 -0.98828393 0.34039932 55.0
-0.34665847 -1.13161588 1.26749086 55.0
1.31186795 -0.98914158 -1.13130820 55.0
-0.88319916 1.00142932 -1.66533530 55.0
-0.55599391 0.94920129 -1.19757831 55.0
-0.77127725 0.50615001 1.27009022 55.0
0.70541507 0.96562719 1.27352154 55.0
0.87684083 1.45117998 0.91639662 55.0
0.79919225 -0.11040545 1.23061645 55.0
-1.27773571 -0.85079002 -0.61109948 55.0
-1.28228962 -0.82097608 -0.82602572 55.0
0.99657863 0.88033879 1.27847767 55.0
0.60223657 -0.99702674 -1.24685681 55.0
-1.12758517 -1.08240914 1.19344008 55.0
1.35598803 -0.64579242 -0.43017077 55.0
1.34897375 0.94144332 1.03336823 55.0
-1.27929223 0.71983045 -0.59132808 55.0
-1.28427267 0.97283542 0.16821688 55.0
0.78483599 1.10566401 1.23932862 55.0
-1.21151280 -0.88049620 -1.79126179 55.0
0.95153219 -0.12970087 -1.22363198 55.0
-1.27022123 0.89135897 1.18609965 55.0
1.34418023 -0.27961215 0.48877326 55.0
0.86934233 1.43972194 -1.10874474 55.0
-1.29535758 0.03984554 0.51800936 55.0
-1.28858626 0.34938428 0.66073883 55.0
0.43773517 -0.86156714 -1.21841276 55.0
1.34514499 0.97246003 1.03057754 55.0
1.34403384 0.62164825 0.52456123 55.0
-1.27560353 0.85801339 -1.59133255 55.0
1.23580706 0.37281471 1.23643947 55.0
0.82290095 1.10566401 1.24019575 55.0
-1.12809682 -1.37179172 0.29085505 55.0
0.22474019 -1.01748765 1.29605007 55.0
0.87661326 -1.38722324 -0.43017077 55.0
-0.79314578 -0.34831876 1.20371366 55.0
-0.87298179 -0.96220958 -1.78059900 55.0
0.83603531 0.22880036 1.25069368 55.0
-0.54021907 1.45696473 -0.21193381 55.0
1.35426033 -0.52422959 -0.06698525 55.0
-0.81078309 1.45273852 -0.91277117 55.0
-1.00175750 1.44782078 0.95605880 55.0
1.34166014 0.80516922 -0.59132808 55.0
0.02899501 -1.10023499 -1.21977556 55.0
1.33848202 0.19966561 -0.63811803 55.0
1.35104787 0.48155946 1.04125786 55.0
-1.29032564 0.83309501 0.67782861 55.0
0.86877328 1.45273852 -0.91277117 55.0
-1.28864062 0.72051924 0.34463507 55.0
-0.83884579 -0.64422935 1.20649767 55.0
-0.48753938 0.83483988 1.29812205 55.0
-1.07626998 -1.37628043 0.69513690 55.0
1.33243978 0.62144297 -0.99470735 55.0
-0.96320391 1.44966662 1.18774855 55.0
-1.12809682 -1.37179172 0.29085505 55.0
-0.17691635 1.45875251 -0.40886533 55.0
0.90952146 1.45495296 -0.45250034 55.0
1.06284797 -1.14196253 -1.24324238 55.0
0.73088247 -1.38589799 0.61975151 55.0
1.34020436 -0.82153869 -1.42399013 55.0
-0.79195654 -1.29417956 1.10488260 55.0
0.41374049 -1.38671660 0.32695410 55.0
0.70487326 0.83007997 1.28830802 55.0
-1.28227866 -0.82105893 -1.11892879 55.0
-0.85228318 1.45236814 -0.91087842 55.0
1.34517407 -0.37896350 0.80329847 55.0
-0.77711892 -0.93447340 1.24416924 55.0
0.23499084 1.44577038 -1.10026848 55.0
-0.88846195 -0.82291168 -1.64698303 55.0
1.34281528 0.76958394 -0.98888469 55.0
1.33736515 0.83384079 -0.30305883 55.0
-1.22573495 -1.13863933 -0.43017077 55.0
0.57506210 -1.38769984 -0.20261458 55.0
-1.28049374 0.19958898 -1.01671934 55.0
1.34403384 0.62164825 0.52456123 55.0
-1.26441288 -0.93522316 0.67294514 55.0
-1.24302948 0.65016967 -1.20799828 55.0
0.02899501 -0.79892403 -1.20406544 55.0
-0.48604274 0.86291522 1.29703486 55.0
0.42943820 1.45944870 0.87099308 55.0
0.02899501 1.40772712 -1.20033562 55.0
1.29860651 1.29086196 -0.82632142 55.0
0.02899501 0.76014721 1.32340288 55.0
0.39187980 0.83945817 1.30764353 55.0
-1.26373446 -0.93523020 0.29085505 55.0
-0.16869758 -1.38918114 -0.18104409 55.0
-0.66005367 -1.37575758 0.87138873 55.0
-0.17064244 -0.48349953 1.24573863 55.0
0.83276492 -0.96071625 1.24561822 55.0
-0.71607363 1.44056654 -1.10756111 55.0
-0.79563397 -1.21241045 1.18933856 55.0
-0.33118185 0.51396441 1.29485118 55.0
-1.21097660 -1.08348835 1.09457266 55.0
1.31039453 1.18743432 0.01592012 55.0
0.72870225 1.44139922 1.22593248 55.0
0.80342191 1.38878810 1.24677289 55.0
-0.16852130 -0.93570417 1.29202306 55.0
-1.28285646 -0.79116750 0.95043504 55.0
-1.27820218 0.91185236 -0.22691707 55.0
-1.29925239 -0.64578301 0.67068946 55.0
0.54533535 1.00264812 1.27811670 55.0
1.29886293 1.29162776 -0.29115349 55.0
-0.48460117 0.91315436 1.28986013 55.0
-1.00375521 -1.04784882 -1.75120521 55.0
1.33678675 0.97199017 -0.98660666 55.0
0.61319160 0.98066002 -1.19242549 55.0
0.41986662 -0.56199515 1.23705232 55.0
0.02899501 0.03932114 -1.22327101 55.0
-0.83884579 -0.64422935 1.20649767 55.0
1.11915803 -0.73787111 -1.24617624 55.0
-0.78325045 -1.35420835 -1.21251047 55.0
0.22807884 -0.84846216 1.27982855 55.0
-0.37513646 1.20578623 -1.21280873 55.0
1.30613673 -1.01880145 -1.12670040 55.0
1.31690168 -0.96215177 -0.21816434 55.0
1.34417331 0.77000856 0.00917501 55.0
1.34503090 0.97256780 0.34185320 55.0
0.40015119 -1.34776759 1.01046336 55.0
0.22656225 -1.39258695 -0.80597037 55.0
1.07934844 1.04608572 -1.57557654 55.0
-1.23443615 -1.08575451 0.02217765 55.0
1.31747484 -0.26186639 1.14741457 55.0
-0.37908223 0.89571381 -1.20731306 55.0
-1.17781711 0.37281471 1.23643947 55.0
0.41228536 -0.93532240 1.27718115 55.0
0.43859398 0.92411143 -1.20085549 55.0
0.87685591 1.29443145 -1.20449400 55.0
1.33346426 0.85882270 -0.30305883 55.0
1.34716380 0.85770869 0.84291953 55.0
1.34822524 0.94105393 0.52100861 55.0
-1.19003487 -1.35458827 -0.81497890 55.0
-0.37908223 0.89571381 -1.20731306 55.0
-0.35429531 -0.93532240 1.27718115 55.0
-1.21575212 1.37834978 1.23714066 55.0
-0.17707746 1.45935953 -0.18618342 55.0
-1.13468575 1.42343140 -1.02706635 55.0
-1.25064576 -0.40069690 -1.11909270 55.0
1.01454473 -1.38642812 -0.81112546 55.0
-0.37785554 -0.28806379 -1.21304321 55.0
-0.72552168 1.05458438 1.24513018 55.0
1.32364404 1.03812647 -0.43452555 55.0
0.02899501 -0.10922613 1.26693296 55.0
0.75570840 -1.29371905 -1.21107340 55.0
1.33572590 -0.85079002 -0.82600945 55.0
0.84830666 -0.73971766 1.21678627 55.0
-1.27834141 0.91090059 -1.58777511 55.0
-1.24442708 -1.01785934 0.97093356 55.0
1.34152937 0.80605823 -0.25923657 55.0
-1.27773571 -0.85079002 -0.43017077 55.0
0.61202312 0.91892272 -1.20387137 55.0
-1.24813926 -1.01883721 -0.82600945 55.0
1.31689107 -0.96220958 -0.82600945 55.0
-0.17350313 -1.23781085 -1.20221865 55.0
-0.82192987 -1.38479209 0.29085505 55.0
-1.15585458 1.43038857 -0.91505587 55.0
0.78412038 0.90519267 1.27513838 55.0
0.40015119 -1.34776759 1.01046336 55.0
0.02899501 -0.73911321 1.27981865 55.0
-0.78400284 -0.84897739 1.22722685 55.0
-0.37052387 1.45497406 -0.89939827 55.0
0.60684222 1.06996870 -1.21639895 55.0
-1.25403965 -0.98828393 0.29085505 55.0
-0.55241799 0.74410403 -1.23101711 55.0
-0.86924762 1.29415011 -1.20454180 55.0
1.04749858 1.44623184 1.09098363 55.0
1.13425982 -1.37628043 0.69513690 55.0
1.33359361 0.85801339 -0.98660666 55.0
0.23528515 1.45996237 0.01948093 55.0
1.22794342 -1.30607378 -1.08370280 55.0
1.19055378 1.19810700 1.24941325 55.0
1.33359361 0.85801339 -0.84736252 55.0
1.32372415 1.03773892 -0.84737301 55.0
-1.07900131 0.03823809 -1.23080432 55.0
0.22704056 -0.90810776 1.28874505 55.0
1.04357755 1.45158315 -0.02729785 55.0
-0.37873819 1.04154468 -1.19107318 55.0
0.02899501 -1.38758159 0.38081682 55.0
0.23986617 0.84960806 -1.21565998 55.0
-1.28058410 -0.44641569 0.99407238 55.0
-1.28291547 0.48039642 0.32968590 55.0
1.31718147 -0.34379983 1.13610756 55.0
1.33596671 -0.84992236 0.48900881 55.0
1.34231555 0.03921518 -0.33515579 55.0
-0.75563014 -0.40082225 1.19164789 55.0
-1.26553631 1.03869689 -0.25923657 55.0
1.33671427 0.97237068 -0.43452555 55.0
-0.36187649 -0.56199515 1.23705232 55.0
-0.93314809 1.43835950 1.23471296 55.0
0.21679346 1.22876751 1.27692759 55.0
-0.15697160 0.38609880 1.29791343 55.0
-1.28739333 0.88379139 1.04119790 55.0
-0.37920672 0.87030089 -1.21284974 55.0
-0.18163595 -0.86641252 -1.21533895 55.0
1.35619938 -0.64475501 0.48898906 55.0
0.70487326 0.83007997 1.28830802 55.0
-1.28864062 0.72051924 0.34463507 55.0
-1.15584350 1.43153989 -0.37173063 55.0
0.59325075 -1.12146807 -1.21496332 55.0
1.28158796 1.29588139 1.23500919 55.0
1.33301926 0.34860021 -0.88695782 55.0
0.82006156 -1.38581192 0.61110842 55.0
1.26052570 -0.93609709 -1.82824111 55.0
0.57697141 -1.38618875 0.34115586 55.0
0.02899501 -0.75227565 -1.20105457 55.0
-0.82145071 1.44900918 0.96815157 55.0
0.42645946 1.45582044 1.12730730 55.0
-1.28432536 0.03938762 -0.28947309 55.0
1.33124101 -0.87962860 0.48901343 55.0
0.70094770 0.90784651 1.28004563 55.0
0.02899501 0.96405280 -1.18913639 55.0
-0.73657417 0.80504543 -1.26478255 55.0
-0.51680750 -1.38990366 -0.60035467 55.0
0.39732820 -1.38554049 0.80940437 55.0
-0.50571460 -1.13162041 1.25788271 55.0
1.19613218 -0.96078771 1.19262171 55.0
0.74345374 -0.93464524 1.25085139 55.0
-1.24168599 -1.05101204 -1.11990488 55.0
-1.02485979 -0.90889555 -1.90047765 55.0
-0.37785554 -0.28806379 -1.21304321 55.0
0.78880858 0.96276987 1.26861429 55.0
-1.17717338 0.50222427 1.24724352 55.0
0.88700885 1.04613721 -1.29589033 55.0
-1.28828526 0.83370632 0.34338632 55.0
1.26215219 -1.30552518 0.29085505 55.0
1.01626933 -1.38193595 0.40297189 55.0
0.21499272 0.89871567 1.31419504 55.0
0.58380121 -1.30131912 -1.20819914 55.0
0.70752323 1.20432103 1.25055218 55.0
-1.08038318 -0.65147734 -1.21251047 55.0
0.56384033 1.44403684 1.24005783 55.0
1.22126794 -0.34719667 1.18260288 55.0
-1.25836563 1.09291303 -0.22580034 55.0
0.89216369 1.00142860 -1.36085868 55.0
1.30884397 1.18731833 -0.29794905 55.0
-0.85246092 -1.14173913 -1.23596740 55.0
-1.28986728 -0.79132771 0.82025915 55.0
0.61146390 0.83963364 -1.22182035 55.0
-1.21150625 1.00191426 -1.70923042 55.0
-0.67378092 -1.08203101 1.26598287 55.0
1.33791196 0.73021084 -1.42961931 55.0
0.23986617 0.84960806 -1.21565998 55.0
1.33050251 1.00428545 -0.72964412 55.0
0.94704533 0.34896663 -1.23352003 55.0
1.29655373 -1.08508563 0.82736182 55.0
-1.27560353 0.85801339 -1.59133255 55.0
1.29849243 1.29128039 -0.96137965 55.0
-1.28917360 0.85770869 0.84291953 55.0
0.24050486 0.78627050 -1.22878516 55.0
0.84438509 -0.48381805 1.19169462 55.0
0.73695570 -1.01734149 1.25996745 55.0
1.33848381 0.19958898 -0.89131504 55.0
0.78466493 1.10099375 -1.22843409 55.0
-0.37132135 1.45846629 0.00388647 55.0
1.32918787 1.03857672 0.16880952 55.0
-1.28241968 -0.82010257 0.29085505 55.0
-0.73164415 0.79185283 1.28316736 55.0
-0.17582542 1.46049476 1.14408350 55.0
0.23502475 -1.06845295 -1.22761047 55.0
-1.24075723 1.29134154 -0.41620678 55.0
0.56141198 -1.21284068 1.20817947 55.0
0.83620447 -1.38493884 -1.08367682 55.0
1.33187640 -0.87962109 0.67236006 55.0
1.33128107 0.47952032 -0.87463909 55.0
-1.18174624 0.22458445 1.22272205 55.0
-1.27502549 0.34865955 -0.63164520 55.0
-0.78639501 -0.48381805 1.19169462 55.0
-1.24830914 -1.01797080 0.29085505 55.0
0.02899501 -1.38766420 0.35181203 55.0
-1.03302991 0.91090059 -1.92007315 55.0
0.23865232 -0.29031059 -1.21157289 55.0
0.79952180 -0.52648711 -1.21158874 55.0
-1.29798770 -0.64595234 -0.82726407 55.0
0.02899501 0.51934546 1.31176722 55.0
0.85061753 -0.51626146 1.19478166 55.0
-0.36144775 -0.64394265 1.24528551 55.0
1.33633149 0.91090059 -0.84736252 55.0
1.32507265 1.03866625 0.00938266 55.0
-1.28229070 -0.82097006 -0.43017077 55.0
-0.17736576 1.46001935 0.29214472 55.0
-0.93700594 0.99374765 1.26357067 55.0
1.33240008 0.62112290 -0.85689765 55.0
1.33845556 0.20073839 -0.29980850 55.0
-0.18013686 0.70500994 -1.22255766 55.0
1.29255092 -1.08523488 0.33999258 55.0
1.28391683 -1.13773870 0.29085505 55.0
1.31635571 1.09291303 -0.22580034 55.0
-0.93307096 -1.37158453 0.86116004 55.0
0.93153369 1.18529332 -1.21764803 55.0
-0.83492136 0.03823809 -1.23080432 55.0
-0.37445652 1.45855308 0.95373130 55.0
1.33260298 1.03695989 0.83279163 55.0
1.34007502 1.00357354 0.83205926 55.0
-0.35450420 -1.38957596 -0.40893334 55.0
-0.18207851 0.93005109 -1.19740319 55.0
-0.85992885 1.44694388 1.01065624 55.0
-1.12527812 1.30279934 1.26392186 55.0
-1.20462668 -1.30543947 0.47554132 55.0
-1.28670943 -0.79136127 0.48900029 55.0
0.82672173 0.88033879 1.27895653 55.0
1.22204542 -0.44684541 1.16121018 55.0
1.31704926 -0.96134293 0.29085505 55.0
0.43745947 0.74810642 -1.22821820 55.0
1.33050287 1.00428367 -0.84736514 55.0
0.78500611 1.02473795 1.25578296 55.0
0.88730460 -0.90889555 -1.44427836 55.0
-1.29508352 -0.74161154 0.81901199 55.0
1.34051561 -0.82010233 0.48900434 55.0
1.26950300 -0.88049620 -1.79126179 55.0
1.04273546 -0.56224597 1.19325149 55.0
-0.17684472 1.46163416 0.72990018 55.0
1.34350216 -0.26990518 0.84437531 55.0
0.78618938 0.37695134 1.26209199 55.0
0.89683592 -0.64422935 1.20649767 55.0
1.34300005 0.72066414 0.16855802 55.0
0.95138246 -0.77182293 -1.31404364 55.0
-0.64675438 0.22960478 1.25639343 55.0
1.34442294 -0.79258460 -1.11125135 55.0
1.31645405 1.09232819 -0.43232825 55.0
-0.16957341 -0.87898833 1.28435409 55.0
0.85851318 -0.40082225 1.19103038 55.0
-0.97935885 -0.51626146 1.19052041 55.0
1.33678675 0.97199017 -1.19566953 55.0
-1.20336008 -1.30679703 -0.43017077 55.0
1.35607719 -0.64491081 0.22368568 55.0
-0.51169294 -1.01738894 1.27167952 55.0
0.39164743 0.23277453 1.27614212 55.0
-1.21542382 -1.22284114 0.33961141 55.0
-1.03403533 0.83244336 -1.90874565 55.0
-0.49465421 1.31760168 1.26594353 55.0
1.33596671 -0.84992236 0.48900881 55.0
-1.28636718 0.85802352 0.67753851 55.0
1.33724248 0.72014821 -0.43452555 55.0
0.91133565 1.44995880 0.41464010 55.0
0.78452307 0.88033879 1.27905238 55.0
0.02899501 -0.53974068 -1.20243740 55.0
-1.07576823 0.19958898 -1.23319507 55.0
-1.20640945 1.29209912 -1.12380850 55.0
-1.26843166 -0.90802842 0.29085505 55.0
1.23743677 0.82425398 1.25598693 55.0
1.34169149 0.80494815 -1.19815016 55.0
-0.37999123 1.01622021 -1.18744707 55.0
0.88887447 -1.35487485 -1.21251047 55.0
1.23758376 -0.56264263 1.15416336 55.0
0.22668761 -1.38918114 -0.18104409 55.0
-1.26139712 -0.64680153 -1.08467591 55.0
0.59881020 1.45715928 -0.00973668 55.0
-1.20404816 -1.30568528 0.22368568 55.0
-0.37146214 1.45859468 0.07182440 55.0
1.34027982 -0.82097608 -0.82602572 55.0
0.86147481 -1.08205259 1.25816929 55.0
-0.16877067 -1.38966644 -1.07013583 55.0
1.30507755 1.29109752 1.09527516 55.0
-1.27251399 1.00427830 -0.98661721 55.0
-1.24442708 -1.01785934 0.97093356 55.0
-0.77734268 -1.38991737 -0.82600945 55.0
0.02899501 1.21911633 -1.20960677 55.0
1.33301926 0.34860021 -0.88695782 55.0
-0.71172929 -1.10094655 -1.23543119 55.0
-0.49723813 -0.34814030 1.22108448 55.0
0.56384033 1.44403684 1.24005783 55.0
1.35433435 -0.52355081 0.23505540 55.0
-0.16700310 -0.44523120 1.24307632 55.0
1.35609281 -0.64475518 0.29085505 55.0
0.23487416 1.45834231 -0.58000988 55.0
-1.28229916 -0.82091230 -0.21816434 55.0
1.33857405 -0.44641569 0.99407238 55.0
0.54180604 0.65090460 1.29288125 55.0
-0.79563397 -1.21241045 1.18933856 55.0
-1.27312446 -0.87975901 0.22368568 55.0
1.29255092 -1.08523488 0.33999258 55.0
1.26203811 -1.30568528 0.22368568 55.0
0.22863257 -0.48349953 1.24573863 55.0
1.28391683 -1.13773870 0.29085505 55.0
-0.82192987 -1.38479209 0.29085505 55.0
-1.25855172 1.09188259 -0.98459512 55.0
0.74793249 -1.38581109 0.41074660 55.0
-1.29146171 -0.74074578 0.22368568 55.0
0.42945129 1.45829797 0.12239249 55.0
-1.27837455 -0.26359245 1.06139457 55.0
0.40933931 -0.44536528 1.22632265 55.0
-0.93988121 0.96276987 1.26789308 55.0
0.57664627 -1.38617623 0.31277585 55.0
-1.29727352 0.80495501 0.84253418 55.0
-0.92242777 1.10566401 1.24453080 55.0
-1.28755200 -0.79135275 0.67088759 55.0
-0.73386323 1.00442255 -1.22136450 55.0
1.31689107 -0.96220958 -1.13364446 55.0
0.21698004 0.06776435 1.27492011 55.0
-1.25414419 -0.98828363 0.48903209 55.0
0.54275829 0.88803691 1.29377365 55.0
0.60790879 1.05559325 -1.20288670 55.0
-1.27435648 0.62141371 -0.44291723 55.0
-0.83244079 -0.79021794 1.21860766 55.0
-1.28948307 0.91159546 1.03733218 55.0
0.87945718 -1.38491225 0.22368568 55.0
-0.69771844 -1.29371905 -1.21107340 55.0
0.23865232 -0.29031059 -1.21157289 55.0
1.30353594 -0.84953839 1.08306301 55.0
-0.16058166 1.33409870 1.28382337 55.0
1.33105087 -0.88014925 0.02217765 55.0
0.61673790 -0.53009731 -1.20909595 55.0
-1.03403533 0.83244336 -1.90874565 55.0
-0.71692181 1.45141792 0.45103952 55.0
1.31642103 1.18702471 0.34063321 55.0
1.31909668 -0.52485025 -1.09620059 55.0
-1.22594941 -1.13773859 0.48620445 55.0
-1.24906397 1.29071844 0.85981780 55.0
0.79245186 0.83484018 -1.25972056 55.0
-0.73093897 0.82769984 1.28340101 55.0
-1.27797663 -0.84992236 0.48900881 55.0
-1.14727402 -0.90758276 1.18627596 55.0
1.34884095 -0.39365095 0.64111060 55.0
-0.94543588 -1.04890645 1.24341762 55.0
-1.16327786 -0.34719667 1.18260288 55.0
-0.17008869 -0.84846216 1.27982855 55.0
-1.05016744 0.61944813 -1.25809956 55.0
1.00932014 -1.38448000 -0.43017077 55.0
-1.27332032 0.48053151 -0.15108320 55.0
-0.37052387 1.45746839 -0.59021014 55.0
-0.80308008 -1.38510799 0.61112857 55.0
-1.16216803 -0.81909394 1.17264819 55.0
-1.27441084 0.88299030 -0.84736252 55.0
0.73088247 -1.38589799 0.61975151 55.0
-1.24067152 1.29104280 -0.56929994 55.0
-1.26828444 -0.90889555 -0.43017077 55.0
0.38981560 0.91830391 1.29938197 55.0
1.01307547 -0.40082225 1.18794274 55.0
-0.83517063 -0.73971766 1.21507192 55.0
0.59799731 1.44225574 -1.10519397 55.0
0.74920470 -0.84890550 1.23457181 55.0
-0.75264835 -1.29441428 1.10755026 55.0
1.34275544 0.76920027 -0.84793204 55.0
0.57603693 -0.90765446 1.26015580 55.0
1.31588554 -0.48615807 1.08398581 55.0
-0.81862319 -1.38722324 -0.43017077 55.0
-0.54082006 1.45715928 -0.00973668 55.0
-0.87354374 1.18529332 -1.21764803 55.0
-0.35085848 -1.01743507 1.28304267 55.0
-0.66252178 -1.34723234 0.99245024 55.0
-0.18111710 1.04839039 -1.18753207 55.0
0.57150596 -0.98793966 1.26707542 55.0
-0.71740830 1.45505261 0.09281892 55.0
1.33577991 -0.85044307 0.02217765 55.0
1.29978907 -1.05044675 0.22368568 55.0
-0.54853821 0.35211527 -1.23050869 55.0
0.54533535 1.00264812 1.27811670 55.0
0.91184461 1.45378804 0.06654507 55.0
1.34801412 0.94146067 0.34198207 55.0
0.81362015 -0.40082225 1.19164789 55.0
0.23986617 0.84960806 -1.21565998 55.0
0.78092289 1.45267248 0.92395365 55.0
-0.66075516 1.39137721 1.25237370 55.0
-0.49931297 -1.34750402 1.00159311 55.0
1.29967606 -1.05101204 -1.11990488 55.0
0.56511080 -1.38607013 0.63703752 55.0
-0.17779988 -1.03816485 -1.23549616 55.0
1.33856332 -0.84989125 0.82437867 55.0
-0.82109833 -0.98901689 -1.44281793 55.0
-1.27498281 0.34954551 -0.33803549 55.0
1.26104546 -1.29907000 0.83669674 55.0
0.82112527 -1.08205259 1.26107395 55.0
-1.20701623 -0.90889555 -1.81818068 55.0
-0.76977998 1.20035350 1.24756849 55.0
-1.22194707 0.80310267 -1.79332709 55.0
1.35574436 0.20233749 1.02004087 55.0
-0.17736037 1.46229851 0.88798785 55.0
-1.27797663 -0.84992236 0.48900881 55.0
1.34318900 -0.40069690 -0.76615071 55.0
-0.37729457 0.71944535 -1.22359097 55.0
-1.27785075 -0.85005277 0.22368568 55.0
0.61115098 1.01041055 -1.19056928 55.0
-0.94681066 0.79185283 1.28051293 55.0
-1.20450652 -1.13399029 1.08336163 55.0
-1.28919446 0.83338296 0.52494144 55.0
0.21535264 1.04676962 1.29093039 55.0
-0.37371475 1.31336737 -1.20170093 55.0
-1.21546400 1.18521881 -1.13802743 55.0
1.00581813 -1.01731777 1.24033487 55.0
0.02899501 -1.32162046 -1.20052171 55.0
-0.77711892 -0.93447340 1.24416924 55.0
1.21292090 1.43026125 -0.76529711 55.0
1.34026873 -0.82105893 -1.11892879 55.0
0.23928440 0.90143436 -1.20391941 55.0
0.93725759 -0.90889555 -1.77383530 55.0
0.02899501 -1.38855004 0.07378326 55.0
-0.35429531 -0.93532240 1.27718115 55.0
0.84467274 -1.37503171 0.86607200 55.0
-1.23436272 -1.08610082 -0.43017077 55.0
0.02899501 -0.75227565 -1.20105457 55.0
-1.28713500 0.48009694 0.66989690 55.0
1.34305596 0.77050090 -1.47319806 55.0
0.41811705 -0.73935968 1.25411439 55.0
-0.90440315 -0.64673996 -1.21251047 55.0
-0.66501999 -1.29461396 1.11294508 55.0
-1.29189396 -0.12568167 0.74994481 55.0
-0.73028964 -0.28407791 -1.21565151 55.0
1.34039044 -0.82023269 0.22368568 55.0
-0.81290668 1.45510519 0.03576683 55.0
-0.76873153 0.88033879 1.27895653 55.0
-0.17700082 1.44577038 -1.10026848 55.0
-1.25095522 1.18684709 -0.42573625 55.0
1.09654486 -0.79998028 -1.64675915 55.0
1.34260404 0.77002507 -0.25923657 55.0
-1.27798295 1.00512350 0.16850196 55.0
0.84467274 -1.37503171 0.86607200 55.0
-0.85182726 1.45187080 0.63860351 55.0
0.87991995 -1.38479209 0.29085505 55.0
-1.28441858 0.03938762 -0.15803608 55.0
0.79026556 0.22880036 1.25138152 55.0
-1.23252785 1.37578869 0.17302094 55.0
-1.28846824 -0.74096411 0.94559789 55.0
-1.00970876 -1.21128929 -1.21251047 55.0
-0.71692181 1.45141792 0.45103952 55.0
0.58025396 -0.81857300 1.24494731 55.0
-1.29028451 0.72028470 0.52756035 55.0
-1.27949965 0.83303148 -0.72964412 55.0
1.33636463 -0.26359245 1.06139457 55.0
-1.25853312 1.09200323 -0.58885616 55.0
1.33736515 0.83384079 -0.30305883 55.0
-1.26573265 1.03774607 -0.72964412 55.0
-1.28432584 0.03869788 -0.47220379 55.0
-0.97191298 -0.81893492 1.21307850 55.0
1.33727694 0.72071975 -0.12995380 55.0
1.35173953 0.20056069 0.65197754 55.0
0.23924914 0.03916787 -1.22433734 55.0
-0.82199746 -1.38455093 -1.08284986 55.0
-1.00175750 1.44782078 0.95605880 55.0
-1.25836563 1.09291303 -0.22580034 55.0
-0.16938880 -1.38727379 0.37205082 55.0
1.31636071 1.09276688 -0.30178142 55.0
-1.25491393 -0.98827785 0.67379165 55.0
0.95603758 -0.73665470 -1.23789370 55.0
-0.86189699 -1.04784381 -1.65918410 55.0
-1.24012923 -0.87943655 1.08710563 55.0
-0.37230086 -1.03200459 -1.23838866 55.0
-1.27461290 1.03695989 0.83279163 55.0
-0.17582542 1.46049476 1.14408350 55.0
-1.18066442 -1.22167778 -1.08464980 55.0
0.22474019 -1.01748765 1.29605007 55.0
-0.18163595 -0.86641252 -1.21533895 55.0
1.18371713 -1.36254716 0.83499235 55.0
-0.88247389 0.70976985 -1.46521688 55.0
0.02899501 1.01849818 1.30433428 55.0
-0.71563607 1.45319104 -0.91006434 55.0
-0.16533703 -1.08189797 1.29622877 55.0
0.24050486 0.78627050 -1.22878516 55.0
-1.18174624 0.22458445 1.22272205 55.0
0.72301006 -1.29461396 1.11294508 55.0
1.18211865 -1.37500942 -0.60957599 55.0
-1.15569782 1.04378974 -1.50180411 55.0
-1.12441730 -1.37305546 -0.21816434 55.0
0.23875050 0.20461056 -1.22633791 55.0
0.02899501 -0.78936923 1.28332114 55.0
-0.72828454 0.69331318 -1.23762298 55.0
-0.85153127 1.45495296 -0.45250034 55.0
-0.37146127 1.45829797 0.12239249 55.0
-0.81135207 1.43972194 -1.10874474 55.0
-0.95827919 -1.38193595 0.40297189 55.0
0.54373330 1.11595404 1.25358415 55.0
-1.24841344 -1.01797056 0.48903775 55.0
1.32650554 0.97996402 1.17451537 55.0
-1.29063511 -0.40552127 0.47779015 55.0
-1.25789547 -0.48615807 1.08398581 55.0
1.06174541 -1.04784882 -1.75120521 55.0
-1.27559352 0.85807693 -0.59132808 55.0
-0.68740511 -0.90743661 1.24641621 55.0
0.43416196 -0.94836372 -1.24180532 55.0
-0.16146545 -1.38600838 0.75997669 55.0
-0.68654376 -1.38592887 0.51929009 55.0
1.30640352 -1.01797056 0.48903775 55.0
0.89409924 0.91090059 -1.42753601 55.0
1.29259408 -1.08523476 0.48740497 55.0
-0.35505277 -1.38743734 0.05273875 55.0
1.35433435 -0.52355081 0.23505540 55.0
1.34451962 -0.79188222 0.02217765 55.0
-1.28353941 0.80605823 -0.25923657 55.0
-1.19048238 -1.35331631 -0.60834187 55.0
1.09654224 1.29274344 -1.20478106 55.0
-0.97935885 -0.51626146 1.19052041 55.0
-0.17861193 1.46077514 1.07567763 55.0
-0.55137742 1.03556442 -1.19416666 55.0
-1.15584350 1.43153989 -0.37173063 55.0
-0.17688403 1.45760715 -0.72165799 55.0
-1.27329123 0.47971341 -1.00559342 55.0
-0.88979983 0.80275351 -1.74772787 55.0
-1.27429605 0.62201005 -0.26685247 55.0
0.72901487 -1.13162529 1.24797952 55.0
-0.84837931 -1.21022773 -1.21251047 55.0
0.41249433 -1.38957596 -0.40893334 55.0
0.02899501 -0.78936923 1.28332114 55.0
-1.25948489 -0.26186639 1.14741457 55.0
-1.20319927 -1.30726004 -0.82433099 55.0
0.77468920 -1.05072081 -1.26028717 55.0
-0.54772437 -0.94354582 -1.24430513 55.0
-1.27022123 0.89135897 1.18609965 55.0
1.33915854 -0.12970087 -1.00330353 55.0
1.00974882 -1.38334012 -0.21816434 55.0
1.25130069 -0.98903668 -1.80159783 55.0
1.29860651 1.29086196 -0.82632142 55.0
-1.20404816 -1.30568528 0.22368568 55.0
-1.25843096 1.18702471 0.34063321 55.0
1.31441760 1.18660605 0.51417434 55.0
-1.26843166 -0.90802842 0.29085505 55.0
-1.12050605 1.38431740 1.26180255 55.0
0.98933440 -1.29300594 1.09154427 55.0
0.22659187 -1.39143848 -0.58544952 55.0
-1.28648865 -0.79217142 -0.21816434 55.0
-1.28519893 -0.40069690 -0.76615071 55.0
0.70228124 1.10909402 1.24408042 55.0
-0.71669900 -1.05072081 -1.26028717 55.0
1.34936106 -0.74145877 -0.21816434 55.0
1.34946907 -0.74060929 0.29085505 55.0
1.32175064 -0.93523014 0.34039694 55.0
-0.77605426 1.30565763 1.25474966 55.0
1.09658837 0.77066189 -1.80269611 55.0
0.91184521 1.45457613 0.01829086 55.0
0.57565343 -1.38680267 0.04073557 55.0
-1.24164951 -1.05118096 -0.61110353 55.0
1.25089085 -1.13044107 -1.15391135 55.0
0.23934868 0.87582529 -1.20950627 55.0
1.30594862 1.29138100 0.51270378 55.0
1.33736515 0.83384079 -0.30305883 55.0
-0.87714720 1.04612863 -1.44321597 55.0
1.09005725 1.09583354 -1.26800621 55.0
-1.28948307 0.91159546 1.03733218 55.0
-1.07438195 -0.28306636 -1.21631348 55.0
0.24062495 -0.81433553 -1.20571887 55.0
-1.27312446 -0.87975901 0.22368568 55.0
-1.22573495 -1.13863933 -0.43017077 55.0
1.34884095 -0.39365095 0.64111060 55.0
-0.95827919 -1.38193595 0.40297189 55.0
-1.14727402 -0.90758276 1.18627596 55.0
1.31909668 -0.52485025 -1.09620059 55.0
-0.93700594 0.99374765 1.26357067 55.0
-1.28170133 0.94086152 -0.72964412 55.0
-1.27382278 1.03781056 0.51769537 55.0
0.02899501 0.78884280 -1.22710001 55.0
0.77197957 -1.07838917 -1.24785376 55.0
0.61003441 0.86547476 -1.21577036 55.0
-0.78400284 -0.84897739 1.22722685 55.0
0.23910725 1.04839039 -1.18753207 55.0
-1.27879691 0.97199017 -1.49094844 55.0
-1.24708760 1.29109752 1.09527516 55.0
-0.98630232 1.45081592 0.47274891 55.0
1.00308025 0.82769984 1.28085279 55.0
-0.34070334 -0.34802490 1.23198283 55.0
0.22262493 1.44952500 1.26944947 55.0
0.39884579 -1.37590027 0.88846773 55.0
1.33034205 1.00509381 -0.30305883 55.0
1.35701156 0.76902711 0.84315121 55.0
-1.27249980 1.00434887 -0.59132808 55.0
-0.16326706 -0.40030843 1.24220252 55.0
1.31187701 -0.98909676 -1.49829900 55.0
-0.15702228 1.07737160 1.28028202 55.0
-0.81092483 1.45537817 -0.44671825 55.0
1.29866159 1.29104280 -0.56929994 55.0
-0.71669900 -1.05072081 -1.26028717 55.0
-1.27589810 0.62199831 0.00296756 55.0
-1.25170815 1.04361045 1.17484915 55.0
-1.29632294 -0.52355087 0.18920876 55.0
-1.26573408 1.03773892 -0.84737301 55.0
0.82800412 0.99374765 1.26342356 55.0
1.34291196 0.77010113 -1.19347048 55.0
-1.22491813 1.37538731 -0.55265325 55.0
-1.23454642 -1.08523500 0.29085505 55.0
0.59767503 1.45409596 -0.90465057 55.0
0.60403258 -0.96993524 -1.24754715 55.0
-1.27827513 0.91128129 -0.43452555 55.0
-0.79968572 -1.13160455 1.24016643 55.0
1.31462193 1.18731403 0.17184363 55.0
-0.37855053 -0.89179194 -1.22791994 55.0
1.33633149 0.91090059 -0.98660666 55.0
-0.95827919 -1.38193595 0.40297189 55.0
-0.48476815 0.88803691 1.29377365 55.0
-0.92224711 1.38754392 1.25830853 55.0
-0.55520147 0.98066002 -1.19242549 55.0
-0.88345921 0.88299030 -1.79267836 55.0
1.05974758 1.44782078 0.95605880 55.0
1.34403384 0.62164825 0.52456123 55.0
-1.26828444 -0.90889555 -0.82600945 55.0
1.32157171 -0.93609709 -0.82600945 55.0
-0.52239072 1.45496297 1.18344116 55.0
1.33982670 0.72886568 1.19443655 55.0
-0.97918648 -0.73971766 1.20649958 55.0
-0.89671022 -0.40069690 -1.21348441 55.0
0.43029100 -1.03200459 -1.23838866 55.0
-0.54102045 1.45722401 0.05766235 55.0
-0.85385513 1.45457613 0.01829086 55.0
-1.25891161 -0.96215177 -0.21816434 55.0
0.82800412 0.99374765 1.26342356 55.0
0.22656225 -1.39258695 -0.80597037 55.0
1.04192710 1.45174491 -0.75007665 55.0
-1.22313142 0.77061629 -1.73802435 55.0
-1.28660345 -0.79136157 0.29085505 55.0
-0.73915833 -0.77369958 -1.21933162 55.0
0.61808163 -0.65165657 -1.20819914 55.0
1.31039453 1.18743432 0.01592012 55.0
0.95007855 -0.28306636 -1.21631348 55.0
-1.23451900 -1.08536494 0.22368568 55.0
0.61808163 -0.65165657 -1.20819914 55.0
0.23883829 -0.13304551 -1.21833551 55.0
1.26136196 -1.31466377 0.67293274 55.0
-1.27961838 0.72181314 -0.99571848 55.0
1.28498960 -1.13761210 0.66824681 55.0
1.08379495 1.38922060 -1.20393074 55.0
1.32627451 -0.90889555 -0.82600945 55.0
-1.26178050 -0.74116880 1.06822383 55.0
1.33240008 0.62112290 -0.85689765 55.0
1.34325600 -0.39954698 -0.01408378 55.0
-1.25387776 -0.98914158 -1.13130820 55.0
1.23444247 -1.07730663 -1.60211277 55.0
-1.29226458 0.34927341 0.82866496 55.0
-0.82956231 0.61629087 -1.24141181 55.0
1.29235935 -1.08607030 -0.82607460 55.0
1.34447861 -0.79217142 -0.21816434 55.0
-1.28163171 0.94124204 -0.43452555 55.0
1.33099437 -0.88049620 -0.61109948 55.0
-0.35597879 -1.38669467 0.35556105 55.0
0.57565343 -1.38680267 0.04073557 55.0
-1.28652954 -0.79188222 0.02217765 55.0
-1.07438195 -0.28306636 -1.21631348 55.0
-1.22491813 1.37538731 -0.55265325 55.0
0.02899501 -1.13805687 -1.20743489 55.0
1.34949565 -0.74060923 0.34039018 55.0
-0.37908223 0.89571381 -1.20731306 55.0
-0.73100114 -0.13016790 -1.22289240 55.0
-1.19183159 -1.35135722 0.02217765 55.0
-1.28432560 0.03921518 -0.33515579 55.0
-0.16509487 -1.38642836 0.67300630 55.0
0.84475273 -0.11040545 1.22995496 55.0
0.02899501 0.49186435 -1.22499073 55.0
0.85362417 -1.21241045 1.18933856 55.0
-1.27709591 -0.38732004 1.06583476 55.0
0.75655580 -0.51621825 1.20233119 55.0
-1.19097018 -1.35195410 -0.21816434 55.0
-0.85385293 1.45142341 0.21130770 55.0
0.23652555 -1.00813794 -1.24153912 55.0
0.85129589 -0.64422935 1.20796168 55.0
1.34166956 0.80510587 -0.84736252 55.0
0.21501230 1.07737160 1.28028202 55.0
-0.17528233 -1.13439035 -1.20909882 55.0
-1.28170133 0.94086152 -0.98660666 55.0
1.27575719 0.83253068 -1.82791519 55.0
1.26052570 -0.93609709 -1.82824111 55.0
-1.03206718 1.09583354 -1.26800621 55.0
0.87429869 -0.96071625 1.24384999 55.0
1.33671427 0.97237068 -0.43452555 55.0
1.30902028 1.18649793 -0.58144051 55.0
-1.26358163 -0.93609709 -1.13409424 55.0
-0.77747267 -1.38879728 -0.61109948 55.0
1.29860651 1.29086196 -0.82632142 55.0
-1.28010929 1.00457108 1.03043866 55.0
1.32386065 1.09201205 0.51574731 55.0
0.88344777 1.09759223 -1.23907876 55.0
0.98993111 1.02473795 1.25746953 55.0
0.90952146 1.45495296 -0.45250034 55.0
0.93313456 1.06032419 -1.34060574 55.0
-1.27427912 0.88394225 -0.22691643 55.0
1.08668315 -0.88049620 -1.86886609 55.0
-0.99125147 1.45136118 0.63582337 55.0
1.29297459 -0.90777040 1.09041393 55.0
1.34187257 0.88326919 0.52410150 55.0
1.22204542 -0.44684541 1.16121018 55.0
-1.28367949 0.80510587 -0.84736252 55.0
1.35161197 0.03953987 0.32980886 55.0
1.33718872 0.72057700 -0.30305883 55.0
-1.26911330 -0.90802103 0.67264730 55.0
-1.03762996 0.80275351 -1.86812782 55.0
1.34627521 0.83370632 0.34338632 55.0
1.30632520 -1.01797080 0.34040079 55.0
-1.27656782 0.34970781 -0.01968339 55.0
-0.55874777 -0.53009731 -1.20909595 55.0
0.38926381 0.65449101 1.30244505 55.0
1.35923064 -0.52620387 0.70611721 55.0
-0.37089908 1.45808125 -0.19992730 55.0
0.43495429 1.07618248 -1.21348321 55.0
-1.24171948 -1.05083656 0.02217765 55.0
1.35246658 0.80523157 0.67706847 55.0
-1.27950501 0.83299196 -1.20176709 55.0
-1.28091562 0.83396399 0.00921393 55.0
-1.25092542 1.18747473 -0.12377395 55.0
0.84467274 -1.37503171 0.86607200 55.0
1.01332927 -1.38204885 0.29085505 55.0
1.21574759 1.43120325 -0.05706684 55.0
0.39109835 0.94655663 1.29633808 55.0
-0.66797924 -1.21261561 1.19754422 55.0
-0.83307689 0.88299030 -1.43646228 55.0
0.78866917 0.20029014 -1.23223758 55.0
0.91184312 1.45142341 0.21130770 55.0
0.85061753 -0.51626146 1.19478166 55.0
1.26118910 -1.30726004 -0.82433099 55.0
-0.92242777 1.10566401 1.24453080 55.0
-1.27789342 0.36029229 1.17408180 55.0
-0.93307096 -1.37158453 0.86116004 55.0
-1.27930009 0.71976703 -0.72964412 55.0
0.61146390 0.83963364 -1.22182035 55.0
-0.52581114 -1.30131912 -1.20819914 55.0
1.28373778 -1.13857937 -0.21816434 55.0
1.29160821 -1.08461177 0.96586806 55.0
1.33299124 0.34971508 -0.26042718 55.0
0.86384630 1.44542348 1.08999324 55.0
0.02899501 -1.16936696 -1.20225000 55.0
0.78613019 1.06356418 -1.22685635 55.0
-0.16081354 -1.38557637 0.82311046 55.0
0.43859398 0.92411143 -1.20085549 55.0
-1.27920723 0.72071987 -0.22691588 55.0
-1.28116846 -0.12970087 -0.87531865 55.0
-0.49465421 1.31760168 1.26594353 55.0
1.34529984 0.97175515 0.67020315 55.0
-1.24906397 1.29071844 0.85981780 55.0
-0.77841192 -1.38578737 0.51106447 55.0
-0.93307096 -1.37158453 0.86116004 55.0
-0.68138695 -0.98782140 1.25414014 55.0
-1.25896430 -0.96186292 0.02217765 55.0
-1.15462291 1.43080878 -0.65165943 55.0
1.32166612 -0.51872927 1.06936121 55.0
-1.24906397 1.29071844 0.85981780 55.0
-1.27992201 0.73021084 -1.42961931 55.0
0.78326207 1.45072746 0.97570729 55.0
1.36015880 -0.64886761 0.81952286 55.0
-1.27461290 1.03695989 0.83279163 55.0
0.59820920 1.45696473 -0.21193381 55.0
-1.29844272 0.04186779 1.01847088 55.0
0.24077848 0.96077031 -1.19100225 55.0
-0.37052387 1.45676374 -0.73024160 55.0
1.34990764 0.20061834 0.49786338 55.0
1.34446955 -0.79223526 -0.61111581 55.0
1.30364728 1.37625742 0.66816998 55.0
-1.25406575 -0.98828393 0.34039932 55.0
-1.15585458 1.43038857 -0.91505587 55.0
-0.54100043 1.45695901 0.85614651 55.0
0.24018386 -0.83782929 -1.20775259 55.0
0.02899501 -1.07185102 -1.22603500 55.0
0.71804368 -1.37575758 0.87138873 55.0
0.42943820 1.45944870 0.87099308 55.0
0.43416196 -0.94836372 -1.24180532 55.0
-1.27232373 1.00523663 -0.25923657 55.0
-0.17707746 1.45935953 -0.18618342 55.0
-1.28520334 -0.40062025 -0.44815102 55.0
-1.24979591 0.03823809 -1.15865266 55.0
-0.81078309 1.45552480 -0.61289763 55.0
-0.87354374 1.18529332 -1.21764803 55.0
0.79511291 0.06518534 1.24020576 55.0
-1.01723862 -0.96220958 -1.90724134 55.0
-0.72613037 0.90519267 1.27513838 55.0
-0.69058621 -1.35628474 -1.21107340 55.0
-0.72912610 0.71170980 -1.24397850 55.0
1.34447038 -0.79222935 -0.43017077 55.0
0.83640194 -1.38578737 0.51106447 55.0
0.02899501 1.46206295 0.51371789 55.0
1.19267571 1.42343140 -1.02706635 55.0
0.97953659 1.30539834 1.26322556 55.0
1.32157171 -0.93609709 -1.57379687 55.0
-0.92224711 1.38754392 1.25830853 55.0
0.02899501 0.76014721 1.32340288 55.0
0.02899501 -0.51590073 1.25776219 55.0
0.59767503 1.45409596 -0.90465057 55.0
0.02899501 1.07243252 -1.19456172 55.0
0.22900976 -0.78948939 1.27439880 55.0
1.34939957 -0.74115539 0.02217765 55.0
1.21566415 1.43042493 -0.19078036 55.0
1.32627451 -0.90889555 -1.50870335 55.0
0.91988719 -1.04784381 -1.65918410 55.0
0.55264437 1.31760168 1.26594353 55.0
-1.23451900 -1.08536494 0.22368568 55.0
1.33131039 0.48053151 -0.15108320 55.0
1.30482948 1.29178357 0.17349558 55.0
1.31186604 -0.98915052 -0.61109948 55.0
0.82480574 1.02473795 1.25606394 55.0
-0.95175862 -1.38334012 -0.21816434 55.0
-1.27935314 0.83398366 -0.25923657 55.0
-0.18084827 -0.13304551 -1.21833551 55.0
1.13375843 0.19958898 -1.23319507 55.0
-0.35700470 -1.36446631 -1.20541072 55.0
0.94093961 0.69151258 -1.33218682 55.0
0.42943820 1.45944870 0.87099308 55.0
1.30894530 1.18684709 -0.42573625 55.0
-0.64489526 0.85795885 1.28722084 55.0
-1.28167880 0.21182182 1.16103566 55.0
-0.34348238 -1.29540098 1.13420296 55.0
-1.20138514 1.05427051 -1.37976635 55.0
0.41124964 -0.96136773 1.27844954 55.0
0.39559186 -0.10970705 1.25212324 55.0
0.94484496 0.48098576 -1.23449492 55.0
-1.29602480 0.76927727 0.67756081 55.0
-1.27329099 0.47952032 -0.87463909 55.0
-0.55186695 0.89071649 -1.21027768 55.0
1.35422516 -0.52468204 -0.49431509 55.0
1.31186604 -0.98915052 -0.82600945 55.0
-0.33255288 0.75307137 1.30670917 55.0
-1.28604376 0.62164825 0.52456123 55.0
-1.01317942 -0.98901689 -1.88100398 55.0
1.35161436 0.35101607 1.03146982 55.0
0.60424060 1.19818306 -1.21463490 55.0
0.54824764 0.06626569 1.25474775 55.0
-1.28492177 0.77010113 -1.19347048 55.0
1.28391683 -1.13773870 0.29085505 55.0
-1.21716595 -1.22152901 0.82081437 55.0
-0.71575433 1.45584929 -0.44143265 55.0
1.30640352 -1.01797056 0.48903775 55.0
0.95107663 0.19958898 -1.23319507 55.0
-0.77841192 -1.38578737 0.51106447 55.0
-0.71634567 1.45581365 -0.22430912 55.0
-0.55700958 -0.77750403 -1.21028483 55.0
-1.00375521 -1.04784882 -1.75120521 55.0
0.54362673 0.74903542 1.29718757 55.0
1.26215219 -1.30552518 0.29085505 55.0
0.21618721 0.98323315 1.30375886 55.0
0.78613019 1.06356418 -1.22685635 55.0
-1.27820063 0.91170961 -0.30305883 55.0
-0.55556959 -0.80600435 -1.21164036 55.0
0.21790887 -0.10939306 1.26179266 55.0
0.22861323 1.46174097 1.21486580 55.0
-0.82192987 -1.38479209 0.29085505 55.0
-1.27920723 0.72071987 -0.22691588 55.0
1.35246658 0.80523157 0.67706847 55.0
0.75655580 -0.51621825 1.20233119 55.0
-0.51804680 -0.90765446 1.26015580 55.0
-0.55520147 0.98066002 -1.19242549 55.0
0.59799731 1.44225574 -1.10519397 55.0
-1.28604376 0.62164825 0.52456123 55.0
1.01307547 -0.40082225 1.18794274 55.0
0.75099677 -0.81879824 1.22993982 55.0
-0.51688230 -1.38886738 -0.41727456 55.0
1.23859012 0.73933679 1.25922716 55.0
1.35554147 0.80619878 1.04339087 55.0
1.28393960 -1.13773859 0.48620445 55.0
-1.20305550 -1.29907000 0.83669674 55.0
1.32627451 -0.90889555 -0.43017077 55.0
-0.78041190 -1.38534057 0.29085505 55.0
0.02899501 -1.38696766 0.57968581 55.0
0.84429693 -1.38496518 0.70097882 55.0
-1.27996826 0.88385475 0.16841033 55.0
-1.27251279 1.00428367 -0.84736514 55.0
1.33307064 0.34971499 -0.16159980 55.0
-0.77001411 0.99374765 1.26342356 55.0
-1.16216803 -0.81909394 1.17264819 55.0
0.59776402 1.45679164 -0.43086156 55.0
-1.25387609 -0.98915052 -0.82600945 55.0
-0.71714389 1.45581210 -0.02377827 55.0
-0.48642713 0.94121659 1.28681588 55.0
-0.99313265 -1.35820675 -1.21251047 55.0
0.84047008 -1.38560379 0.40297189 55.0
-1.29601038 0.71986014 0.84833127 55.0
-1.24292862 1.37612486 0.51106334 55.0
0.85767591 -1.13160455 1.24016643 55.0
1.34897375 0.94144332 1.03336823 55.0
-1.00858629 -1.01830268 -1.82925737 55.0
1.33857405 -0.44641569 0.99407238 55.0
0.73800987 -0.44560316 1.19660163 55.0
1.29886293 1.29162776 -0.29115349 55.0
-0.72778410 0.48094335 -1.23334146 55.0
0.02899501 1.46366417 1.22378206 55.0
1.34262371 0.76988220 -0.30305883 55.0
0.85767591 -1.13160455 1.24016643 55.0
0.40303773 -1.21305895 1.21849775 55.0
1.31718147 -0.34379983 1.13610756 55.0
-0.80702978 -1.04890645 1.25737607 55.0
1.29253650 -1.08523500 0.29085505 55.0
-1.22194707 0.80310267 -1.79332709 55.0
0.02899501 1.46109986 0.14792505 55.0
-0.93700594 0.99374765 1.26357067 55.0
1.31689107 -0.96220958 -1.13364446 55.0
0.86962265 1.45523822 -0.23049675 55.0
-0.52348626 -0.78991270 1.24295247 55.0
-0.18183538 -0.41090852 -1.20729017 55.0
-0.15793557 1.01499498 1.29853952 55.0
-1.27321434 0.48053166 -0.28208426 55.0
0.60975945 0.03862758 -1.22809529 55.0
0.42874035 1.44389451 -1.10289741 55.0
1.34645820 -0.74096411 0.94559789 55.0
0.59434932 -1.10705614 -1.22136414 55.0
0.21989669 1.40733099 1.28688300 55.0
-1.28877473 0.97136021 0.83283293 55.0
-1.28464043 0.77002496 -0.22691776 55.0
0.83140081 0.37695134 1.26167226 55.0
0.41986662 -0.56199515 1.23705232 55.0
-0.82146710 -1.38491225 0.22368568 55.0
0.39718375 -0.26033762 1.24106288 55.0
0.02899501 1.46109986 0.14792505 55.0
-1.00485802 -1.14196253 -1.24324238 55.0
-0.88247389 0.70976985 -1.46521688 55.0
-0.71634567 1.45581365 -0.22430912 55.0
-0.73164415 0.79185283 1.28316736 55.0
1.32627451 -0.90889555 -1.13304234 55.0
-1.28116846 -0.12970087 -1.00330353 55.0
1.34152937 0.80605823 -0.25923657 55.0
-0.37729457 0.71944535 -1.22359097 55.0
0.02899501 -1.37153006 -1.20052171 55.0
1.33880734 0.34968659 0.14252627 55.0
0.83743316 -0.90732777 1.23954654 55.0
-0.73230475 0.88556576 -1.25026691 55.0
1.28815174 -0.93485463 1.09344053 55.0
0.78258109 -0.96478486 -1.28374577 55.0
-0.87611711 -0.93609709 -1.78387320 55.0
1.34862518 -0.40552127 0.47779015 55.0
-0.49831411 1.39655578 1.26357508 55.0
-0.55797154 -0.74211633 -1.20872068 55.0
0.38926381 0.65449101 1.30244505 55.0
1.32134020 1.09170949 1.04702032 55.0
0.55544496 -1.37583005 0.88005733 55.0
-1.27063107 -0.11907718 1.14940035 55.0
-0.92154658 1.30539834 1.26322556 55.0
-1.28117001 -0.12962423 -0.61372006 55.0
-0.68001974 -0.44560316 1.19660163 55.0
-0.37908223 0.89571381 -1.20731306 55.0
-0.17242800 -0.56188238 1.25382829 55.0
-1.25891161 -0.96215177 -0.21816434 55.0
1.27502263 0.97199017 -1.76960421 55.0
1.33848381 0.19958898 -0.77769911 55.0
-1.27789342 0.36029229 1.17408180 55.0
-1.22574162 -1.13858867 -0.82671094 55.0
-1.29447663 0.80523157 0.67706847 55.0
1.34275544 0.76920027 -0.84793204 55.0
-1.21150625 1.00191426 -1.70923042 55.0
-0.37058643 1.45770597 -0.42060548 55.0
1.33500397 0.85894454 0.00926121 55.0
0.84977770 -1.28991902 -1.21251047 55.0
1.09658837 0.77066189 -1.80269611 55.0
-0.48974216 1.21225619 1.25911343 55.0
-0.51707196 -1.38769984 -0.20261458 55.0
0.89291143 0.03823809 -1.23080432 55.0
-0.69856566 -0.51621825 1.20233119 55.0
-0.49831411 1.39655578 1.26357508 55.0
1.33123088 0.48053166 -0.24933399 55.0
-0.97935885 -0.51626146 1.19052041 55.0
1.34831572 0.83309501 0.67782861 55.0
-0.18315610 -0.78542048 -1.20434010 55.0
-1.21523917 -1.22367501 -0.82718527 55.0
0.02899501 -1.04143977 -1.23395836 55.0
0.74488592 -1.38614857 0.02836365 55.0
-0.71026993 -1.11525774 -1.22320354 55.0
-1.29447663 0.80523157 0.67706847 55.0
1.33918309 -0.12855119 -0.25043559 55.0
-0.70810866 -1.14501166 -1.21410596 55.0
1.33128107 0.47945592 -0.75873733 55.0
-0.88652474 0.73791099 -1.62604213 55.0
-1.25701451 -0.98826140 0.83171624 55.0
-1.29226506 0.94031793 0.83488786 55.0
0.87089467 1.45422900 0.08531366 55.0
-1.24814653 -1.01880145 -1.12670040 55.0
-0.71172929 -1.10094655 -1.23543119 55.0
1.29259408 -1.08523476 0.48740497 55.0
-1.21979952 0.94086152 -1.81256831 55.0
0.99006307 -1.34424210 0.97657853 55.0
-1.28367949 0.80510587 -0.72964412 55.0
0.77433574 1.45581365 -0.22430912 55.0
0.94144940 0.88299030 -1.79267836 55.0
1.29655373 -1.08508563 0.82736182 55.0
0.77625132 1.39138973 -1.20349085 55.0
0.79919225 -0.11040545 1.23061645 55.0
-1.28367019 0.80516922 -0.59132808 55.0
-0.84759527 1.44555819 1.09015834 55.0
-0.82192987 -1.38479209 0.29085505 55.0
-1.27063239 -0.90800047 0.82720917 55.0
-1.29063511 -0.40552127 0.47779015 55.0
-1.28167880 0.21182182 1.16103566 55.0
0.23487416 1.45760715 -0.72165799 55.0
-1.27918053 0.72071987 -0.25923657 55.0
0.24044193 0.81916678 -1.22387671 55.0
1.02990294 -0.81893492 1.21307850 55.0
-0.18315610 -0.78542048 -1.20434010 55.0
-1.25414419 -0.98828363 0.48903209 55.0
-1.29305768 0.48155946 1.04125786 55.0
-1.22573662 -1.13862669 -0.61127490 55.0
0.58287591 -0.73950028 1.23945355 55.0
0.02899501 -0.92880702 -1.23143756 55.0
-0.38168350 -0.80988884 -1.20887935 55.0
0.23982552 -0.41090852 -1.20729017 55.0
0.57639807 -1.38633287 0.24476576 55.0
-1.25406575 -0.98828393 0.34039932 55.0
1.33099437 -0.88049620 -1.49181402 55.0
-1.13814211 -0.96078771 1.19262171 55.0
1.33301938 0.34864855 -1.01393783 55.0
-0.37146127 1.45829797 0.12239249 55.0
1.33880734 0.34968659 0.14252627 55.0
