0.74161428 -0.08445392 1.41824019 25.0
0.47152203 -1.66926265 -0.89158571 25.0
0.02581331 -1.61547351 -0.04247952 25.0
1.43572855 0.64244008 0.23757152 25.0
0.48610377 1.02831352 0.75680053 25.0
1.01036346 -0.63606542 0.63927376 25.0
0.70578146 0.94913387 1.18077981 25.0
0.93054038 1.00688469 1.30011404 25.0
1.10636401 1.09734190 0.76748371 25.0
-1.06824040 -0.52701980 0.69602877 25.0
0.53973180 0.94312447 0.74327141 25.0
-1.08586097 0.08018272 -1.34371984 25.0
0.01810186 -1.67531884 -1.21805739 25.0
0.91057920 1.02211070 -1.30716240 25.0
0.26033100 -0.38623154 0.98698878 25.0
0.65008062 1.10425615 0.83946967 25.0
-0.59987545 1.16474187 -0.44187140 25.0
0.09363966 -1.68998384 -0.72826260 25.0
-1.41230834 -0.36969119 -0.49255857 25.0
0.20248500 -1.67672765 -0.50073779 25.0
0.93054038 1.00688469 1.30011404 25.0
-0.20771885 1.00725472 0.72364038 25.0
1.40782142 -0.22091556 0.33706275 25.0
-1.06391144 1.08354878 1.38224649 25.0
1.31583381 0.99930888 -1.16377401 25.0
1.08101010 0.67062557 1.01440907 25.0
-1.31295300 -0.86102206 -1.30709732 25.0
-0.92197442 0.95759541 1.24318457 25.0
1.43196380 -0.22091556 -0.32337061 25.0
-0.42441666 1.10000372 1.17201555 25.0
0.53973180 0.94312447 0.74327141 25.0
1.33105409 1.10447013 -0.26118711 25.0
0.39209220 -0.55627805 0.76053685 25.0
0.72370857 1.08518457 0.94426435 25.0
-0.83257109 0.33259988 -1.37664890 25.0
-0.25447083 -0.23975708 1.24622703 25.0
-1.20684898 1.08839536 1.28706264 25.0
-0.62353462 0.01160860 -1.37792170 25.0
-0.12269863 1.16053092 1.38921809 25.0
-1.20793498 0.26018828 -1.33569431 25.0
-0.12344400 1.04052997 1.33305657 25.0
-1.46774352 0.36362115 0.36104095 25.0
0.95003957 0.99691361 1.17184436 25.0
1.41435528 0.60788554 0.42922723 25.0
1.41206288 -0.29682845 0.23505527 25.0
1.34834743 -1.06581867 -1.62230778 25.0
0.62611687 -0.06495602 -1.37790811 25.0
-1.38485050 0.95766497 -0.32283303 25.0
-0.27827367 0.01180915 -1.39290631 25.0
1.33441412 0.92358446 0.51931548 25.0
0.97159290 1.03439760 1.19699371 25.0
1.42808568 0.52799278 -1.14648890 25.0
1.11685550 -1.26742709 0.47187683 25.0
-0.69563431 1.14920092 1.40088975 25.0
-1.13867700 0.53733486 -1.76750684 25.0
1.41244113 -0.99782056 -1.38129413 25.0
-0.34861624 1.04962051 0.72420174 25.0
0.30120948 0.90966761 0.77789468 25.0
0.75281131 0.96592551 0.72345877 25.0
0.61797762 0.52464294 1.28840518 25.0
-0.71944946 1.14860713 0.15530244 25.0
0.48801216 0.95423275 1.20664263 25.0
1.40983129 -0.07137942 0.45006812 25.0
1.42782867 0.17719999 0.58272785 25.0
0.04663745 -1.64794886 -0.25024980 25.0
-1.43995190 -1.16455674 -0.36552018 25.0
1.15564501 -0.18026747 1.03287399 25.0
1.45206451 0.28882378 0.56388938 25.0
-1.43194962 -0.96775955 -1.13960302 25.0
1.40570855 -0.51270640 0.17360201 25.0
0.11667818 -1.38958168 -1.37526560 25.0
0.82300442 1.01828432 1.16618502 25.0
-1.10102797 0.54958075 1.15916705 25.0
-1.44944632 0.20022859 0.47217986 25.0
-0.49058452 1.05192327 0.90723002 25.0
0.53973180 0.94312447 0.74327141 25.0
0.49201056 -1.50953841 0.09153739 25.0
-0.00837441 -0.57794994 0.78340089 25.0
0.48729873 1.03703284 1.33007407 25.0
1.04541540 0.67379826 1.03393841 25.0
1.39085746 -0.58130264 0.24556263 25.0
0.46105018 -1.07499552 0.55666161 25.0
1.43230093 -0.14536181 -0.67407703 25.0
-1.44556141 0.60482657 -0.48721519 25.0
0.35815647 -0.62714440 0.73066181 25.0
0.34284273 1.15038598 1.34614575 25.0
1.09570336 -0.96542937 -1.51697373 25.0
-1.15150988 0.46055356 1.18994558 25.0
-0.46982354 -1.66953444 -0.70657337 25.0
0.67526662 -1.61509156 -0.29141399 25.0
0.34505486 -1.58241808 -1.33523965 25.0
-0.13065113 -0.58884501 0.76931286 25.0
0.02966386 -0.91193444 0.66976398 25.0
1.28064668 -0.68978268 -1.30785429 25.0
-0.29914641 -1.25620651 0.50259900 25.0
1.19678974 0.71982539 -1.54240525 25.0
-1.44504905 0.32745573 0.55178422 25.0
1.09940660 1.01963019 0.70245993 25.0
0.68096387 1.14611125 0.37198934 25.0
0.96747780 -0.97286713 -1.43656659 25.0
1.01825261 1.08684027 0.76257324 25.0
1.45113540 -1.13155401 -0.20712593 25.0
1.26304913 0.64712226 -1.65450251 25.0
-1.40689611 -1.35476458 -0.05773016 25.0
0.06457622 1.11767042 0.79024702 25.0
-0.15497880 -1.25620651 0.52133572 25.0
-0.38651279 0.46797356 -1.40833867 25.0
-0.94672269 -0.24031048 1.19478846 25.0
1.29411614 0.93772227 0.60239094 25.0
1.44196463 0.00235132 0.26214355 25.0
0.01263649 -1.68950677 -1.01949012 25.0
-0.75962025 1.10799849 0.79338390 25.0
-1.06019592 -1.55494988 -1.04614294 25.0
-0.46810183 -1.66961384 -0.79828274 25.0
1.38593316 0.73373979 0.42792112 25.0
0.08259423 -1.25620651 0.52837670 25.0
-1.45252883 -0.85661119 0.10903723 25.0
-1.06158817 0.97376901 0.70681542 25.0
-1.43016231 0.20210548 0.58225411 25.0
-0.62975484 1.10040331 0.90620524 25.0
1.33300591 -1.23285997 -1.53771281 25.0
1.37325168 -1.35476458 -0.49721408 25.0
-1.44803953 0.00309461 -0.15609543 25.0
-1.25059748 1.05414712 0.69267952 25.0
0.64187759 0.21689576 -1.37743175 25.0
1.38030529 -1.19782877 -1.40226054 25.0
0.34528041 1.01894295 1.31126690 25.0
0.12805530 1.15798426 1.36721516 25.0
1.07609558 -0.76831335 -1.33975756 25.0
1.17289579 1.13991499 1.39121008 25.0
-0.41916561 0.90478355 0.77322042 25.0
1.46466136 -0.96857309 -0.69460100 25.0
-1.14626920 -0.98220336 0.59732205 25.0
-0.96210730 -0.97286713 -1.43656659 25.0
1.19619262 0.65030664 -1.67514384 25.0
0.77424687 0.99030167 -1.33829761 25.0
0.01336885 -1.68635845 -0.55912441 25.0
1.44262087 -1.16210628 0.20246150 25.0
1.36965013 1.05143118 0.03322705 25.0
0.70923066 1.14703965 0.26175117 25.0
-0.59375745 0.13937436 1.49821043 25.0
0.46636954 -1.66575074 -1.07099020 25.0
-0.42279142 1.15690303 -0.00595055 25.0
0.44578782 0.65024358 1.15978062 25.0
-0.99831182 -1.04639137 -1.63240564 25.0
-1.26869607 -1.35902786 -1.29041839 25.0
-1.03827584 1.12287140 0.58231974 25.0
1.08038628 -0.63473910 0.65566665 25.0
1.43908477 0.56704473 0.36135146 25.0
0.13271929 -1.08876419 -1.41548347 25.0
-1.13499451 -1.31566536 -1.42201531 25.0
-0.62785971 1.10528958 1.40883613 25.0
1.40028226 -0.94128472 -1.33407986 25.0
-0.12269863 1.16053092 1.38921809 25.0
1.14652979 -0.32917541 0.84617072 25.0
0.44283351 1.15821290 -0.05326919 25.0
1.10034537 0.59039861 1.11531401 25.0
1.04780507 -1.18925393 0.48697352 25.0
0.93419164 0.80490291 -1.35959435 25.0
0.65496022 -0.62487686 0.63937795 25.0
0.38722339 1.15527284 0.06046139 25.0
-0.43182841 1.03507030 -1.33895981 25.0
0.71218556 0.93422395 0.74063748 25.0
-0.12635244 -1.19180012 -1.41249263 25.0
0.27716917 -0.37254581 -1.39278138 25.0
1.06359005 1.10956860 0.74812174 25.0
-1.48489463 0.28721476 -0.15546474 25.0
1.44270360 -1.16455674 -0.53231281 25.0
-0.09842690 -0.55271447 0.78810817 25.0
-0.83677953 -1.62129176 -0.48040321 25.0
-1.17091274 0.00643452 -1.33737600 25.0
-0.98869568 0.79888916 -1.36031091 25.0
-1.40384650 0.64785528 0.41767091 25.0
-1.00579023 -1.01395345 -1.58843458 25.0
1.24977922 0.40464857 1.05151212 25.0
0.13251664 -1.33528829 -1.38402593 25.0
1.36886632 0.44685009 -1.59564853 25.0
0.12803052 1.15157604 1.34719062 25.0
-0.19171301 -1.68496990 -0.81363732 25.0
1.46476293 -1.03076625 0.13569182 25.0
-1.06295300 0.90891325 0.72210288 25.0
-0.94243956 -0.95125186 0.53310704 25.0
1.08444953 -1.55689740 -0.34413654 25.0
1.20348585 1.09133482 0.72871464 25.0
-1.09750676 0.97009391 0.70532686 25.0
-0.12713675 0.78717434 -1.38130689 25.0
-1.43016231 0.20210548 0.58225411 25.0
-1.06314957 1.09906423 1.39887011 25.0
-1.42271519 0.52799278 -1.14648890 25.0
-1.29125440 1.07035363 1.28083062 25.0
1.46928179 0.13652328 -0.15454628 25.0
-0.17987998 -1.14127779 0.58591419 25.0
1.41763985 -1.31027460 0.12089243 25.0
-1.46321535 0.28657785 0.45466349 25.0
-1.16295648 1.12203932 0.25810909 25.0
-1.43035960 -0.76083124 -0.50905538 25.0
0.61341774 -1.46798301 -1.35103393 25.0
0.09551774 -0.29743782 -1.39839792 25.0
-1.18608701 -1.26901805 -1.56279087 25.0
-1.17741895 0.97223157 1.25294137 25.0
-1.01665795 0.29743823 -1.35342622 25.0
-0.19843970 -1.04171777 0.62478387 25.0
1.41966331 -1.31272328 -0.19643784 25.0
-0.75141925 1.06082392 -1.25239289 25.0
-1.42254615 -1.27113128 0.06450824 25.0
-0.02834680 -1.69098592 -0.73673689 25.0
-1.05972517 0.54044038 -1.76216841 25.0
0.49595496 1.05192327 0.90723002 25.0
1.19678974 0.71982539 -1.54240525 25.0
-0.81955862 -1.19124973 -1.42138219 25.0
-0.79100746 0.99157345 0.71774149 25.0
-0.41847122 1.09785843 0.79062831 25.0
0.34498337 1.03919232 1.33191586 25.0
-1.07563961 0.67062557 1.01440907 25.0
0.45825139 -0.06478363 -1.38585830 25.0
1.21802342 0.91193694 0.66454035 25.0
0.68080920 -1.65297663 -0.87376291 25.0
0.57229471 0.89890569 0.77000302 25.0
-0.13009535 -0.97575527 -1.40190756 25.0
-0.34318358 -1.67245364 -0.53641814 25.0
-0.04873252 -1.68912232 -0.59599292 25.0
0.48573345 -1.00803244 0.57669526 25.0
0.76929581 1.15352631 -0.10042667 25.0
-1.40191519 -0.58133215 -0.67922676 25.0
0.80075455 0.94573021 1.19943821 25.0
1.07609558 -0.76831335 -1.33975756 25.0
0.34542981 0.96437085 1.17379272 25.0
1.45341003 0.00309461 -0.15609543 25.0
0.84593892 1.13815403 0.37298232 25.0
1.13151610 1.13286030 -0.09419409 25.0
0.20833133 -1.57945907 -0.04253204 25.0
-0.12307093 1.08022368 1.37869370 25.0
-0.98657721 1.13018394 0.37240878 25.0
0.57182497 0.86024463 -1.36303675 25.0
-1.44193459 -0.98088747 0.35257658 25.0
0.00268522 -1.04171777 0.63821226 25.0
-1.44133580 -1.09827650 -0.70013380 25.0
1.10188341 0.38313553 -1.55987990 25.0
-1.37749600 -1.05817139 0.44334385 25.0
0.90291339 0.13559708 1.47859263 25.0
-0.35758698 0.85827518 0.82297575 25.0
0.86944318 1.10393167 0.78219420 25.0
0.50639248 1.03889227 1.10116243 25.0
-0.27827367 0.01180915 -1.39290631 25.0
-1.46581829 0.20247674 -0.67398024 25.0
0.70100474 1.14920092 1.40088975 25.0
1.16732264 0.34257141 1.27366793 25.0
1.11168277 1.07136965 -1.11013258 25.0
0.95882457 0.00899046 -1.35321522 25.0
0.11927241 -1.63972580 -1.29473805 25.0
-0.03345191 -1.67087877 -0.41045409 25.0
-0.78041989 0.52181047 1.28311622 25.0
-0.58046246 1.10157251 0.99511898 25.0
-1.45536017 -1.06458914 0.03005939 25.0
0.99243486 0.67755175 1.05937994 25.0
-1.20612669 0.49420390 -1.73944700 25.0
0.55396312 -1.66038036 -1.06629670 25.0
1.13151610 1.13013518 0.00238085 25.0
-1.42421448 0.29060456 -1.18005884 25.0
-0.12256817 0.99409831 1.17497635 25.0
1.06972826 -1.55792367 -0.67409647 25.0
1.44373715 0.40623015 0.52233577 25.0
1.42409146 0.75991869 0.03827640 25.0
-1.23243332 0.00565087 -1.33085966 25.0
-0.78697962 0.39799124 1.38075805 25.0
-0.62772691 1.12278104 1.29242182 25.0
-0.19062008 -1.37675798 0.41751075 25.0
-0.43891478 1.12260532 0.79115385 25.0
-1.32562554 1.10534155 -0.40007177 25.0
-0.19450457 -1.68286455 -0.58538055 25.0
-1.43295944 -0.76083124 -0.06684190 25.0
0.79638726 1.12609899 1.42402613 25.0
-0.27702275 -0.06480867 -1.39289248 25.0
0.13172287 -1.19180012 -1.41249263 25.0
1.17836475 0.80024159 0.70923758 25.0
-1.36377871 0.42066678 0.73616552 25.0
-1.43310320 -0.85964662 -0.92995191 25.0
-1.40346420 0.48747036 -1.42609024 25.0
0.25955540 -0.31482390 1.11782026 25.0
-1.05519187 0.95348763 1.16702855 25.0
0.62727237 1.10446441 1.17710137 25.0
-1.43374538 0.67950428 0.05073452 25.0
-0.27659127 0.32575816 1.44461203 25.0
0.42978707 1.10000372 1.17201555 25.0
-0.47596461 -0.58169150 0.74437249 25.0
1.04141831 -1.45108998 -1.31736755 25.0
1.20191848 0.76464295 -1.40012300 25.0
-1.36932206 -1.26901555 -1.34732175 25.0
-1.20804107 1.11485517 0.45797589 25.0
-0.82137918 0.63134581 -1.40987241 25.0
1.46532547 0.52799278 -0.32317218 25.0
-0.70001245 1.12018108 1.29254580 25.0
-0.12771483 0.51093435 -1.41780818 25.0
0.53688622 1.04265594 1.01124942 25.0
0.60670739 0.20264500 1.48421395 25.0
0.91111523 0.30064899 -1.36499166 25.0
0.01237515 -1.68701160 -1.11647809 25.0
-1.39195812 -1.39376879 -0.13534532 25.0
-1.46005416 -1.03076625 -0.01365329 25.0
-0.76296097 1.15838623 -0.58470339 25.0
-0.61642414 -0.69991452 -1.37519264 25.0
1.29617953 1.01103926 1.21526980 25.0
-0.81955862 -1.19124973 -1.42138219 25.0
1.41221166 -1.35476458 -0.14915374 25.0
-1.22934759 1.03516257 -1.19712305 25.0
0.12895964 0.97780615 1.17047596 25.0
0.57004774 1.10745525 1.41072226 25.0
1.43134904 0.71656913 0.13230272 25.0
-0.93266559 -1.28595734 -1.45376861 25.0
-0.33612317 1.14069033 1.32748449 25.0
-1.11162889 1.01051867 -1.29178047 25.0
-1.35909164 -1.39241457 -0.99693471 25.0
-1.46777403 -0.96858591 0.04001938 25.0
-0.02864570 -1.69047654 -0.66577786 25.0
-1.15840232 -0.76644665 -1.33341515 25.0
-0.98946857 0.75812167 -1.45744872 25.0
-1.31288517 1.09783614 0.03072979 25.0
0.34351069 1.09644401 1.39798176 25.0
-0.44341516 1.00796878 0.73128468 25.0
0.01237515 -1.68701160 -1.11647809 25.0
-1.17243922 1.12349021 1.40996516 25.0
1.19552994 1.08380830 1.37428832 25.0
0.35085949 0.30310002 -1.39018774 25.0
-0.82131809 0.70706290 -1.39739895 25.0
1.05251634 -1.12013435 0.51973850 25.0
0.61697572 0.27086851 1.45968390 25.0
-0.44580409 -0.29744211 -1.38583350 25.0
0.57362062 0.99553347 1.28884494 25.0
1.30946434 -0.94637877 0.55426306 25.0
1.43780148 -0.76081610 0.02295065 25.0
0.84215003 -1.62129176 -0.48040321 25.0
0.47519398 -1.66953444 -0.70657337 25.0
0.79768211 1.08543730 1.38842809 25.0
0.22794120 -0.79702729 0.67991185 25.0
-0.15440474 -1.56560969 0.04432638 25.0
-0.93785536 0.92215788 -1.32794690 25.0
1.25830770 -1.13612092 -1.72725689 25.0
0.62782323 0.74124366 -1.38101089 25.0
-1.46507955 0.48749113 0.13280144 25.0
-0.90635735 1.06229305 0.74897766 25.0
-1.22128773 -0.14420250 -1.33084309 25.0
0.91775995 1.14489174 -0.71592045 25.0
1.41366112 0.71656913 -0.87441558 25.0
-0.89642149 -1.44486892 0.24444227 25.0
-0.45567974 -1.07499552 0.55666161 25.0
0.43525520 1.09701061 -1.15199399 25.0
0.35159355 -1.14127779 0.56717759 25.0
-1.27916539 -0.80415386 0.56824601 25.0
-0.48260418 0.95564520 1.18629670 25.0
-1.37607360 -0.06901180 0.56101239 25.0
-0.62785971 1.10528958 1.40883613 25.0
-0.75830442 -1.01450741 0.49937794 25.0
1.16211224 0.96059841 1.23695278 25.0
0.62325406 -0.14140365 -1.37790477 25.0
-1.23882818 0.07784197 -1.33084154 25.0
0.08928332 -0.31482041 1.12190282 25.0
-1.17837334 1.03270137 0.70600700 25.0
-1.19752109 -1.07152677 -1.72723436 25.0
1.06841767 -0.95119369 0.57227975 25.0
-0.08339442 1.15073431 0.33868861 25.0
-1.27960980 -1.43321049 -0.68757117 25.0
-1.13510287 -1.36897111 -1.31994236 25.0
0.56966293 1.15363693 1.40476310 25.0
-1.18878829 -1.29396749 -1.49428904 25.0
-0.20087397 0.91248667 0.78377414 25.0
-0.38504332 -1.05397522 -1.40697956 25.0
0.57053018 1.09191394 1.39404976 25.0
-1.48489463 0.28721476 -0.15546474 25.0
-0.90197903 1.05338776 -1.24015307 25.0
0.93581295 -1.05295038 0.50573397 25.0
-1.44944632 0.20022859 0.47217986 25.0
-1.43802989 -1.01361477 0.34849492 25.0
-1.39145875 -0.44010991 -0.94608605 25.0
1.41978121 -1.19782877 -0.91741258 25.0
-0.56425369 1.15460110 1.38404024 25.0
-1.20144546 0.99374115 1.18516719 25.0
-0.78041989 0.52181047 1.28311622 25.0
-1.35262346 -0.68848151 -1.19968939 25.0
-1.05299926 1.14418769 1.37587202 25.0
1.46967745 -0.99803704 -0.08621249 25.0
1.06339300 0.94764996 1.18037784 25.0
-1.42262709 -1.27113128 -0.07755445 25.0
-0.79325819 1.06794059 1.36809027 25.0
1.28541350 0.98862624 1.25612831 25.0
-0.00094482 -1.57684040 0.08152963 25.0
0.26033100 -0.38623154 0.98698878 25.0
-1.34377122 -1.39349806 -0.79775858 25.0
-1.37059760 -0.57884616 0.31163484 25.0
0.93875098 0.66650802 -1.49651730 25.0
-1.29347754 -1.04703832 0.52785420 25.0
1.43247736 0.71656913 -0.16838548 25.0
0.43228051 -0.79477841 0.66117525 25.0
1.18229389 0.96854019 -1.30355608 25.0
1.18598473 1.12723660 1.32951796 25.0
-0.25522295 -0.54478770 0.77214468 25.0
-0.54859269 -1.66038036 -1.06629670 25.0
0.44793567 -0.69795960 0.68828183 25.0
-1.11861110 1.12307906 0.36719871 25.0
-0.76821738 -1.56945753 -1.30351031 25.0
0.40068692 -1.63389170 -1.26967525 25.0
0.43846625 1.11043787 0.79932809 25.0
-1.41909993 -0.22091556 -0.67407703 25.0
0.59210616 -1.64897430 -1.16406453 25.0
0.11927241 -1.63972580 -1.29473805 25.0
-0.93372798 0.70358586 -1.47353029 25.0
0.63552427 1.05283749 1.34896028 25.0
-0.23721464 0.98359531 0.73367316 25.0
0.48710793 -1.42829049 -1.36080468 25.0
0.09740431 0.01178235 -1.39843667 25.0
1.06841767 -0.95119369 0.57227975 25.0
-0.26232815 0.69221044 1.10647869 25.0
-0.96653742 1.07444608 0.74989396 25.0
-0.82494175 0.55220133 -1.42884564 25.0
1.31137145 -1.43315625 -0.81907588 25.0
-0.70623487 1.01943088 1.14914262 25.0
-0.92241240 0.55995750 1.23209465 25.0
1.17098272 1.09405112 -0.97400206 25.0
0.82939100 1.01400042 0.72606927 25.0
1.06348598 -0.24271066 1.10600066 25.0
1.08434820 0.28615129 1.37395597 25.0
-1.35379457 -1.23123956 0.36614555 25.0
-1.45286667 0.56703943 0.10473267 25.0
0.08496916 -1.59738171 -0.00483696 25.0
-0.92182493 1.08405495 1.38631976 25.0
0.83919996 -1.62356651 -0.65097338 25.0
0.69764954 -1.63936198 -1.15400815 25.0
0.92281860 -1.15397286 0.46551576 25.0
-0.33647752 -0.69962078 0.69998497 25.0
-1.31206763 0.83651841 0.52970630 25.0
1.14738321 -0.64052087 -1.33544290 25.0
1.19069016 1.12744200 -0.04409342 25.0
0.96724731 1.12105262 0.68644649 25.0
0.26135340 -0.51526350 0.79703850 25.0
0.70571357 0.99126858 1.28522778 25.0
-0.09161214 -0.06482837 -1.39842296 25.0
0.91312402 1.13165832 -0.85238475 25.0
1.17515290 1.00703490 -1.28532171 25.0
0.90865773 1.04662657 0.73434961 25.0
-1.33379030 0.62307233 0.61556971 25.0
0.39467552 0.42672771 -1.40287209 25.0
0.49201056 -1.50953841 0.09153739 25.0
1.32337606 0.08844891 0.82747245 25.0
-0.79514408 1.02845562 1.32275939 25.0
-1.14108956 -0.51544219 -1.33665299 25.0
1.33105409 1.10447013 -0.26118711 25.0
1.40093780 0.89780617 -0.32288167 25.0
-1.33078671 1.06931090 1.29999948 25.0
1.36886632 0.44685009 -1.59564853 25.0
-1.33747268 -1.41608918 0.11181566 25.0
-0.67811346 -1.26487947 0.38456398 25.0
0.10731721 -1.00803244 0.64090711 25.0
1.41815281 -0.14536181 -0.94647610 25.0
1.28270161 0.98762453 0.65450078 25.0
-1.16877890 -0.03069014 1.13938296 25.0
0.70538288 1.12018108 1.29254580 25.0
1.39599693 -0.63635015 -0.94515210 25.0
-0.12681651 -1.31567454 -1.38979781 25.0
0.97506446 1.00536191 0.70341450 25.0
-0.95840454 0.08203460 -1.35319662 25.0
1.37469256 -1.26901555 -1.34732175 25.0
-1.25845623 0.60953897 -1.70068014 25.0
-0.18793507 0.98340529 0.73641133 25.0
1.14404738 0.53733486 -1.76750684 25.0
-1.33000362 0.89717025 -1.17170906 25.0
-0.57423890 -0.51950866 0.74292535 25.0
1.48466885 0.25329810 0.14261611 25.0
-0.62772691 1.12278104 1.29242182 25.0
1.25746143 1.12856340 -0.41825137 25.0
1.30256784 -1.01320755 0.53702164 25.0
-1.45517826 -1.06458914 0.07233761 25.0
1.39321136 -1.39376879 -0.27519941 25.0
-0.56430668 1.14948487 1.42112863 25.0
1.24931133 -1.29167104 -1.47975636 25.0
0.62611687 -0.06495602 -1.37790811 25.0
0.85272974 0.26806229 -1.36453915 25.0
-1.39198041 -1.39376879 -0.04226584 25.0
0.55983067 -1.66386378 -0.88748360 25.0
1.47096431 0.32588127 -0.90186852 25.0
-0.34548905 0.30310002 -1.39018774 25.0
-0.26911527 1.08654630 1.21256959 25.0
-0.47845620 -1.65175259 -0.41800344 25.0
-1.15297055 0.92885339 0.69618058 25.0
0.81489432 1.12719524 0.68909842 25.0
0.28808028 0.19186440 -1.39267290 25.0
-0.77356762 0.24332400 1.46388733 25.0
-1.39197612 -1.39376879 -0.09572799 25.0
1.19308710 -1.40360594 -1.30665445 25.0
0.12815817 1.11339068 1.41589153 25.0
1.08461702 -1.55641127 -0.30408233 25.0
0.00268522 -1.42932045 0.37247095 25.0
-0.57651013 1.10265148 1.08777225 25.0
0.45043194 0.56830668 1.25383747 25.0
-0.13034818 0.39303622 -1.40301573 25.0
1.32352233 1.09940171 -0.69105285 25.0
1.46527231 -1.03076625 -0.20536999 25.0
-0.42441666 1.10000372 1.17201555 25.0
-0.93573409 0.77995086 0.87045354 25.0
1.28095818 -0.29693455 -1.31051075 25.0
1.02788579 1.04182112 0.71291775 25.0
1.19401634 1.10392153 0.69595754 25.0
0.63717419 0.96283031 1.24834478 25.0
-1.33227193 1.02989256 1.25474894 25.0
1.32490659 -0.92683405 -1.35387242 25.0
0.96377498 0.08203460 -1.35319662 25.0
-0.38063031 0.67051160 -1.38935173 25.0
-0.23880349 0.74332178 1.02163959 25.0
-1.13796866 1.11431777 0.67057496 25.0
-1.31681621 1.02035654 0.58154458 25.0
-0.12852430 0.46790445 -1.41392827 25.0
1.11168277 1.07136965 -1.11013258 25.0
1.14109612 0.23011988 1.32810724 25.0
0.45565790 -0.70025837 -1.38312912 25.0
-0.79062259 1.14294648 1.41541982 25.0
-0.92030746 1.11308396 1.41514099 25.0
0.55340421 -1.38981640 -1.36290181 25.0
0.61643225 -0.29742548 -1.37788332 25.0
-1.05718887 0.75278240 -1.47720623 25.0
0.19405510 -1.68355000 -0.99487281 25.0
0.09430587 -1.68947506 -0.65800762 25.0
-1.45562649 -0.99803442 -0.69464642 25.0
1.27130473 0.53229451 -1.73605740 25.0
-0.26765883 1.16574383 -0.44747573 25.0
-1.02157819 0.97711474 0.70729816 25.0
0.61259377 0.24516898 1.47033370 25.0
0.84156859 -1.62264764 -0.52847338 25.0
-0.59967607 1.16106260 -0.18348819 25.0
-1.36432624 1.05206978 -0.02520142 25.0
-0.00777654 -1.69085193 -0.73975497 25.0
-1.35718226 0.96095812 0.39741579 25.0
1.08264613 -1.55772865 -0.47425300 25.0
-1.38822019 -0.89048702 0.47350511 25.0
-0.46439791 0.21729729 -1.38537967 25.0
1.28628683 0.80757993 0.57135713 25.0
0.11685192 -0.79843420 0.68699110 25.0
1.21175909 -1.03740585 -1.68487680 25.0
1.45067036 -0.95143872 0.35487384 25.0
-0.28270981 0.19186440 -1.39267290 25.0
-1.35082769 -1.43321049 -0.31598833 25.0
0.92998832 0.95247239 1.16420364 25.0
1.22258234 0.60817647 0.88852048 25.0
-1.35374272 0.99869764 0.37941909 25.0
1.47438729 0.28669137 0.36932558 25.0
0.94781011 -0.95125186 0.53310704 25.0
1.43219197 0.67950428 -0.65808922 25.0
-0.12363563 0.97060513 1.25493252 25.0
1.40995395 0.64221013 -1.13676488 25.0
0.77424687 0.99030167 -1.33829761 25.0
-0.91878998 1.12462068 1.42189217 25.0
-0.08478139 -1.52051985 -1.36598873 25.0
-1.29719734 -1.01320755 0.53702164 25.0
0.68667364 -1.65275311 -0.62354755 25.0
0.34733155 -1.67639959 -0.64288324 25.0
-0.33968446 -1.58241808 -1.33523965 25.0
1.48365188 0.40381896 0.00459163 25.0
1.39321136 -1.39376879 -0.27519941 25.0
0.99285060 0.73118633 -1.51743019 25.0
-0.44282454 -0.59074014 -1.38453257 25.0
-0.62073606 -1.22629368 -1.39594913 25.0
-0.30540669 1.06694007 0.72617561 25.0
-1.45445430 0.56702453 -0.16004471 25.0
-0.86488509 -0.38641807 0.95874000 25.0
-1.18945169 1.09932458 1.39091229 25.0
-1.14920938 -0.94910574 0.60612625 25.0
1.15449178 1.06751943 0.73553717 25.0
-1.32519412 -1.39433420 -1.19581354 25.0
-1.41305947 -0.44010991 -0.00280030 25.0
-0.12270624 1.15544391 1.42633128 25.0
-0.26721650 1.16447711 -0.59847331 25.0
-0.25205940 -0.55912769 0.77320719 25.0
-1.44726765 0.56704277 0.20537116 25.0
1.44679928 0.64221030 -0.16655745 25.0
-0.27263543 0.99567920 -1.36449158 25.0
-0.93580061 -0.69607747 -1.35052252 25.0
0.84593892 1.13815403 0.37298232 25.0
1.32005918 0.33785152 -1.40073943 25.0
-0.61294401 -1.66029835 -0.79109764 25.0
1.15521419 -0.88107502 0.61847806 25.0
0.56678194 -1.65631211 -0.48813680 25.0
-1.42210364 0.53042525 0.47077158 25.0
-0.82033336 -1.60678172 -0.32137913 25.0
1.31743813 0.83651841 0.52970630 25.0
-1.02727306 -0.71011990 0.61889505 25.0
0.61442387 0.99479544 -1.34978902 25.0
1.01495373 1.13109624 0.26369271 25.0
1.43499374 -0.07131249 0.25877243 25.0
0.66818690 -1.51245403 0.09331850 25.0
-1.12330866 0.18865864 1.34082139 25.0
1.09839022 -1.49749172 -1.30614328 25.0
0.02834217 -1.00803244 0.64605886 25.0
1.43763685 -0.76083124 -0.35001212 25.0
0.01921553 -1.56346309 0.11805055 25.0
-0.09252428 0.08553961 -1.39841771 25.0
-1.20705473 1.01223493 1.20172322 25.0
0.12308618 1.13006723 1.31089509 25.0
1.36952531 1.05459774 -0.36177623 25.0
-1.22840309 -1.48558009 -0.60616773 25.0
-0.12681194 -1.12348545 -1.41470873 25.0
1.07238054 0.55235648 1.18041670 25.0
1.28453588 -0.80415386 0.56824601 25.0
-1.38543904 0.95766497 0.02506731 25.0
-1.43526471 -1.19782877 -0.03472829 25.0
1.14310992 -1.07372975 -1.73592937 25.0
1.13151610 1.13013518 0.00238085 25.0
-1.26052904 0.96495897 0.65555567 25.0
0.45607010 0.40093541 1.39282811 25.0
-0.48046893 1.05239701 1.01458144 25.0
1.46084642 -1.06458914 -0.01630078 25.0
-0.08725447 1.03479362 -1.35111439 25.0
1.40687537 0.17857014 -1.20301938 25.0
-0.63196802 0.98573154 1.16529691 25.0
-1.13200045 0.61506039 -1.73110211 25.0
-0.60342467 -1.65653610 -1.06248546 25.0
-0.00837441 -0.57794994 0.78340089 25.0
-0.26831451 0.20297831 1.49791110 25.0
0.95852822 1.08834934 0.76810765 25.0
0.00268522 -1.10800087 0.61403030 25.0
0.60521913 1.16365600 -0.29874980 25.0
1.10334003 -0.58221585 0.65883946 25.0
0.97190797 1.07444608 0.74989396 25.0
-0.10354506 1.10318089 1.26889038 25.0
1.25719261 0.18186650 -1.33063543 25.0
-0.91810322 0.24043192 1.45108688 25.0
-0.25418496 -0.31482390 1.11782026 25.0
0.19257322 -1.63988876 -1.28818190 25.0
-1.01288199 1.08684027 0.76257324 25.0
1.35806251 -1.43076468 -0.00470890 25.0
-0.84016764 -0.99427903 -1.40077567 25.0
-0.75199234 1.03919077 1.10283124 25.0
0.03425462 -1.68895209 -0.59916168 25.0
-1.38945162 -0.51270640 -0.94579649 25.0
0.79593438 1.14710653 1.39906096 25.0
-0.35348883 -1.29826701 0.43519089 25.0
1.42765141 0.71766752 0.21934043 25.0
-1.19377100 0.57445633 -1.75195682 25.0
-1.40033805 -0.51270640 0.17360201 25.0
1.21294630 -1.08143806 0.56471616 25.0
1.32337606 0.08844891 0.82747245 25.0
0.13191158 0.67042363 -1.39486861 25.0
0.12844136 1.08022368 1.37869370 25.0
-1.01917148 -0.96899897 -1.49218833 25.0
1.47037625 0.44572195 -0.65978390 25.0
-0.21439303 -0.91113484 0.65757102 25.0
-1.44944632 0.20022859 0.47217986 25.0
0.48797458 0.95564520 1.18629670 25.0
0.77424687 0.99030167 -1.33829761 25.0
-1.36035764 -0.22082803 -1.20319462 25.0
-1.46729445 -0.93081445 -0.08202707 25.0
0.09026465 -1.68863952 -1.00416589 25.0
-0.79517782 -1.58628440 -0.20654748 25.0
-1.10099339 1.09734190 0.76748371 25.0
-1.41064858 -0.51270640 -0.34072655 25.0
-0.18720278 -1.63988876 -1.28818190 25.0
1.04141831 -1.45108998 -1.31736755 25.0
1.08162224 -1.55379975 -0.23719727 25.0
-1.18260169 1.11193383 0.63013899 25.0
-1.43836677 0.40623015 0.52233577 25.0
1.47895873 0.20247674 -0.32336169 25.0
1.16065085 -1.00736070 -1.63831365 25.0
-0.60910279 -0.37247947 -1.37779796 25.0
0.86222798 1.09184468 0.78849179 25.0
0.66338789 0.97069669 0.72631854 25.0
-1.11207855 0.34248793 -1.41741347 25.0
0.35159355 -1.14127779 0.56717759 25.0
-1.01902390 -1.27050400 0.43749115 25.0
-0.82117158 -1.28953505 -1.39325559 25.0
-1.42367148 0.64335203 0.31605294 25.0
-0.05123484 1.02223647 0.72280896 25.0
-0.46099910 -1.66575074 -1.07099020 25.0
0.37665945 -1.35676301 -1.37327456 25.0
0.70578146 0.94913387 1.18077981 25.0
0.50427949 -0.55954415 0.74359357 25.0
1.42795742 -1.27113128 0.01041152 25.0
1.01036346 -0.63606542 0.63927376 25.0
-0.57524729 -1.43895900 0.21889105 25.0
1.01446903 -1.50212991 -1.31235015 25.0
0.44899037 1.15065634 0.37239814 25.0
0.11835022 1.03106797 1.19280899 25.0
1.43032885 -1.13155401 -0.91023362 25.0
-1.31059635 0.98191422 0.59893924 25.0
0.07446822 -1.33729184 0.46910372 25.0
1.34914160 -1.39349806 -0.79775858 25.0
-1.25188279 -1.23580301 -1.60560644 25.0
0.44298062 1.16482723 -0.30119368 25.0
0.97241211 -0.95956922 -1.40900970 25.0
-0.97847861 1.05322313 1.21512651 25.0
-0.00995349 -1.67071140 -0.40610376 25.0
1.38555467 -0.29682845 0.37867272 25.0
-1.05198872 1.14323771 1.39486670 25.0
0.42302525 -0.87056631 0.64570522 25.0
1.20054722 0.83585870 -1.31590664 25.0
1.41513896 -0.58133215 -0.18257174 25.0
-0.89435410 0.68248606 1.08160591 25.0
1.08162224 -1.55379975 -0.23719727 25.0
-0.62737930 1.15146255 1.40286458 25.0
1.40361130 0.67970663 -1.13038552 25.0
0.44560507 1.06684411 0.81298012 25.0
0.62610656 -1.22629368 -1.39594913 25.0
-1.37583101 0.40597665 -1.54047656 25.0
-1.14108956 -0.51544219 -1.33665299 25.0
-0.33345893 1.01098013 1.17703032 25.0
0.19185607 -1.68106508 -1.08992386 25.0
1.33388305 -1.16594231 -1.61941981 25.0
-1.20642734 1.07661867 0.72894758 25.0
-1.43446517 -0.14536181 -0.32337061 25.0
0.69764954 -1.63936198 -1.15400815 25.0
-1.28979540 -0.14465846 -1.31053424 25.0
1.41226661 -1.35476458 -0.05773016 25.0
-1.45674932 -1.03076625 -0.52863109 25.0
0.70497555 1.03049064 1.32449472 25.0
0.46057314 1.14775014 0.58984941 25.0
0.09483740 -1.68795168 -0.59205240 25.0
0.67002636 -0.77538264 -1.37386310 25.0
1.31376863 0.74631548 -1.40790677 25.0
1.02494287 0.51327294 1.24714017 25.0
0.62699926 0.67062342 -1.38233495 25.0
-1.45176554 0.44574058 0.41486585 25.0
0.92734486 0.95759541 1.24318457 25.0
-1.36159396 -0.99943864 -1.54266417 25.0
1.45602822 -1.09827650 -0.20523013 25.0
1.48776400 0.28688532 0.14196974 25.0
-1.44698763 -0.93131113 -0.91148955 25.0
-0.94466901 0.99691361 1.17184436 25.0
-1.34475362 0.29114506 -1.30632710 25.0
1.12219715 0.32395378 -1.36566520 25.0
1.36442888 -0.51027334 0.34445870 25.0
-0.82880467 0.51046032 -1.42740262 25.0
0.63708061 0.99344802 1.28707623 25.0
-0.58927667 1.09589434 -1.14523089 25.0
1.33811855 0.22949947 -1.30954671 25.0
0.34292391 1.15668857 1.36608088 25.0
1.42782867 0.17719999 0.58272785 25.0
0.81015801 1.13727927 0.47862440 25.0
-1.37607360 -0.06901180 0.56101239 25.0
-1.00415194 0.63634950 1.11611235 25.0
-1.26954985 -1.48543346 -0.21458980 25.0
1.40871394 -0.51270640 -0.67900926 25.0
-1.37766826 -0.44010991 0.31171989 25.0
-0.47945297 1.10977936 1.41274631 25.0
1.45021737 0.07314771 0.26657876 25.0
-1.25749230 -1.10266554 -1.72829926 25.0
-1.37059760 -0.57884616 0.31163484 25.0
1.17785192 0.98842341 0.69619596 25.0
-0.42227691 -1.37916553 0.31210724 25.0
0.99707842 0.54467869 -1.69108641 25.0
-1.36745226 -0.14293770 0.53847295 25.0
0.50639248 1.03889227 1.10116243 25.0
1.19640565 0.68683028 -1.61413074 25.0
-1.06435776 -1.55792367 -0.67409647 25.0
-1.06407630 -0.88295168 0.58532584 25.0
-0.42671806 1.05095553 1.11240423 25.0
1.05074179 -0.01344775 1.37647486 25.0
1.20738888 -0.63951570 -1.32893729 25.0
-1.46407795 0.48747036 -0.48751986 25.0
1.47504568 0.22682403 -0.67368186 25.0
-1.09735298 0.18489350 -1.34351158 25.0
-0.35278603 -0.62714440 0.73066181 25.0
-0.44041738 0.65024358 1.15978062 25.0
-0.04860677 -1.68993461 -0.61936074 25.0
-0.33914629 1.05940330 1.35459161 25.0
-0.12713675 0.78717434 -1.38130689 25.0
0.76929581 1.15076125 -0.00209278 25.0
-1.47559106 0.22679831 -0.48808306 25.0
-1.00909853 -1.50212991 -1.31235015 25.0
-1.10613823 0.50752163 1.19791377 25.0
0.63148761 1.03092110 1.08927107 25.0
-1.12614572 1.13133609 -0.04353670 25.0
1.41358650 -0.51270640 0.09830986 25.0
1.06852019 1.09906423 1.39887011 25.0
1.33172429 1.10117126 1.35786664 25.0
1.25780880 -1.26657677 -1.54271936 25.0
1.04381001 1.12741983 0.37141275 25.0
-1.03166080 0.35145673 1.36832476 25.0
0.43852946 0.13971287 1.50493538 25.0
-0.62447631 0.55287546 -1.40501952 25.0
1.34920132 -0.58180720 -1.20148599 25.0
-1.10603726 1.12759745 0.15779969 25.0
0.38779548 -1.33538651 -1.37855053 25.0
-0.75453401 1.05240226 0.88960487 25.0
1.11249948 1.11565053 0.67778111 25.0
0.39106584 -0.93898600 -1.38966227 25.0
-1.23788989 1.00127959 0.68428046 25.0
0.48802155 0.96714139 1.25199771 25.0
1.22893929 -0.97932559 -1.57015717 25.0
-0.08727360 -1.69006443 -0.82177031 25.0
0.59912789 0.13937436 1.49821043 25.0
-1.03405607 -1.22828901 0.46476692 25.0
1.33388305 -1.16594231 -1.61941981 25.0
1.01230061 1.11099601 0.75018287 25.0
-0.02082639 -1.10800087 0.61279488 25.0
-0.79577959 0.97244412 1.26492536 25.0
1.42359078 0.75991869 -0.32298440 25.0
-1.41977334 -1.26868188 0.15051396 25.0
1.43553281 0.20210548 0.58225411 25.0
-0.81958449 -1.22552240 -1.41446364 25.0
-0.42834827 0.06765851 1.50345325 25.0
1.02014983 1.12660480 0.47618857 25.0
-1.28665304 1.10316825 1.31761408 25.0
-0.10354506 1.10318089 1.26889038 25.0
-0.76392537 1.15352631 -0.10042667 25.0
-1.33078671 1.06931090 1.29999948 25.0
0.37584203 -0.58239013 0.75518948 25.0
0.45825139 -0.06478363 -1.38585830 25.0
-1.45320904 0.07474389 -0.48815033 25.0
0.95073998 -0.88300407 0.54660451 25.0
1.09179342 0.41626480 -1.63284063 25.0
-0.38239700 0.78727305 -1.37584174 25.0
0.67268610 1.03628993 1.00517535 25.0
0.22794120 -0.79702729 0.67991185 25.0
0.10952335 -0.97421414 0.64976084 25.0
0.04420928 0.95555675 0.76385361 25.0
-0.57359755 -0.45801181 0.84264249 25.0
-0.63188607 0.96974206 1.16364503 25.0
-0.04712975 -1.69123685 -0.82688290 25.0
1.05895710 -0.64190739 -1.34179556 25.0
-1.21584654 0.97945869 0.68485516 25.0
1.33300591 -1.23285997 -1.53771281 25.0
-1.04409349 -1.41103840 -1.31927776 25.0
-1.25112367 -1.16929996 -1.70254838 25.0
0.61853749 1.15395498 0.06116115 25.0
-0.68228102 -1.64556468 -0.47664294 25.0
1.23668575 -0.96080309 -1.50804794 25.0
0.78382349 -0.29735324 -1.36621320 25.0
-0.37200406 -1.25620651 0.46416488 25.0
1.39750504 -0.92835039 0.47127104 25.0
-1.25077009 1.13417339 1.38641930 25.0
-0.46394464 -0.62377679 0.72036177 25.0
-1.36439204 -1.15784121 0.40477535 25.0
0.48729873 1.03703284 1.33007407 25.0
-0.82033336 -1.60678172 -0.32137913 25.0
-0.98468041 -1.34622383 -1.36020195 25.0
-1.23167443 -1.43937051 -1.28675961 25.0
0.07134397 1.14535677 0.69380903 25.0
0.63297284 1.13408244 1.32023549 25.0
0.38571769 -1.25979424 -1.39642501 25.0
0.20381013 -1.04171777 0.62478387 25.0
-1.43545198 0.44572195 -1.14290202 25.0
1.44270360 -1.16455674 -0.53231281 25.0
0.12006448 0.30304620 -1.39570785 25.0
-0.56430668 1.14948487 1.42112863 25.0
-0.20811115 -0.97421414 0.64271969 25.0
-1.39198041 -1.39376879 -0.04226584 25.0
-0.91238940 1.14489174 -0.71592045 25.0
0.43841681 1.14571071 -0.87569559 25.0
0.03508388 -1.68268311 -0.50978482 25.0
-0.08489420 -1.68863952 -1.00416589 25.0
1.43304634 0.60506505 0.33365768 25.0
0.69705093 0.99699736 0.72742379 25.0
-1.15170181 1.13161004 1.41095972 25.0
1.05082095 0.71970689 0.94165641 25.0
0.79063803 0.29448897 1.44050992 25.0
0.70115888 1.15019166 1.38018930 25.0
0.60138375 -0.97574049 0.53189808 25.0
1.36658657 -1.35476458 -0.63284874 25.0
-1.33732808 1.00536513 0.49748287 25.0
-1.28375435 -0.12839301 0.77785552 25.0
-1.39546347 0.13736527 -1.20312691 25.0
-0.10189565 -1.55564916 0.11464704 25.0
0.69885671 0.73766929 1.00385737 25.0
0.62179458 -0.69991452 -1.37519264 25.0
-0.79709291 0.95349222 1.16457629 25.0
-0.57789779 -0.08377124 1.42439413 25.0
-1.22495461 1.11481535 0.36302191 25.0
-0.26022065 1.15681243 -0.00626438 25.0
-1.00666630 1.09972167 0.77174354 25.0
0.44821462 0.61004925 1.20831466 25.0
-0.27428570 0.48202878 1.33555174 25.0
-0.02971343 -1.68268311 -0.50978482 25.0
-0.28432488 0.98347670 0.73195350 25.0
0.33740824 1.13662386 0.76357788 25.0
-1.45158815 -1.06213868 0.22573374 25.0
-1.37326622 -1.09148645 0.43256798 25.0
-1.18220651 -0.92669636 -1.38247764 25.0
-0.63190180 1.13542807 0.69011199 25.0
1.37276888 0.38047445 0.75823253 25.0
-0.51577920 1.03921652 0.82290757 25.0
-1.45044529 -1.09827650 0.06871798 25.0
-1.42332697 0.07250549 0.46410143 25.0
-0.98657721 1.13018394 0.37240878 25.0
0.68528169 0.26999503 -1.37619853 25.0
-0.29972768 -0.77572900 -1.38880694 25.0
1.11433196 1.09788823 -0.97732520 25.0
1.24434805 1.10924828 0.48306438 25.0
1.11277223 1.04159236 -1.22531497 25.0
0.93909848 0.70358586 -1.47353029 25.0
-0.74805003 0.06616177 1.49012160 25.0
1.42869735 0.07250549 0.46410143 25.0
0.38779548 -1.33538651 -1.37855053 25.0
1.39439452 -0.95782900 0.46661595 25.0
1.06321096 1.12832737 0.26303512 25.0
-0.63188607 0.96974206 1.16364503 25.0
1.32098091 1.05135643 0.53303236 25.0
0.31374109 -0.94122618 0.64472401 25.0
-0.93141901 -0.37161306 -1.35309315 25.0
0.11971305 -1.64420640 -0.27453333 25.0
-1.29575789 -0.07004617 -1.31053746 25.0
1.14371622 0.76747912 -1.40629268 25.0
-0.02000411 -1.14127779 0.59810710 25.0
1.46074176 0.07406450 0.00353502 25.0
0.50008893 0.93412030 -1.36013210 25.0
1.39119256 0.60482657 -1.41691291 25.0
0.76933247 1.15598130 -0.17941515 25.0
0.78741920 1.07183790 1.13334060 25.0
-1.34744620 0.54483539 0.66469938 25.0
-0.45028749 -0.70025837 -1.38312912 25.0
1.16239798 -0.58308864 0.61792576 25.0
-0.69348621 0.73766929 1.00385737 25.0
1.41226661 -1.35476458 -0.05773016 25.0
1.45904624 0.44572195 -0.87896705 25.0
0.98641300 0.23724091 -1.35224438 25.0
1.10805833 0.20989080 -1.34325778 25.0
1.15603530 1.12121093 0.36328566 25.0
-0.55657369 -1.66421366 -0.79464698 25.0
0.29231745 -1.42892206 0.30262485 25.0
0.46952760 1.15157247 0.26117831 25.0
-0.38172057 0.76832438 -1.38151193 25.0
-1.18576086 1.11266458 1.40313077 25.0
0.92235255 1.14118075 0.06660865 25.0
-1.42256689 0.64221013 -0.87587553 25.0
-0.76392537 1.15061712 -0.00224200 25.0
0.03006848 -0.87397671 0.67668307 25.0
1.44594610 -1.16455674 0.02012329 25.0
-0.09306920 0.14941746 -1.39833558 25.0
-1.36990988 0.34584713 -1.41870666 25.0
0.44578782 0.65024358 1.15978062 25.0
-0.70034307 0.99126858 1.28522778 25.0
-0.57048118 -0.23978293 1.23502696 25.0
-1.20963395 -0.54080421 0.57163298 25.0
-1.07861698 -1.55749309 -0.41067871 25.0
-0.12256817 0.99409831 1.17497635 25.0
1.27570760 -1.32589483 -1.33136392 25.0
-1.13834572 0.76747912 -1.40629268 25.0
0.63713962 0.95134640 1.18265414 25.0
-0.34010470 0.95779324 1.18811691 25.0
-1.12652302 1.13782668 -0.28424942 25.0
-1.18620408 -1.13908136 -1.74967003 25.0
-0.59795976 1.00259805 0.73338020 25.0
0.31374109 -0.94122618 0.64472401 25.0
0.79042250 0.43759224 1.35075665 25.0
0.62887812 0.93809736 0.74221897 25.0
0.28969532 0.98347670 0.73195350 25.0
0.72370857 1.08518457 0.94426435 25.0
1.41730189 0.13593155 0.58012176 25.0
0.64114743 -0.99486220 -1.39043367 25.0
0.83031219 0.55220133 -1.42884564 25.0
0.34958801 -1.58356488 -0.09216434 25.0
-0.27267769 -0.29743969 -1.39286768 25.0
1.46073842 -1.06458914 -0.20520955 25.0
-1.40427542 -1.35231674 0.08404474 25.0
1.33299732 -1.19926631 -1.58426130 25.0
0.89526099 -1.56275594 -1.29433167 25.0
1.16487598 1.10604870 0.72503453 25.0
0.55983067 -1.66386378 -0.88748360 25.0
-1.43369079 0.44814616 0.50509095 25.0
1.08444953 -1.55689740 -0.34413654 25.0
0.96679270 0.33044595 -1.37289774 25.0
-1.13542080 0.58518803 1.07678890 25.0
-0.40007135 1.08349121 0.77153975 25.0
-0.26409689 1.03491545 -1.34576452 25.0
-1.36286008 0.95709711 -0.92987436 25.0
-1.17837334 1.03270137 0.70600700 25.0
1.48824346 0.36361951 -0.32327464 25.0
-1.18945169 1.09932458 1.39091229 25.0
1.43304634 0.60506505 0.33365768 25.0
-0.33762345 1.15405715 1.42512047 25.0
-0.56984407 -0.31479764 1.10789430 25.0
-1.46391141 0.13652328 -0.15454628 25.0
-0.04126701 -1.64794886 -0.25024980 25.0
-0.01273142 -1.67531884 -1.21805739 25.0
-0.12358922 0.97780615 1.17047596 25.0
0.95320535 1.11281955 0.75214154 25.0
-1.44570851 0.00318312 -0.48815164 25.0
-0.93699658 0.35471511 1.39349627 25.0
1.45789933 -0.85661119 0.10903723 25.0
1.01116085 -1.01395345 -1.58843458 25.0
-0.57423890 -0.51950866 0.74292535 25.0
-0.48263022 0.98096490 1.27214646 25.0
-1.43494630 -0.14536181 -0.15597901 25.0
1.20641732 -0.51478285 -1.33014059 25.0
0.13251664 -1.33528829 -1.38402593 25.0
-1.47170520 0.20247674 -0.48811755 25.0
-1.18061423 1.12723660 1.32951796 25.0
1.15521419 -0.88107502 0.61847806 25.0
-1.16200984 0.96514785 1.16921890 25.0
1.18919563 1.13373840 -0.56748790 25.0
0.80081332 0.94951487 1.22248352 25.0
-0.22628890 -1.25620651 0.51482058 25.0
-1.45190024 0.56702209 -0.48731956 25.0
-1.00008237 0.19584218 1.43918288 25.0
-1.19811535 1.09133482 0.72871464 25.0
-0.10354506 1.10318089 1.26889038 25.0
-1.39182305 -1.23256457 -1.15347481 25.0
-1.42268384 -0.14536181 0.25323284 25.0
1.42747414 0.53042525 0.47077158 25.0
-0.33654696 1.03050411 0.72032613 25.0
-1.17091274 0.00643452 -1.33737600 25.0
0.34397730 1.07886124 1.37751758 25.0
0.10025458 1.06863594 1.22295427 25.0
-0.29972768 -0.77572900 -1.38880694 25.0
-0.76765335 0.84163326 0.80828053 25.0
-1.41497266 -1.31272328 -0.06149426 25.0
-0.51818132 1.00619400 0.73401994 25.0
1.39814484 -0.36969119 -0.94631726 25.0
-0.37557474 0.94928443 0.74658644 25.0
1.19079018 -1.23891330 -1.62550890 25.0
1.29969358 1.09392762 0.42527536 25.0
1.19108725 1.13391459 -0.28349024 25.0
1.35460854 0.81999296 -1.15678644 25.0
-1.46793318 -0.96858591 -0.00768907 25.0
0.39467552 0.42672771 -1.40287209 25.0
-0.67543876 -1.65297663 -0.87376291 25.0
1.37528038 0.34584713 -1.41870666 25.0
0.92790765 0.94489378 1.19855237 25.0
-1.41093194 0.72206134 0.30975187 25.0
-0.21752846 1.14894462 0.54136783 25.0
1.13238990 0.91144019 -1.31238484 25.0
-0.62295920 -1.31589365 -1.37730801 25.0
-1.33051002 1.00845909 1.25503206 25.0
-1.24833417 1.11834550 0.06712451 25.0
1.43059969 -1.23266912 -0.55970711 25.0
1.28735757 1.06709445 1.34006739 25.0
0.00268522 -0.62588787 0.75670642 25.0
1.33352017 1.10226715 1.33690202 25.0
-1.47045910 0.40382287 0.25554478 25.0
-0.02739415 -1.69071007 -0.92726749 25.0
0.09605985 0.48195833 1.34046793 25.0
-0.02888418 -1.68895209 -0.59916168 25.0
-1.21858823 1.12185144 0.06552096 25.0
0.05076146 -1.68981075 -1.01020920 25.0
1.26236939 0.33860287 -1.40761411 25.0
-0.66179246 1.11231196 0.80057794 25.0
-1.10896146 1.09788823 -0.97732520 25.0
-1.26092482 0.57153243 -1.72951591 25.0
-0.59682286 1.14865232 0.37172988 25.0
-1.45545304 0.22495508 0.46686560 25.0
0.73832506 -1.38891232 -1.35544145 25.0
-0.92643225 0.98394686 0.70846528 25.0
-0.79921091 0.96500969 1.15963817 25.0
-0.38063031 0.67051160 -1.38935173 25.0
-0.60804731 -1.46798301 -1.35103393 25.0
-1.47203338 0.44572195 -0.32322630 25.0
-1.19979072 -0.58401304 -1.32956636 25.0
-0.33579081 -1.67557168 -0.98443419 25.0
0.68080920 -1.65297663 -0.87376291 25.0
-0.34011477 0.98310441 1.27395952 25.0
-0.76392537 1.15197992 -0.04884664 25.0
0.93100101 -1.08671689 0.49440271 25.0
1.18539310 1.06508291 0.72991514 25.0
1.06044126 0.63274729 1.08913898 25.0
-0.63171017 0.99344802 1.28707623 25.0
-1.27715397 -0.64662302 0.49899778 25.0
-1.13073635 -1.15118134 0.53861582 25.0
-0.47925022 1.12332582 1.42497230 25.0
-0.95832616 1.12936318 0.47746477 25.0
-0.90911561 0.19829370 1.46478236 25.0
-1.08495438 0.34897810 1.33997238 25.0
-0.22257078 -0.79702729 0.67991185 25.0
0.11915422 0.95436281 0.76037800 25.0
1.40103841 0.89780617 0.09683740 25.0
-0.69808161 1.13195610 1.31885087 25.0
-1.07850862 1.11682951 1.30813670 25.0
1.06872141 0.99946731 0.70167422 25.0
-1.34764183 0.75447333 -1.30980611 25.0
1.15457988 -0.94910574 0.60612625 25.0
0.12290987 -1.42792284 0.36228806 25.0
-1.05507076 0.63274729 1.08913898 25.0
-1.27715397 -0.64662302 0.49899778 25.0
-1.16995943 1.12353384 0.15591195 25.0
-0.41916561 0.90478355 0.77322042 25.0
1.47582960 0.40382287 0.25554478 25.0
1.48824346 0.36361951 -0.32327464 25.0
-0.17987998 -1.14127779 0.58591419 25.0
-1.47621775 0.40382168 0.14046404 25.0
1.47238529 -0.93080807 0.04579712 25.0
1.45112908 -1.13155401 -0.02083009 25.0
-0.11390198 -1.63972580 -1.29473805 25.0
0.03220301 -1.68964052 -1.01540506 25.0
-0.07296512 -1.29826701 0.49940285 25.0
-0.83140993 -1.62362719 -0.74576443 25.0
0.19186670 -1.10800087 0.60060191 25.0
-0.46856418 -1.04171777 0.56761318 25.0
-0.42988476 1.09701061 -1.15199399 25.0
1.06339300 0.94764996 1.18037784 25.0
-1.41121924 -0.36969119 0.13098365 25.0
0.34081495 -1.38968503 -1.36982358 25.0
0.87243837 -0.16264367 1.32680881 25.0
0.92235255 1.14557493 -0.09624384 25.0
-0.12355416 1.02027309 1.31239700 25.0
0.01532393 -1.67071140 -0.40610376 25.0
1.13337862 -1.18642867 0.52116120 25.0
0.27759215 0.56820691 1.25972128 25.0
-0.00797541 -1.68782866 -0.58353800 25.0
-1.36349595 0.44685009 -1.59564853 25.0
-1.19103527 0.68683028 -1.61413074 25.0
-1.43170404 -1.19782877 -0.54185867 25.0
-1.47799683 0.22665846 -0.15468930 25.0
0.61895192 0.80962193 -1.36572218 25.0
1.18278944 0.97223157 1.25294137 25.0
1.06339300 0.94764996 1.18037784 25.0
-1.35280025 -0.29685944 -1.20313764 25.0
-0.38034722 -1.25979424 -1.39642501 25.0
1.17291605 0.41362271 -1.63465512 25.0
-1.42567110 0.00318312 -0.94648468 25.0
1.41999507 -0.68751240 0.10577475 25.0
-0.75623268 1.13953197 -0.86189336 25.0
-1.41069329 0.60482657 -1.14165139 25.0
0.63713962 0.95134640 1.18265414 25.0
1.48318112 0.22623886 0.00738991 25.0
-1.11148489 -1.26742709 0.47187683 25.0
1.29502571 -1.39355838 0.22927120 25.0
-0.51109725 -0.87109542 0.60727108 25.0
1.24235058 1.11996818 0.06595135 25.0
-0.68205303 -1.65207112 -0.58193642 25.0
-1.36349595 0.44685009 -1.59564853 25.0
-0.69866437 -1.22290349 0.41138464 25.0
1.43472683 -1.23266912 -0.00463407 25.0
0.71160537 1.01943088 1.14914262 25.0
-0.61742502 -1.65249157 -0.48654836 25.0
-1.06072497 -1.55711663 -0.89034200 25.0
-1.36788118 -1.35476458 -0.49721408 25.0
-0.08956670 0.24548337 1.48937595 25.0
0.41603446 -1.17612576 0.51185375 25.0
-0.02297173 -1.00803244 0.64605886 25.0
1.43572855 0.64244008 0.23757152 25.0
-0.32603747 0.80165696 0.91178596 25.0
1.37994814 0.71815246 -1.33287358 25.0
-0.55654562 1.15255761 0.15388235 25.0
0.63712877 0.94992596 1.20299315 25.0
-1.26052904 0.96495897 0.65555567 25.0
1.40728581 -0.58133215 -0.67922676 25.0
-0.25618467 1.12592661 0.78798157 25.0
0.77302378 0.84163326 0.80828053 25.0
-0.51577920 1.03921652 0.82290757 25.0
-1.11642027 0.38591734 1.29305863 25.0
-1.19770396 -1.18338478 0.51874983 25.0
-0.91744816 -1.15397286 0.46551576 25.0
1.01036346 -0.63606542 0.63927376 25.0
1.03386319 1.12439227 -0.84591359 25.0
1.29054821 0.99237454 1.19834054 25.0
-1.18571663 1.13391459 -0.28349024 25.0
0.12006448 0.30304620 -1.39570785 25.0
0.60501784 1.15859890 -0.10399406 25.0
-0.43748409 1.16223180 -0.18534398 25.0
-1.46373451 0.13593479 0.00797095 25.0
0.04841456 -1.67545104 -1.21321487 25.0
1.25107694 1.07064688 0.69118071 25.0
0.61388433 -0.44501600 -1.37758934 25.0
1.44063914 -1.19782877 -0.11077172 25.0
1.42032373 -1.31272328 0.03363844 25.0
-1.43513381 -1.19782877 0.05021147 25.0
1.43134904 0.71656913 0.13230272 25.0
0.05167611 -1.69088042 -0.92250091 25.0
-0.41568458 -0.31482837 1.11262774 25.0
1.43456697 0.60482657 -0.87653476 25.0
1.41039968 -0.22091556 -0.94647610 25.0
-0.85521555 0.35140070 -1.38156724 25.0
-1.40447581 -1.35476458 -0.23662500 25.0
-0.11771573 1.13006723 1.31089509 25.0
1.42514384 -1.26868188 0.15051396 25.0
1.14126825 0.99330837 0.70006424 25.0
-1.23828566 1.08683884 0.67643803 25.0
0.42978707 1.10000372 1.17201555 25.0
0.00268522 -1.10800087 0.61403030 25.0
0.62992233 -1.33551145 -1.37158608 25.0
-0.04126701 -1.64794886 -0.25024980 25.0
-1.43448412 0.67950428 -0.04467950 25.0
0.13208215 0.74102908 -1.39353287 25.0
-1.05673814 -0.31585097 0.98706561 25.0
0.23165932 -1.25620651 0.51482058 25.0
0.34296900 1.15917647 1.38803470 25.0
-1.05529666 -0.37112489 -1.34361696 25.0
-1.13576925 0.83894718 -1.32217813 25.0
-1.41913593 -0.29682845 -0.15606478 25.0
0.11757652 1.11733937 1.29079032 25.0
0.30420706 1.04911578 0.71766669 25.0
0.76179957 0.13790321 1.49158704 25.0
-1.09033275 -0.96542937 -1.51697373 25.0
-0.02900492 -1.68649173 -0.55679524 25.0
-1.03933966 1.14429295 -0.42569005 25.0
0.76499069 1.10799849 0.79338390 25.0
0.41603446 -1.17612576 0.51185375 25.0
0.84553820 -0.99427903 -1.40077567 25.0
0.92695618 -1.35220039 -1.35984993 25.0
0.30882296 -0.97421414 0.63620466 25.0
-1.45020926 -1.09827650 0.12715912 25.0
1.43224382 0.71656913 0.04509276 25.0
-1.36786461 -0.14515635 -1.20319462 25.0
-1.21089780 0.17376699 1.15240908 25.0
-1.43891120 0.64221013 -0.48710561 25.0
0.27293983 1.16206193 -0.18650319 25.0
1.25429511 0.74413896 -1.45342731 25.0
0.10564250 0.93386507 -1.37247169 25.0
-0.12654115 0.67042363 -1.39486861 25.0
1.42429471 -0.29682845 0.00391058 25.0
-0.46439791 0.21729729 -1.38537967 25.0
0.11123970 -0.94139880 0.65828013 25.0
-1.07072508 -0.76831335 -1.33975756 25.0
-0.96855086 0.18728828 -1.35298729 25.0
-0.38931704 -0.99477750 -1.39749014 25.0
-1.47828138 0.40381896 0.00459163 25.0
1.11984348 1.11904013 -0.84239346 25.0
1.33541346 1.02868009 1.27561545 25.0
-0.95684266 -0.99174446 -1.46124101 25.0
-0.06439046 -1.64828396 -0.26835269 25.0
0.93725097 0.43362030 1.33874726 25.0
0.62608755 -1.19199300 -1.39980626 25.0
1.19546807 0.87945849 0.67074287 25.0
-1.30076694 -0.97924304 0.54585683 25.0
1.06056237 0.95348763 1.16702855 25.0
-1.26582289 -1.26245165 0.42288297 25.0
1.35010505 1.04432058 -0.89816570 25.0
-0.28409392 0.21723896 -1.39241147 25.0
-0.38079426 -1.29023874 -1.38989484 25.0
0.98299283 1.05948150 0.73180270 25.0
0.77719885 -1.51161623 0.10075647 25.0
0.79637784 0.99157345 0.71774149 25.0
-1.14753759 -0.29705885 -1.33733845 25.0
-1.15674174 0.96059841 1.23695278 25.0
0.34299389 1.14691949 1.43374491 25.0
-1.05298638 0.65642399 -1.67987835 25.0
1.44665837 0.13671945 -0.94643438 25.0
1.02193582 -1.55498970 -1.28192091 25.0
-1.21584654 0.97945869 0.68485516 25.0
-1.15150988 0.46055356 1.18994558 25.0
0.40500322 -0.97421414 0.62398309 25.0
-1.05996120 -1.55780566 -0.77999210 25.0
-1.09750676 0.97009391 0.70532686 25.0
-1.14498949 0.25517753 1.31832719 25.0
1.46041441 0.22692689 -0.94500250 25.0
0.81731719 0.80873924 -1.36055899 25.0
-1.25580990 0.96022838 1.20994377 25.0
-1.40537131 -0.44010991 -0.67773807 25.0
-0.64002120 0.39317748 -1.39041138 25.0
-1.17171025 1.12553644 0.06602157 25.0
1.00822794 1.02445710 0.70494479 25.0
0.55562085 -1.10982013 0.48956904 25.0
-0.62133819 -1.15797019 -1.40091360 25.0
-0.09926661 -0.77568269 -1.39432168 25.0
-0.16400602 -1.21459913 0.54762286 25.0
1.21508300 -1.38352120 0.31252554 25.0
-1.20396888 -0.37050784 -1.33073962 25.0
1.08816314 -0.01642673 1.32962906 25.0
0.74639970 0.78936911 0.89299554 25.0
-1.40532506 -0.63632202 0.12105978 25.0
-1.03827584 1.12287140 0.58231974 25.0
-0.60342467 -1.65653610 -1.06248546 25.0
-1.22131789 -0.87905312 0.61467814 25.0
-1.40825260 0.82272112 -0.16987404 25.0
-0.97847861 1.05322313 1.21512651 25.0
-0.86103088 -0.31445450 1.09347165 25.0
-0.79803294 1.13003802 1.31817377 25.0
-1.23424685 -1.48546481 -0.84703153 25.0
0.13218695 -1.31567454 -1.38979781 25.0
-1.26376069 0.32021722 -1.35466504 25.0
-1.09264517 1.08864427 1.27612281 25.0
1.39723480 -1.39376879 -0.18665399 25.0
1.42514384 -1.26868188 0.15051396 25.0
-1.25293720 -1.13612092 -1.72725689 25.0
-1.46154845 0.13671945 -0.48814473 25.0
-0.10733676 -0.91158509 0.66461217 25.0
1.06707859 0.23573282 1.39690459 25.0
-0.92516989 1.00688469 1.30011404 25.0
-1.16304469 -1.34585190 0.40555149 25.0
-0.09352942 0.19182089 -1.39820242 25.0
-0.08339442 1.15073431 0.33868861 25.0
-1.42944551 -1.08112299 0.33480808 25.0
-1.02871597 -0.16406123 1.25210929 25.0
0.09379558 1.16192842 -0.18741460 25.0
-1.34383082 -0.58180720 -1.20148599 25.0
-0.93316811 0.92284280 0.73431075 25.0
1.22872925 0.96114194 1.22675622 25.0
-0.93064576 -1.22217071 -1.50720429 25.0
1.13346231 -1.27145815 -1.57087719 25.0
0.39456049 1.06812191 1.12229657 25.0
1.14047348 -1.36897111 -1.31994236 25.0
1.41301870 0.82272112 -0.32293648 25.0
-1.35698926 0.84414363 0.41655976 25.0
1.26589954 0.96495897 0.65555567 25.0
-1.44765544 0.48747036 -0.87836921 25.0
1.43431270 0.48747036 -1.14580321 25.0
1.10533607 -1.30996954 0.44193342 25.0
1.24419868 0.07784197 -1.33084154 25.0
1.18278944 0.97223157 1.25294137 25.0
0.50932568 -0.91065079 0.60040033 25.0
0.04562087 0.91618794 0.79496467 25.0
-0.76931000 -1.46377456 -1.33953452 25.0
0.11123970 -0.94139880 0.65828013 25.0
-1.07182240 0.51015615 1.21945047 25.0
-1.28307176 1.04774451 1.31730783 25.0
-1.38034487 0.00362046 -1.20320857 25.0
-1.15100741 1.13686419 1.40464687 25.0
-1.00989521 0.59675747 1.16347098 25.0
0.69068933 1.12271881 0.75918657 25.0
-1.46156847 0.22525863 0.37962630 25.0
-0.85866112 -1.31326807 0.36871764 25.0
-1.23628187 -0.70768636 0.57719499 25.0
-1.46777749 -0.96858591 -0.20464148 25.0
0.43004513 -0.00747741 1.47942054 25.0
1.26589954 0.96495897 0.65555567 25.0
1.07266247 1.00638223 1.29605687 25.0
-1.44082928 0.64221013 -0.32308629 25.0
0.77468044 -1.46377456 -1.33953452 25.0
-1.40537131 -0.44010991 -0.67773807 25.0
0.70731020 1.10754967 1.25015497 25.0
-0.86359406 1.07183146 1.20138240 25.0
0.56976390 0.30316854 -1.38316679 25.0
-0.38919008 1.06812191 1.12229657 25.0
1.47314787 -0.96858591 -0.20464148 25.0
1.35722136 1.06422615 0.15388897 25.0
-1.20262074 0.23264490 -1.33641577 25.0
1.46073055 -1.06458914 0.03005939 25.0
1.08080292 -0.06796326 -1.34372485 25.0
0.79637784 0.99157345 0.71774149 25.0
-0.73470664 -0.46055615 0.82909381 25.0
-0.91878998 1.12462068 1.42189217 25.0
-0.93380582 0.62813634 -1.51787031 25.0
1.23627508 0.52858877 0.96094155 25.0
0.98641300 0.23724091 -1.35224438 25.0
-1.20793498 0.26018828 -1.33569431 25.0
-0.05967984 1.09101295 0.75260317 25.0
1.44555020 0.52802211 0.38531873 25.0
0.09521492 -1.14127779 0.59295529 25.0
1.24326038 1.00127959 0.68428046 25.0
-1.39475024 -0.63623774 0.22578309 25.0
-0.48236614 0.97399300 1.16724730 25.0
-0.77802992 -0.87931830 0.53057426 25.0
-1.29575789 -0.07004617 -1.31053746 25.0
0.34505486 -1.58241808 -1.33523965 25.0
1.42678154 0.40416324 -1.37998605 25.0
1.42429471 -0.29682845 0.00391058 25.0
0.04869784 0.98832244 0.74033070 25.0
0.38776740 0.78727305 -1.37584174 25.0
-1.28307176 1.04774451 1.31730783 25.0
-1.09539783 0.23401682 1.37406242 25.0
-0.26831451 0.20297831 1.49791110 25.0
0.38612318 0.70774674 -1.39007556 25.0
-0.95954823 -0.08651162 1.38051367 25.0
-0.56719446 1.00569916 1.16457427 25.0
0.70981276 -1.57283854 -0.10095922 25.0
1.22657192 -0.94685614 0.60308987 25.0
0.48669878 -1.25835037 0.40990514 25.0
0.26733059 0.06761783 1.51055849 25.0
0.01518986 -1.49815178 0.25797224 25.0
0.00268522 -1.00803244 0.64729434 25.0
0.00268522 -1.00803244 0.64729434 25.0
0.96377498 0.08203460 -1.35319662 25.0
1.09484971 1.01353455 1.19264698 25.0
-0.83554512 -1.35286605 0.33687770 25.0
1.46858597 0.28657785 0.45466349 25.0
0.00268522 -1.07499552 0.62726068 25.0
1.17414951 -0.03069014 1.13938296 25.0
1.44058418 -1.19782877 0.01122941 25.0
0.92416042 1.12462068 1.42189217 25.0
1.44686449 0.64221102 -0.04022687 25.0
1.43573010 -0.76083124 -0.50905538 25.0
-1.38541424 -0.99059027 0.45988047 25.0
-1.05979598 0.77144945 -1.40994918 25.0
1.39349616 -0.22091556 0.40911630 25.0
1.47451282 0.22548392 0.27145085 25.0
1.33468103 1.08677804 1.32030106 25.0
-1.39556718 0.89780617 -0.32288167 25.0
1.21626830 0.17376699 1.15240908 25.0
-0.82494175 0.55220133 -1.42884564 25.0
-1.28517783 0.99237454 1.19834054 25.0
-1.41495323 -1.31272328 0.03363844 25.0
-1.45929086 -0.96857309 -0.69460100 25.0
1.24074709 1.00289583 -1.26529324 25.0
0.28196171 0.32575816 1.44461203 25.0
1.05959558 0.84320372 -1.32818997 25.0
-0.45069966 0.40093541 1.39282811 25.0
0.28509879 0.08557326 -1.39288735 25.0
1.44011629 -0.14536181 0.00224085 25.0
1.41208184 -0.36969119 -0.67574871 25.0
-0.97682893 0.91929203 0.73226017 25.0
0.38774905 0.55277753 -1.41214752 25.0
-0.09161214 -0.06482837 -1.39842296 25.0
-0.79227310 1.14573610 1.35651314 25.0
-0.92854112 0.96371984 1.15926754 25.0
-0.42441666 1.10000372 1.17201555 25.0
-1.05576634 -1.55207491 -1.19566011 25.0
-0.37128901 -1.35676301 -1.37327456 25.0
0.17557392 1.09077942 0.75156713 25.0
-0.55654562 1.15255761 0.15388235 25.0
-1.46327484 -0.99803704 -0.36305875 25.0
0.94371045 0.54927140 -1.54263783 25.0
1.05295491 -1.21206844 -1.68612552 25.0
0.74178725 1.09826136 0.82083607 25.0
1.25466383 1.02038610 0.68692750 25.0
1.27011025 0.23123577 -1.32990479 25.0
0.94781011 -0.95125186 0.53310704 25.0
-1.06407630 -0.88295168 0.58532584 25.0
-0.97326118 0.21241516 -1.35273182 25.0
0.74725747 -1.08206344 0.47893780 25.0
-1.24892461 0.74413896 -1.45342731 25.0
1.35600400 -0.29440391 0.46462059 25.0
-0.08842080 1.15668666 -0.00647878 25.0
0.44836959 0.24559352 1.47691619 25.0
1.46340847 0.52799278 -0.48742059 25.0
-1.01026189 0.23776300 1.42556977 25.0
0.19919851 -1.68438244 -0.65091628 25.0
1.43224382 0.71656913 0.04509276 25.0
1.20630026 -1.14825547 0.53607601 25.0
-1.25889671 -1.30469298 0.39318159 25.0
1.44633996 0.32784912 -1.15360856 25.0
-0.38045186 -1.15786612 -1.40802133 25.0
1.37492132 -1.31054449 -1.16414464 25.0
0.23165932 -1.25620651 0.51482058 25.0
0.42978707 1.10000372 1.17201555 25.0
-0.11396931 -1.61653030 -0.12222113 25.0
-1.20684898 1.08839536 1.28706264 25.0
0.76951760 -0.58241254 0.65074939 25.0
-1.45065773 -1.09827650 -0.20523013 25.0
-0.90043724 -0.86949575 -1.36504781 25.0
-0.05046565 0.86442578 0.84542567 25.0
1.10639834 0.54958075 1.15916705 25.0
1.46476293 -1.03076625 0.13569182 25.0
-0.98748004 0.73118633 -1.51743019 25.0
-1.12809193 -1.27145815 -1.57087719 25.0
0.37573427 -1.07499552 0.59509587 25.0
0.67262459 -1.61919677 -1.24841321 25.0
0.79146731 1.14342833 0.26270401 25.0
-1.35185075 1.06422615 0.15388897 25.0
-1.41160548 -1.27104163 -0.73801619 25.0
-1.44157958 -0.07116383 -0.15607010 25.0
-1.41245341 -0.63635015 -0.18783620 25.0
0.24668443 1.04879427 0.71755832 25.0
0.99707842 0.54467869 -1.69108641 25.0
-0.41765478 -0.87056631 0.64570522 25.0
-0.81116635 -1.39291179 0.29556215 25.0
-0.62553102 -1.08893538 -1.40277112 25.0
-1.31582129 0.13893025 -1.31045568 25.0
0.88993722 0.85530567 -1.34632897 25.0
-1.11339879 0.42480993 1.26382446 25.0
1.12398160 1.12307906 0.36719871 25.0
0.75281131 0.96592551 0.72345877 25.0
-1.48467517 0.28705788 0.00426931 25.0
1.33405221 0.66621107 0.59326988 25.0
-1.41188562 -0.63635015 -0.34619436 25.0
-0.22628890 -1.25620651 0.51482058 25.0
-1.14920938 -0.94910574 0.60612625 25.0
-0.09146668 0.32570228 1.44994581 25.0
-0.93079841 1.12869620 1.31896234 25.0
0.91467625 -0.63738573 0.61685795 25.0
0.09522142 -0.37253696 -1.39831126 25.0
0.00268522 -1.42932045 0.37247095 25.0
-0.33544451 -1.38968503 -1.36982358 25.0
0.42453608 0.90478355 0.77322042 25.0
-0.63120973 0.46806154 -1.40122926 25.0
-0.93419296 0.39423943 1.36853898 25.0
1.35633218 -0.43768066 0.38356709 25.0
-0.56836355 0.96491146 1.25010812 25.0
-0.26196015 0.06761783 1.51055849 25.0
-1.05842769 1.09846866 0.76975089 25.0
1.15932250 -0.22026494 -1.33735931 25.0
-0.46121478 -1.30050278 0.38078594 25.0
1.06210864 -0.31585097 0.98706561 25.0
0.51438433 1.11990142 0.79767996 25.0
0.45110571 0.99582940 -1.35759580 25.0
1.15506387 1.11756873 0.56726867 25.0
-0.47543538 1.11511707 1.25690818 25.0
-0.56836355 0.96491146 1.25010812 25.0
0.51438433 1.11990142 0.79767996 25.0
-1.32810616 -1.26617730 -1.48101413 25.0
1.09069145 1.10375535 1.29342508 25.0
0.46658525 -1.30050278 0.38078594 25.0
0.96858841 1.08862305 1.26056647 25.0
-1.13040686 -0.63354170 0.64444298 25.0
1.37863684 -1.09148645 0.43256798 25.0
0.48589161 1.07666147 1.37561870 25.0
-1.37947857 0.90101868 0.27572706 25.0
-1.29223418 -0.97624683 -1.55013752 25.0
1.08434820 0.28615129 1.37395597 25.0
1.21508300 -1.38352120 0.31252554 25.0
-1.34719026 -0.44036457 -1.20250189 25.0
-1.08834946 0.62970245 1.06856084 25.0
-0.09066499 -0.21919481 -1.39841950 25.0
1.24977922 0.40464857 1.05151212 25.0
1.29502571 -1.39355838 0.22927120 25.0
1.41097236 0.20322518 -1.20280743 25.0
-1.45536017 -1.06458914 0.03005939 25.0
1.30909562 0.97329712 1.22205293 25.0
-0.02683257 -1.68964052 -1.01540506 25.0
-0.12278774 1.11339068 1.41589153 25.0
1.09746170 0.14311667 -1.34364045 25.0
1.48129797 0.40381533 -0.48771450 25.0
-0.68240982 -1.65129328 -0.55921131 25.0
1.42793059 -1.27113128 -0.15942396 25.0
0.43846625 1.11043787 0.79932809 25.0
-0.11469405 0.30304620 -1.39570785 25.0
-0.62742460 1.14017308 1.42785454 25.0
0.10088274 0.24226119 -1.39743912 25.0
-1.06551170 -0.92132038 0.57884991 25.0
-1.22389114 -0.91717499 0.60958558 25.0
1.42531002 -1.16455674 -0.91319561 25.0
-1.39626658 -1.29558253 0.23200978 25.0
1.40163696 -1.29558253 0.23200978 25.0
-0.34546962 -1.66885626 -0.49421111 25.0
-1.20152318 0.32171106 -1.36030972 25.0
-0.77802992 -0.87931830 0.53057426 25.0
0.59519160 1.06556773 -1.26333451 25.0
1.07266247 1.00638223 1.29605687 25.0
-0.77326351 -0.58937746 -1.36492717 25.0
1.04431570 1.13670707 -0.04339899 25.0
-1.08150494 0.38814351 1.31530046 25.0
-1.42706931 -0.22091556 -0.15575512 25.0
-0.80631226 1.14703667 0.06446522 25.0
1.26282573 0.20669995 -1.33038425 25.0
-0.02044286 -1.61547351 -0.04247952 25.0
1.45272255 0.36405459 -1.13795495 25.0
0.70100474 1.14920092 1.40088975 25.0
0.70115888 1.15019166 1.38018930 25.0
-0.02864570 -1.69047654 -0.66577786 25.0
-1.36121619 -1.35476458 -0.63284874 25.0
-0.93896008 -0.98445523 0.52429217 25.0
1.46545494 -0.99558711 0.23303919 25.0
1.43663132 -1.16455674 -0.70575768 25.0
-0.19914353 0.80294257 0.92048258 25.0
-0.38789260 -1.43192387 0.24618195 25.0
0.87292647 -1.38498330 -1.34538758 25.0
-1.14969337 1.11756873 0.56726867 25.0
0.92645299 1.09956968 1.40294516 25.0
-0.42719567 -1.14127779 0.52874333 25.0
-1.00579023 -1.01395345 -1.58843458 25.0
0.51438433 1.11990142 0.79767996 25.0
-0.48986095 -0.77578789 -1.38179278 25.0
0.99685711 -0.31411412 1.04337931 25.0
1.17584026 1.11629868 0.55690193 25.0
-1.05422497 0.84320372 -1.32818997 25.0
1.19374049 1.12027490 0.25593817 25.0
1.13374865 -1.38563669 0.35264796 25.0
-1.34016109 0.32126594 -1.33645284 25.0
-0.77407408 -0.51893777 -1.36551511 25.0
1.41244459 -1.13155401 -1.15923238 25.0
1.43908477 0.56704473 0.36135146 25.0
0.90651810 1.08343923 -1.12362158 25.0
1.44063914 -1.19782877 -0.11077172 25.0
-0.55654562 1.15255761 0.15388235 25.0
1.19587052 0.98789245 1.26983404 25.0
1.47200358 0.48747331 -0.15621716 25.0
-1.41950440 0.71656913 -0.65775782 25.0
-0.03661958 -1.63959765 -1.29989254 25.0
-0.26911527 1.08654630 1.21256959 25.0
1.41990376 -0.96750355 -1.35085952 25.0
0.34397840 0.99238604 1.17254603 25.0
-1.21099639 1.07109094 1.26689780 25.0
-0.02231073 -1.04171777 0.63697678 25.0
-1.38784075 -1.39376879 -0.27519941 25.0
1.06707859 0.23573282 1.39690459 25.0
-0.64471018 1.10425615 0.83946967 25.0
1.24365616 1.08683884 0.67643803 25.0
-1.32562554 1.10534155 -0.40007177 25.0
-1.40898466 0.60788554 0.42922723 25.0
-0.79564655 0.95863593 1.24479091 25.0
-0.75253433 1.11805069 -0.99933147 25.0
-0.63015383 1.05283749 1.34896028 25.0
1.46086419 -1.06458914 -0.08916187 25.0
-0.54351211 1.15098584 0.26097286 25.0
-1.28560925 -1.11360741 0.50338709 25.0
-1.43102241 -0.76077068 0.08613738 25.0
0.81879342 1.10405469 1.26389968 25.0
-0.12635636 -1.22609353 -1.40860176 25.0
0.19599052 -1.37675798 0.41751075 25.0
-1.30327415 -0.87882757 0.56451690 25.0
-1.21542609 1.04534805 0.70844573 25.0
0.09466530 -1.68876350 -0.61530167 25.0
-0.50901389 1.11990142 0.79767996 25.0
1.42531002 -1.16455674 -0.91319561 25.0
1.33423185 1.09056389 0.10800739 25.0
0.92526352 1.13381422 0.37297672 25.0
-0.69691372 1.14155900 1.33843303 25.0
1.05437970 -1.14476871 -1.75327432 25.0
0.35085949 0.30310002 -1.39018774 25.0
1.29502571 -1.39355838 0.22927120 25.0
-1.44616508 -0.85401452 0.24612625 25.0
-1.01871622 0.94924647 0.71683854 25.0
-1.29305816 -0.05451740 0.80922163 25.0
1.43707442 -1.19782877 -0.54185867 25.0
-1.08532095 1.10375535 1.29342508 25.0
-1.46965933 0.17786013 -0.32336658 25.0
-0.02893670 -1.68796241 -0.58111572 25.0
0.61541605 0.56761998 1.24838734 25.0
-0.88707608 -1.50667310 0.09896889 25.0
-1.38945162 -0.51270640 -0.94579649 25.0
-1.01477933 1.12660480 0.47618857 25.0
1.39297926 0.37011236 -1.47482741 25.0
-1.27393854 0.49155560 -1.71734381 25.0
0.22289889 1.14894462 0.54136783 25.0
0.63575006 0.14916091 -1.37782204 25.0
-1.45456159 -1.06458914 -0.36265239 25.0
-1.31815183 1.09940171 -0.69105285 25.0
-0.26969934 1.06841111 1.19041288 25.0
0.26059335 -0.54478770 0.77214468 25.0
0.69885671 0.73766929 1.00385737 25.0
-0.26354095 1.12397039 -1.01993716 25.0
0.99483907 0.75812167 -1.45744872 25.0
-1.38250446 0.95779347 0.16260643 25.0
0.77144623 0.20095028 1.47767913 25.0
0.03371724 -1.69098592 -0.73673689 25.0
-0.37047163 -0.58239013 0.75518948 25.0
0.94110465 0.77995086 0.87045354 25.0
-0.66842860 0.93313646 -1.35231245 25.0
0.60200989 1.15790951 -0.73203009 25.0
-1.19811022 0.78630722 -1.34688687 25.0
-0.73688948 -1.51537633 -1.33445144 25.0
1.44028234 0.13413420 0.46967888 25.0
-0.04712975 -1.69123685 -0.82688290 25.0
-1.25163972 1.13505769 1.36899590 25.0
-1.45069635 -1.09827650 -0.01845212 25.0
-1.35520148 -1.43321049 -0.08928964 25.0
1.21563327 1.11051977 0.57123983 25.0
-1.02552664 1.13467324 0.06751978 25.0
-0.61464590 0.48150173 1.32346559 25.0
-0.92358488 1.13804007 1.33608210 25.0
0.84422737 -1.50828028 0.10693409 25.0
-1.36432624 1.05206978 -0.02520142 25.0
0.45286176 1.08513677 1.04432178 25.0
0.48382673 -1.65175259 -0.41800344 25.0
0.57215786 1.05495465 1.35077620 25.0
1.26236939 0.33860287 -1.40761411 25.0
0.60200989 1.15790951 -0.73203009 25.0
0.68778032 -1.65129328 -0.55921131 25.0
-1.43381858 0.64221013 -0.65840143 25.0
-1.44741809 0.07474389 -0.67407668 25.0
-1.39079833 -1.31194425 -0.95162117 25.0
0.92119557 1.15040779 -0.57713348 25.0
0.56194413 -1.66421366 -0.79464698 25.0
-1.21668208 0.45208770 -1.69338834 25.0
1.12837136 1.12655044 0.15760270 25.0
-0.78713530 -0.14188269 -1.36623442 25.0
-1.39626658 -1.29558253 0.23200978 25.0
0.24258508 0.98359531 0.73367316 25.0
-1.28665304 1.10316825 1.31761408 25.0
1.16055095 0.28018445 1.30644357 25.0
1.19069016 1.12744200 -0.04409342 25.0
1.16966629 1.03832769 -1.21845293 25.0
-0.09068941 0.48195833 1.34046793 25.0
-0.26196015 0.06761783 1.51055849 25.0
-1.34522927 -0.51307446 -1.20200968 25.0
-0.69168055 0.99699736 0.72742379 25.0
-0.12327095 1.06075227 1.35574889 25.0
-0.44256523 -0.69795960 0.68828183 25.0
-1.46008444 -0.99558711 0.23303919 25.0
1.27011025 0.23123577 -1.32990479 25.0
1.42167127 0.75991869 -0.48673221 25.0
-0.03080085 -1.59338641 0.03657142 25.0
-0.62017548 -1.61869311 -0.28748685 25.0
-1.05979598 0.77144945 -1.40994918 25.0
0.44793567 -0.69795960 0.68828183 25.0
0.66929191 1.09593058 1.07672071 25.0
-1.06551170 -0.92132038 0.57884991 25.0
1.33405221 0.66621107 0.59326988 25.0
-0.82137918 0.63134581 -1.40987241 25.0
0.83035320 0.78653401 -1.36762702 25.0
1.42302036 -1.27113128 -0.58089578 25.0
1.46529198 -1.03076625 0.03338807 25.0
1.42409146 0.75991869 0.03827640 25.0
-0.96210730 -0.97286713 -1.43656659 25.0
-1.25146735 -1.46860623 0.03066878 25.0
0.20624442 0.91248667 0.78377414 25.0
-1.25163257 1.12115812 -0.04317366 25.0
1.37022293 -1.39376879 -0.39743149 25.0
1.41629660 -0.44010991 -0.49796370 25.0
1.20826924 1.10366845 1.30348170 25.0
1.38136351 1.00107169 -0.06464681 25.0
-1.36415470 1.05459774 -0.36177623 25.0
-0.79062259 1.14294648 1.41541982 25.0
1.23780394 0.00565087 -1.33085966 25.0
0.60504663 1.16106260 -0.18348819 25.0
1.07207727 -1.04242253 -1.68995810 25.0
-0.80952388 1.12719524 0.68909842 25.0
-1.05702412 -1.54178441 -0.13683391 25.0
0.61333770 -1.65891790 -0.96842355 25.0
-1.46154845 0.13671945 -0.48814473 25.0
0.82300442 1.01828432 1.16618502 25.0
0.04841456 -1.67545104 -1.21321487 25.0
0.66818690 -1.51245403 0.09331850 25.0
1.17704260 1.11506820 -0.83999962 25.0
-0.56036174 -1.66293585 -0.59316146 25.0
-1.04004490 0.67379826 1.03393841 25.0
1.06113684 -1.55207491 -1.19566011 25.0
0.99483907 0.75812167 -1.45744872 25.0
0.08928332 -0.31482041 1.12190282 25.0
-1.33093357 -1.13288808 -1.64004433 25.0
-1.03894520 1.13670707 -0.04339899 25.0
-0.47986841 1.09422576 1.39605641 25.0
-0.93266559 -1.28595734 -1.45376861 25.0
-1.44017959 0.52802211 0.38531873 25.0
-1.22934759 1.03516257 -1.19712305 25.0
0.44300017 1.16591406 -0.44504553 25.0
1.11744905 0.34248793 -1.41741347 25.0
-0.74805003 0.06616177 1.49012160 25.0
0.96927583 0.14529483 -1.35311687 25.0
-1.27960980 -1.43321049 -0.68757117 25.0
-0.86475372 1.05371249 1.17933261 25.0
1.03101718 -0.52785951 0.70762193 25.0
-1.36210871 1.05407691 -0.51561779 25.0
0.75416046 1.08806765 1.16211438 25.0
0.82796699 -1.12297606 -1.42545474 25.0
0.76833147 1.15838623 -0.58470339 25.0
-1.39197612 -1.39376879 -0.09572799 25.0
0.13484012 -0.99471086 -1.40303814 25.0
1.41829348 0.00201664 0.45906389 25.0
-0.81587493 1.06659150 0.80468959 25.0
0.94781011 -0.95125186 0.53310704 25.0
0.26132932 -0.16151673 1.35667491 25.0
1.41966331 -1.31272328 -0.19643784 25.0
-0.98706430 0.67755175 1.05937994 25.0
1.19069016 1.12624443 0.00157318 25.0
-1.37452626 0.89496690 -0.92146480 25.0
-0.08946697 -1.68795168 -0.59205240 25.0
0.03006848 -0.87397671 0.67668307 25.0
0.39456049 1.06812191 1.12229657 25.0
1.41539478 -0.44010991 0.12096855 25.0
0.02123554 -1.29826701 0.50455463 25.0
0.38953608 0.33302349 -1.38959599 25.0
-0.56118858 -1.65972400 -0.52953953 25.0
-1.38553631 0.95766497 -0.05542183 25.0
0.34832183 -1.67390990 -0.56017685 25.0
-0.34005496 0.99990886 1.29255569 25.0
-1.42750871 0.68008870 0.22763398 25.0
-0.99148661 -0.31411412 1.04337931 25.0
1.33352017 1.10226715 1.33690202 25.0
1.22974050 0.56913459 0.92542326 25.0
-0.38651279 0.46797356 -1.40833867 25.0
-0.19171301 -1.68496990 -0.81363732 25.0
1.07777679 -1.55789685 -0.56617397 25.0
-1.03198457 0.31679654 1.38742781 25.0
-0.47845620 -1.65175259 -0.41800344 25.0
-1.45445430 0.56702453 -0.16004471 25.0
-1.43016231 0.20210548 0.58225411 25.0
-1.47082639 0.44573620 0.13705723 25.0
-1.02871597 -0.16406123 1.25210929 25.0
-0.44041738 0.65024358 1.15978062 25.0
-1.47154880 0.20123154 0.15370651 25.0
0.75948185 1.02937210 -1.31987417 25.0
-0.10415291 -0.97421414 0.64976084 25.0
-0.79845411 0.08404132 -1.36623275 25.0
1.13238990 0.91144019 -1.31238484 25.0
1.33105409 1.10447013 -0.26118711 25.0
1.40782142 -0.22091556 0.33706275 25.0
-0.44394216 -0.44515261 -1.38553798 25.0
0.83919996 -1.62356651 -0.65097338 25.0
0.48652992 0.98090190 0.72877389 25.0
1.05207336 0.82451129 0.77507061 25.0
-0.44465855 -1.46895134 -1.35884702 25.0
-0.55980402 1.15461338 0.06082588 25.0
-0.46398702 -1.66820908 -0.97717053 25.0
-0.61776125 0.40038463 1.38667226 25.0
-0.79077893 -0.06570518 -1.36623776 25.0
0.98679900 -1.21691692 -1.62854981 25.0
-0.82217264 0.74041647 -1.38996589 25.0
1.19640565 0.68683028 -1.61413074 25.0
0.07014627 -1.37675798 0.43106690 25.0
1.17785192 0.98842341 0.69619596 25.0
0.09510651 -1.68549299 -0.55010629 25.0
1.46084642 -1.06458914 -0.01630078 25.0
-0.61780083 -1.65582120 -0.52743942 25.0
-1.04714584 -1.12013435 0.51973850 25.0
-1.03604782 -1.45108998 -1.31736755 25.0
0.63274968 1.15146255 1.40286458 25.0
0.50008893 0.93412030 -1.36013210 25.0
1.20307446 -1.18338478 0.51874983 25.0
0.79599303 1.14294648 1.41541982 25.0
-0.12487544 0.80939281 -1.37811077 25.0
1.12837136 1.12655044 0.15760270 25.0
1.45355368 -0.96852195 -0.90086567 25.0
-0.20375833 -1.00803244 0.63386595 25.0
1.36914909 0.42066678 0.73616552 25.0
1.07639980 1.07115722 0.74072266 25.0
-1.30327415 -0.87882757 0.56451690 25.0
0.41688126 -0.91041505 0.63883448 25.0
-1.38056266 0.73373979 0.42792112 25.0
-0.60326332 -0.94282269 0.54046011 25.0
0.44866034 -0.51999319 -1.38512731 25.0
-0.62747121 1.13044679 1.42782199 25.0
-1.44030869 -1.16455674 0.11492001 25.0
-1.48159885 0.25362700 0.00442341 25.0
-0.38045186 -1.15786612 -1.40802133 25.0
-0.92358488 1.13804007 1.33608210 25.0
1.19849145 1.02685273 1.30867708 25.0
1.47889280 0.25420573 -0.67234707 25.0
0.91988516 0.98325753 -1.32545698 25.0
1.43499374 -0.07131249 0.25877243 25.0
-1.26224267 1.10787582 0.38296908 25.0
-0.27421328 -0.21918945 -1.39288902 25.0
0.30411196 1.04982948 1.17829597 25.0
1.13779128 1.12394726 0.26039210 25.0
-1.40572810 0.82272112 -0.48655716 25.0
-0.58173400 1.11632764 0.80137342 25.0
-1.43126094 -1.16455674 -0.70575768 25.0
-1.12129188 -0.52809596 0.66261768 25.0
-0.59795976 1.00259805 0.73338020 25.0
-0.63171017 0.99344802 1.28707623 25.0
0.44794863 -1.33961308 0.35033485 25.0
-0.62073606 -1.22629368 -1.39594913 25.0
0.62830752 -1.12366390 -1.40200305 25.0
1.29617953 1.01103926 1.21526980 25.0
-1.01477933 1.12660480 0.47618857 25.0
1.46545494 -0.99558711 0.23303919 25.0
0.28080082 -0.70020843 -1.39014995 25.0
1.09067667 0.31445467 1.35897088 25.0
-0.12273396 1.12694657 1.42813110 25.0
-1.04004490 0.67379826 1.03393841 25.0
0.78133011 -0.37214202 -1.36612844 25.0
0.99139780 -1.11530089 -1.68422401 25.0
1.29013932 1.06178546 0.62216330 25.0
-1.42262709 -1.27113128 -0.07755445 25.0
0.45043194 0.56830668 1.25383747 25.0
-1.15100741 1.13686419 1.40464687 25.0
-0.33761847 1.15820992 1.40875554 25.0
-1.15183008 1.05205083 0.72003603 25.0
1.44603181 -1.16455674 -0.09894443 25.0
1.05274308 1.13281596 1.41784298 25.0
1.14333916 1.11431777 0.67057496 25.0
1.21500444 -0.54080421 0.57163298 25.0
-0.47909898 1.15694547 1.38608670 25.0
-0.09068941 0.48195833 1.34046793 25.0
0.57371461 0.95200706 1.20475674 25.0
1.38046908 0.75908786 -1.13226616 25.0
-1.15887952 0.95693243 1.17303920 25.0
-0.37957993 1.15321612 0.15402062 25.0
-1.19694340 1.12372041 0.06554154 25.0
-0.00777654 -1.69085193 -0.73975497 25.0
-1.25083530 1.12057877 0.00273224 25.0
0.68528169 0.26999503 -1.37619853 25.0
1.41644955 0.75980514 -0.65979069 25.0
1.41458607 -0.58133215 -0.34474319 25.0
-1.05299926 1.14418769 1.37587202 25.0
-1.30389857 -1.29429305 -1.42837930 25.0
0.00268522 -1.42932045 0.37247095 25.0
1.41358650 -0.51270640 0.09830986 25.0
1.03735507 0.31679654 1.38742781 25.0
-0.62189579 -1.29035842 -1.38287508 25.0
0.61178488 -1.35689044 -1.36633611 25.0
-1.32529795 0.98955470 1.23719621 25.0
0.85158503 0.39263308 -1.39931870 25.0
-0.60698444 -0.59048522 -1.37658918 25.0
-1.39625037 0.89780617 -0.05517045 25.0
-0.51109725 -0.87109542 0.60727108 25.0
0.94376272 0.78277612 -1.38207066 25.0
0.62179458 -0.69991452 -1.37519264 25.0
1.38555467 -0.29682845 0.37867272 25.0
1.35722136 1.06422615 0.15388897 25.0
0.12900455 0.95770794 1.20958698 25.0
0.26059335 -0.54478770 0.77214468 25.0
-1.29036033 1.10936511 0.07760351 25.0
0.63458180 1.07223141 1.37179434 25.0
0.95543820 0.46482587 -1.51519620 25.0
1.33212757 0.20503893 -1.31008494 25.0
0.48797458 0.95564520 1.18629670 25.0
-0.27827367 0.01180915 -1.39290631 25.0
-1.41463816 -0.22091556 0.24543571 25.0
-0.41916561 0.90478355 0.77322042 25.0
0.48382673 -1.65175259 -0.41800344 25.0
1.06609547 -1.55711663 -0.89034200 25.0
-1.23628187 -0.70768636 0.57719499 25.0
0.23317493 -1.49986720 0.18282902 25.0
0.60524589 1.16474187 -0.44187140 25.0
-0.26755649 1.15804350 -0.05378217 25.0
0.92235255 1.14282513 0.00140238 25.0
1.37022293 -1.39376879 -0.39743149 25.0
1.14652979 -0.32917541 0.84617072 25.0
-0.96622247 1.03439760 1.19699371 25.0
-0.56835842 0.95577824 1.22779024 25.0
1.27687836 -0.37018666 -1.31041694 25.0
1.04381001 1.12741983 0.37141275 25.0
0.47347227 -1.66961384 -0.79828274 25.0
-0.95954823 -0.08651162 1.38051367 25.0
1.45750129 -1.06458914 -0.52935869 25.0
1.37951553 0.99895382 0.14889905 25.0
-1.32519412 -1.39433420 -1.19581354 25.0
0.37426987 1.11158550 0.78155214 25.0
1.22657192 -0.94685614 0.60308987 25.0
1.41630244 0.72206134 0.30975187 25.0
1.02439439 -1.27050400 0.43749115 25.0
-0.37128901 -1.35676301 -1.37327456 25.0
-0.12644571 -1.25970304 -1.40196884 25.0
1.03735507 0.31679654 1.38742781 25.0
0.09630197 0.44055784 1.37393975 25.0
-0.12681651 -1.31567454 -1.38979781 25.0
1.11910725 0.28426650 1.35128272 25.0
-1.34620202 -1.35291946 -1.18329799 25.0
1.46527231 -1.03076625 -0.20536999 25.0
0.79614943 -0.06570518 -1.36623776 25.0
0.76933247 1.15598130 -0.17941515 25.0
0.63633335 1.03268158 1.32636333 25.0
0.08876485 1.15073431 0.33868861 25.0
0.57338905 1.01455605 1.30753946 25.0
-1.47938180 0.25402570 -0.48803148 25.0
0.10891551 1.10318089 1.26889038 25.0
0.13271929 -1.08876419 -1.41548347 25.0
-1.44529974 -0.95143872 0.35487384 25.0
1.11277223 1.04159236 -1.22531497 25.0
-1.45372617 -0.85667586 0.00713781 25.0
0.38545263 -1.22618163 -1.40303266 25.0
-1.09264517 1.08864427 1.27612281 25.0
0.84593892 1.13815403 0.37298232 25.0
1.44555020 0.52802211 0.38531873 25.0
-0.49045926 1.14925718 0.47912574 25.0
1.36055040 -1.43321049 -0.14132394 25.0
1.47451282 0.22548392 0.27145085 25.0
-1.18457913 -1.20594001 -1.68108416 25.0
-1.29223418 -0.97624683 -1.55013752 25.0
-1.00661647 -0.08726282 1.35209477 25.0
0.86737424 -0.24012037 1.21891201 25.0
-0.46982354 -1.66953444 -0.70657337 25.0
0.26769859 0.69221044 1.10647869 25.0
-1.46402204 0.36400950 -0.88632768 25.0
0.92778283 0.55995750 1.23209465 25.0
-0.97263736 -1.55798638 -1.28820682 25.0
-0.56825018 0.99553347 1.28884494 25.0
1.41978121 -1.19782877 -0.91741258 25.0
-1.28957427 -1.08045971 0.51677406 25.0
-0.69566441 1.14504373 1.41725099 25.0
0.34184796 -0.69962078 0.69998497 25.0
-1.42245805 0.17719999 0.58272785 25.0
-0.32271570 1.11599743 1.27422714 25.0
-0.37568942 0.80949366 -1.37265790 25.0
-0.27337101 0.52520001 1.30014026 25.0
1.06532240 0.97127301 1.25970602 25.0
-0.92563045 -1.08671689 0.49440271 25.0
-1.41107917 0.75980514 -0.65979069 25.0
0.79663372 1.11448324 1.41725791 25.0
-0.62350768 0.93809736 0.74221897 25.0
1.44050419 -1.19782877 0.05021147 25.0
-1.44163418 0.52799278 -0.87777102 25.0
-1.38250446 0.95779347 0.16260643 25.0
-1.38292909 0.95766497 -0.48617914 25.0
1.25027943 1.12182403 -0.69918525 25.0
1.09801579 1.08864427 1.27612281 25.0
1.47121334 0.25292838 0.37282160 25.0
1.05810523 -0.51635164 -1.34301162 25.0
1.33724189 1.04998612 1.27726102 25.0
1.05569947 -1.27517331 -1.57052100 25.0
-1.45445430 0.56702453 -0.16004471 25.0
0.78340042 -0.87931830 0.53057426 25.0
0.00268522 -0.87423134 0.67798197 25.0
-1.40572810 0.82272112 -0.48655716 25.0
-1.25767863 0.64712226 -1.65450251 25.0
-1.44066131 -1.16455674 -0.09894443 25.0
-1.06314957 1.09906423 1.39887011 25.0
-1.39089572 -1.35476458 -0.35895160 25.0
-0.75623268 1.13953197 -0.86189336 25.0
-0.92197442 0.95759541 1.24318457 25.0
1.43728030 0.67950428 -0.48699006 25.0
-1.47628105 0.28677559 0.26315615 25.0
-1.13137412 0.65287775 -1.68355250 25.0
0.61697572 0.27086851 1.45968390 25.0
1.20289159 -1.07152677 -1.72723436 25.0
0.09521492 -1.14127779 0.59295529 25.0
0.34542981 0.96437085 1.17379272 25.0
1.37896621 0.26902401 0.80983520 25.0
1.34896195 -1.30389023 -1.32429838 25.0
-1.46115291 0.13528755 0.14936051 25.0
1.38131511 1.00086892 0.01550217 25.0
0.94265300 0.31987524 1.41271460 25.0
-0.08929487 -1.68876350 -0.61530167 25.0
-0.47886226 1.14819491 1.34423137 25.0
-1.42812788 -1.23266912 -0.39961132 25.0
1.17673576 -0.96279091 -1.51559305 25.0
0.62670863 -1.15797019 -1.40091360 25.0
-1.46321535 0.28657785 0.45466349 25.0
0.56627411 -1.66116726 -0.55303758 25.0
1.46340847 0.52799278 -0.48742059 25.0
-1.40446079 -0.07137942 0.45006812 25.0
0.13578886 -1.37675798 0.42402577 25.0
-1.06853402 0.13048178 1.40105355 25.0
1.47541499 0.32511625 0.36637765 25.0
-1.27558768 -0.29693455 -1.31051075 25.0
-0.25175294 -1.17612576 0.56250942 25.0
1.16055095 0.28018445 1.30644357 25.0
1.29386079 -0.95843244 -1.49333024 25.0
1.40473664 -1.31272328 -0.60474676 25.0
-0.98697484 0.13346893 1.45291030 25.0
-1.41764998 -1.27113128 -0.58089578 25.0
1.01526570 0.59675747 1.16347098 25.0
-0.78697962 0.39799124 1.38075805 25.0
-1.42693043 -0.14536181 -0.67407703 25.0
-0.67811346 -1.26487947 0.38456398 25.0
-1.22495461 1.11481535 0.36302191 25.0
-0.59888965 1.16347611 -0.59137082 25.0
0.13218237 -1.12348545 -1.41470873 25.0
0.61178488 -1.35689044 -1.36633611 25.0
-0.06088449 1.13568509 0.77929765 25.0
-0.62737930 1.15146255 1.40286458 25.0
1.32592928 1.11456275 1.37069154 25.0
1.30613744 -0.97924304 0.54585683 25.0
-0.21752846 1.14894462 0.54136783 25.0
-1.18836987 1.12027490 0.25593817 25.0
-1.48489463 0.28721476 -0.15546474 25.0
-0.02605738 -1.68714511 -1.11202312 25.0
-1.38812566 -0.22091556 0.40911630 25.0
1.46897769 -0.96613622 0.23451956 25.0
-1.41064858 -0.51270640 -0.34072655 25.0
0.97159290 1.03439760 1.19699371 25.0
-1.21874750 -1.48634553 -1.20481193 25.0
-1.35539961 0.21614856 0.82161975 25.0
-1.28271604 -0.22061595 -1.31053424 25.0
-1.47799683 0.22665846 -0.15468930 25.0
-0.35744157 -1.65821278 -0.41947991 25.0
0.27021512 1.14554286 -0.88023317 25.0
-1.07565224 0.46779457 1.25364840 25.0
1.26629531 0.57153243 -1.72951591 25.0
-0.84621459 0.39263308 -1.39931870 25.0
0.94534618 1.11695480 1.30122888 25.0
-1.06019592 -1.55494988 -1.04614294 25.0
1.21289563 -0.69118309 -1.32821107 25.0
0.00268522 -1.29826701 0.50579000 25.0
1.29884803 -1.04703832 0.52785420 25.0
0.81653678 -1.39291179 0.29556215 25.0
-0.70011890 1.01028383 1.30390966 25.0
-1.16328537 1.11885893 0.46010306 25.0
-1.22934759 1.03516257 -1.19712305 25.0
-0.79439145 1.13962495 1.33673918 25.0
-1.22335887 0.96114194 1.22675622 25.0
-0.12713054 0.55270046 -1.41775167 25.0
-0.90124953 -1.22837102 0.42589596 25.0
0.09528062 -1.46869993 -1.37117541 25.0
1.25409722 -1.30862212 -1.40996933 25.0
1.22368932 1.13218927 1.40079308 25.0
-0.41806868 1.14986145 0.47992635 25.0
-1.02346766 1.10314059 -0.98157132 25.0
-1.36436164 1.05308366 -0.10369477 25.0
-1.44576490 -1.13155401 -0.20712593 25.0
-1.18413556 1.12620866 0.00163203 25.0
-1.12111402 1.11910999 0.57434100 25.0
-1.47263122 0.44572395 -0.15573670 25.0
-0.59795976 1.00259805 0.73338020 25.0
-0.56467730 1.10745525 1.41072226 25.0
1.10098588 1.03300655 1.21156895 25.0
1.21511543 1.11847842 0.25557759 25.0
1.39119256 0.60482657 -1.41691291 25.0
-0.69599605 1.11656713 1.41907620 25.0
-0.41066402 -1.17612576 0.51185375 25.0
0.12892458 1.02027309 1.31239700 25.0
-0.33914629 1.05940330 1.35459161 25.0
-0.12771483 0.51093435 -1.41780818 25.0
1.48375535 0.40381622 -0.15537538 25.0
-0.75830442 -1.01450741 0.49937794 25.0
-1.41009939 -0.63635015 -0.50365263 25.0
1.35142601 0.19120046 0.82395369 25.0
0.76267552 0.30269721 -1.37551653 25.0
-0.83705747 -1.62018549 -0.45178694 25.0
1.19546807 0.87945849 0.67074287 25.0
0.86403149 -1.31326807 0.36871764 25.0
0.56678194 -1.65631211 -0.48813680 25.0
-0.60811383 -0.64715797 -1.37594092 25.0
-0.89642149 -1.44486892 0.24444227 25.0
0.34298891 1.15820992 1.40875554 25.0
