0.62424564 -0.35350960 -1.40501118 50.0
-1.43901217 0.77397245 1.29882085 50.0
0.57189077 0.77770841 -1.40547407 50.0
0.80393833 0.81460136 0.91982919 50.0
1.20913124 0.99577236 0.17607409 50.0
-1.38384509 0.82364643 0.24874440 50.0
-1.10719836 -1.61835933 0.05274237 50.0
1.40292490 0.86287540 1.40399539 50.0
-0.59775144 -0.05332276 1.55710077 50.0
-0.77184981 1.05754411 0.16510268 50.0
1.37931168 0.11845394 -1.25384283 50.0
1.24032795 -0.41109756 0.67760766 50.0
-0.82409972 -0.35350960 -1.38218081 50.0
-1.12729025 0.11845394 -1.34466410 50.0
-0.41250953 -1.24709451 0.53243560 50.0
0.20649287 0.87948847 0.69809365 50.0
1.38734651 0.58438545 0.34551692 50.0
0.75480515 -0.83611768 1.14914262 50.0
0.95695674 0.89556950 1.29102838 50.0
-1.04230821 0.73202878 0.68138921 50.0
0.06684645 0.83454037 0.73170221 50.0
0.88002294 -1.21247625 0.50529659 50.0
-0.20365714 0.84194404 1.26452434 50.0
0.80338287 -0.43061194 -1.38208973 50.0
-0.60031509 -1.59127450 -1.35416842 50.0
-1.40111446 -1.02237809 0.16849241 50.0
-0.82970101 0.93326622 0.61821055 50.0
-1.22698653 1.00026071 -0.90717036 50.0
1.00750077 0.86183035 0.62174654 50.0
-1.44433212 -0.79790509 -0.69031030 50.0
0.41215822 0.17339772 1.39190376 50.0
-0.74859917 -1.24709451 0.51794481 50.0
0.66385305 0.82133013 0.73337758 50.0
1.16316617 1.00719893 0.27446097 50.0
0.89261538 0.99342579 1.32994497 50.0
0.41497844 -0.79217184 1.26610839 50.0
0.06753033 0.76256591 0.76718581 50.0
0.07090759 0.23007780 1.34538138 50.0
1.25363755 -1.50237274 0.06904874 50.0
-1.44637132 0.84624994 1.17574048 50.0
-0.96942067 0.97745413 0.52622497 50.0
1.00853789 0.70666194 0.70098388 50.0
1.33217812 0.66566098 -1.73788404 50.0
-0.43549481 -0.79217184 1.26610839 50.0
-0.52879745 0.89521080 1.29847944 50.0
-0.91125154 -1.14619112 0.52688539 50.0
-0.34107858 -1.80024111 0.10837322 50.0
-0.93311125 0.25834495 1.11198854 50.0
1.42002380 0.84184384 1.26727951 50.0
1.28317213 -1.23680484 -1.76145828 50.0
-0.82302427 0.80231482 0.73398501 50.0
0.52604604 1.05817318 0.13363086 50.0
0.72997695 0.76053816 1.14346170 50.0
1.18608069 0.79614961 1.14721429 50.0
0.87556243 -0.37135586 1.41876662 50.0
1.00537336 -1.72036231 -1.19924712 50.0
-1.13190973 0.98676044 -1.19856822 50.0
1.42322385 -0.65945071 -0.68901008 50.0
-0.75165272 1.08421063 -0.99210376 50.0
0.77041078 -1.23680484 -1.44776988 50.0
-0.41250953 -1.24709451 0.53243560 50.0
-1.26498771 -0.89588046 -1.34635615 50.0
-1.32357860 -1.13015270 -1.70586240 50.0
-0.97947681 0.86919057 1.27335441 50.0
-0.73191893 0.97562265 1.34919691 50.0
0.24737951 -0.43061194 -1.41062498 50.0
1.35168767 -1.20182252 -1.54810345 50.0
0.24737951 -0.43061194 -1.41062498 50.0
-1.21941841 0.99370581 1.32014751 50.0
1.36723506 0.90430552 -0.10782647 50.0
0.84139520 0.79548258 0.97980273 50.0
0.96128762 0.84236503 1.25577796 50.0
1.41757560 0.74935502 1.06868505 50.0
-0.12031353 -1.01405227 -1.40584135 50.0
-0.12379878 0.45495641 -1.42154396 50.0
1.10724473 0.24007241 -1.34298062 50.0
-0.11887557 -1.13015270 -1.42598867 50.0
-0.41250953 -1.24709451 0.53243560 50.0
1.42280865 -0.43061194 -0.47779933 50.0
0.57130915 0.74344450 -1.40769708 50.0
-0.72650963 -1.72140241 -1.23456776 50.0
-1.45390356 0.74468386 -0.28151843 50.0
0.88930565 1.04304123 0.15982088 50.0
-0.45313460 -0.02328918 -1.41076016 50.0
0.21721138 -1.38233411 0.42555940 50.0
0.57706583 1.07160401 -0.12966645 50.0
-1.38819218 -0.89186364 0.35146505 50.0
1.35206330 -0.50112218 0.44483763 50.0
-0.90827125 -1.41326284 -1.37235677 50.0
-0.73970443 -0.52204567 1.55703211 50.0
1.24641764 -0.00560866 0.68188566 50.0
-0.73447633 0.89343673 0.68802416 50.0
1.27879059 -1.36343765 -1.59201431 50.0
1.41785192 -0.65945071 -0.97746700 50.0
0.04206050 -1.93729007 -0.41743320 50.0
-1.46018064 0.54148710 0.07552351 50.0
-0.82445484 0.81460136 0.91982919 50.0
1.09072137 -1.59122801 -1.30760574 50.0
-0.70791811 -1.88896978 -0.66237152 50.0
-0.68888903 1.04147899 0.41898021 50.0
0.81561208 0.90690148 0.67057973 50.0
1.24625516 -0.73342979 -1.34909141 50.0
1.42719841 0.05984724 -0.47269472 50.0
1.19862866 0.94155669 1.32691395 50.0
-0.20842123 0.96541500 1.29168367 50.0
-0.26797524 -0.27317959 -1.41074157 50.0
0.82652658 0.96613270 1.28420484 50.0
-1.29609931 0.96547502 -0.28367254 50.0
-1.27279937 -0.63985676 0.63900506 50.0
-0.20430025 0.79550731 1.23321116 50.0
-1.43912840 0.74468386 -0.92085993 50.0
0.06846382 -1.59127450 -1.35964918 50.0
0.23272158 0.96557796 -1.30944407 50.0
-0.83638000 0.79764450 0.71779805 50.0
1.16600871 -1.40789819 -1.38850439 50.0
0.73070318 1.03841066 -1.17414713 50.0
-0.34869844 0.74344450 -1.40769708 50.0
0.81636041 0.45495641 -1.43449497 50.0
-0.35456967 0.76022810 0.76838648 50.0
-0.52719200 1.04489529 0.43237895 50.0
0.88070637 -0.83611768 1.10343623 50.0
0.83226287 1.04443145 0.14768317 50.0
-1.21921849 1.00015533 0.21897192 50.0
-0.90209901 1.03260028 0.07953679 50.0
-1.33189476 -1.11849511 0.36588559 50.0
0.06650087 -1.72158146 -1.25978220 50.0
-1.04711306 -1.16594362 -1.74152327 50.0
1.01585317 -1.68041098 -1.26516306 50.0
1.33847773 0.86670971 1.32478309 50.0
-0.97095370 -1.35968935 -1.51838374 50.0
1.34016025 -1.30693603 -1.51760066 50.0
1.26254785 -0.77825820 0.59137332 50.0
0.81985402 0.80255318 0.81636381 50.0
-0.96239376 -1.77646768 -0.25554127 50.0
1.24172151 -0.33400849 0.68136859 50.0
-0.38767710 -1.79093611 -1.21410441 50.0
-1.00115192 0.90390569 1.18758726 50.0
1.37532461 0.99152160 1.34943354 50.0
1.38132036 -1.09598970 -1.23407829 50.0
0.06745330 -1.64340723 -1.33561337 50.0
1.13309658 1.02353311 -1.02146339 50.0
-0.92370158 0.75022966 1.18564200 50.0
0.71395987 0.89343673 0.68802416 50.0
-0.98148376 -0.58145714 -1.35120881 50.0
-1.29653311 -0.91475731 0.51656854 50.0
0.56153607 -1.92421734 -0.52418447 50.0
-0.25633579 -0.67384529 1.45609736 50.0
0.06907799 -0.05332276 1.56456935 50.0
-0.10426943 -1.46798992 -1.38551474 50.0
1.35864377 -1.13394320 0.21001537 50.0
0.87120295 0.87426519 1.00603366 50.0
-1.40153682 -1.23754549 -0.59831381 50.0
0.58458376 -1.89735854 -0.04625993 50.0
-0.78766423 0.90689564 0.69145602 50.0
-0.95727926 0.58435637 -1.53639638 50.0
-1.13910449 -1.44929051 0.24519356 50.0
0.22364752 -1.72158146 -1.25978220 50.0
1.43002093 0.58435637 -0.47184968 50.0
1.02064884 -1.20159101 -1.76491344 50.0
-1.29319012 0.96589011 -0.47232410 50.0
1.00646603 -1.00095868 0.75298744 50.0
-0.54103935 -1.59227848 0.28028873 50.0
-0.98380780 0.81759173 1.23934710 50.0
-1.00738764 0.17073342 1.06247795 50.0
-0.89718658 -1.71539843 0.05084216 50.0
-0.25633579 -0.67384529 1.45609736 50.0
-1.42305684 0.77197033 1.33428323 50.0
-1.29930711 -1.36343765 -1.59201431 50.0
-0.59533018 -1.80024111 0.10404393 50.0
-0.98345387 -0.37456921 1.23382211 50.0
-1.38575041 -1.23703623 -1.25271595 50.0
1.27401638 -0.87612671 0.53903526 50.0
-0.75659955 -1.64340723 -1.30873907 50.0
1.27530932 0.82758147 0.39951822 50.0
1.26600754 -1.53073049 -0.70086312 50.0
-0.74780965 -0.59995294 1.49856973 50.0
-1.26192546 -0.48549184 0.66849858 50.0
-1.36934161 0.80095118 1.10046077 50.0
1.35745585 -1.37261045 -0.52070355 50.0
-1.16767073 -1.30693603 -1.74059296 50.0
1.43532431 0.66566199 -0.10032079 50.0
-0.84884912 0.84217864 1.25964868 50.0
-1.44210982 0.36673942 -1.23252630 50.0
0.90319467 0.74204743 1.17173338 50.0
1.06170189 0.53897041 0.70453554 50.0
1.27732265 0.99282086 1.33659506 50.0
-0.26791376 0.11845394 -1.41065133 50.0
0.66389257 1.07158506 0.19778216 50.0
0.74303252 1.05059671 0.00812237 50.0
0.73440647 -1.17769611 0.53877878 50.0
-1.27960908 -0.19322965 -1.35131419 50.0
-1.42960644 0.81137115 1.37001395 50.0
0.09734792 -1.20159101 -1.42830074 50.0
-1.45487547 0.54147619 -0.28168562 50.0
0.99705315 0.54147619 -1.65372956 50.0
-1.16976345 -0.85346103 0.76070917 50.0
0.18395233 0.76206654 1.20616198 50.0
0.96414942 1.03001165 0.14607948 50.0
1.33411157 0.97402871 1.38168478 50.0
-1.20764470 -0.97997946 0.64380908 50.0
0.18568875 0.74220198 1.14694250 50.0
-0.84350449 0.94153547 1.32751620 50.0
0.71923369 -1.80060685 0.05040734 50.0
0.70103866 -0.89585406 -1.39959276 50.0
-0.79424077 0.81662202 0.78227895 50.0
-1.30084264 0.86823076 1.29324186 50.0
-0.95260221 -1.01405227 -1.38838518 50.0
0.40568101 -0.44570225 1.63244557 50.0
1.44575572 0.62566578 0.06128869 50.0
0.22581983 -1.68047225 -1.30725431 50.0
1.38216138 0.79148763 1.31780756 50.0
-0.84256583 0.42043328 -1.42413998 50.0
-0.43999404 0.95999682 0.62042403 50.0
1.18159616 0.81799263 1.16136968 50.0
-0.34562659 -1.01405227 -1.40584135 50.0
-0.17152502 -1.94297779 -1.10855544 50.0
1.25228286 -0.63985676 0.63900506 50.0
0.21721138 -1.38233411 0.42555940 50.0
0.17702973 -1.88193035 -1.18803096 50.0
1.03271317 -1.71950722 -1.05051982 50.0
-1.37877250 -1.37261045 -0.39402995 50.0
-0.92094958 -1.35967338 -1.45592964 50.0
1.43405855 0.36224747 -0.67600417 50.0
0.66214693 1.06745303 0.26707298 50.0
0.83188534 0.76230830 1.20113909 50.0
0.78904396 -1.06938159 -1.42536879 50.0
1.39578807 -1.06078494 -0.34268942 50.0
1.37007093 -1.27172792 -0.98652822 50.0
0.40405652 -0.13402434 1.60637951 50.0
1.44284534 0.58436823 0.07183726 50.0
-0.82414585 0.05984724 -1.38220179 50.0
-0.07343581 -1.80024111 0.10837322 50.0
0.73113626 1.08421063 -0.99210376 50.0
-1.24347079 -1.59032679 -0.35173732 50.0
-0.99231178 -1.09651458 -1.57094753 50.0
-0.77661496 0.91761738 0.64551973 50.0
1.37004709 0.91554266 1.40075517 50.0
1.39475405 0.86386889 -0.67255336 50.0
-1.29355776 -1.53073049 -0.33677736 50.0
-0.51371425 -0.89585406 -1.40527558 50.0
1.38561463 -1.13524473 -0.95311260 50.0
-1.04120839 1.02314484 -0.04898650 50.0
1.42734778 -0.02328918 -0.68304628 50.0
-1.42744267 0.96798182 1.15614212 50.0
-1.39872181 0.99380362 1.30217600 50.0
-1.39943683 0.41671997 -1.58609283 50.0
0.33119434 0.35101748 -1.40717804 50.0
-1.13183701 0.94183469 1.32126629 50.0
-1.35899413 0.86670971 1.32478309 50.0
-0.76380074 1.07014143 -0.20713344 50.0
0.85176814 0.91516954 1.00411201 50.0
-0.70791811 -1.88896978 -0.66237152 50.0
0.74312103 1.06278765 0.17855251 50.0
-1.44278395 0.78717703 1.01729500 50.0
-1.43244386 0.91919136 1.32033157 50.0
1.02591622 0.98701912 1.34233975 50.0
1.43358696 0.36290410 -0.94587481 50.0
0.85802382 0.91440505 0.62640250 50.0
-0.22434515 1.04253531 0.44450629 50.0
0.23537260 -0.87495118 1.09798825 50.0
-0.09132869 0.29692745 1.27869070 50.0
-1.31018162 0.74771750 0.43534487 50.0
-1.46627223 0.62566578 0.06128869 50.0
0.51974332 0.87312835 -1.37326324 50.0
1.38394082 0.75859809 1.28269875 50.0
1.41031349 -0.19322965 0.32515621 50.0
1.20629323 0.99877471 -0.69102716 50.0
0.95067054 0.98923010 1.31424546 50.0
0.62373626 -0.50502980 -1.40470862 50.0
-0.49178863 -1.94358814 -0.93582177 50.0
1.08194864 0.74711573 0.64365566 50.0
-1.20386446 0.99565834 0.06068956 50.0
0.32511023 -1.01405227 -1.40584135 50.0
0.54677111 -0.97712493 -1.40390491 50.0
0.63095075 -1.90349197 -0.25176430 50.0
-1.16790569 -1.33896852 -1.68101001 50.0
1.36148870 -1.34135640 -1.00133824 50.0
-1.05464602 -1.13015270 -1.69905102 50.0
0.78468019 -1.09652448 -1.43302941 50.0
-0.73217493 0.99250609 1.34430265 50.0
-1.44210982 0.36673942 -1.23252630 50.0
-1.18894064 -1.64166665 -0.46944910 50.0
-0.78567380 0.84121454 0.77837825 50.0
-1.10719836 -1.61835933 0.05274237 50.0
1.40990114 0.95836461 1.34397173 50.0
0.48968855 -1.91536427 -0.11022409 50.0
1.34732163 0.86557949 0.23213319 50.0
-1.37267399 -0.42670906 0.45270291 50.0
1.23456657 0.98463285 0.08758921 50.0
0.40517434 -0.05332276 1.56456935 50.0
0.89073503 -1.14619112 0.52688539 50.0
-1.41093576 -1.13755929 -0.53296560 50.0
-0.25759238 0.23007780 1.34538138 50.0
0.32429853 0.82388973 0.73815876 50.0
0.73506570 1.06601906 0.21450131 50.0
0.82426721 0.91708350 0.89029783 50.0
1.43231440 0.70521969 -0.28155500 50.0
-0.27813450 -1.95424259 -0.95543450 50.0
1.10734057 0.05984724 -1.34474814 50.0
-0.75973797 -1.14544463 0.54856807 50.0
1.23714662 0.98354435 -0.47851145 50.0
1.19262791 0.25745925 0.66125828 50.0
-1.22639823 0.75227404 1.12516189 50.0
-0.91208148 0.98909730 1.31621873 50.0
0.55616325 0.84524870 0.72305989 50.0
0.48748004 0.88992792 0.68888593 50.0
-1.39581144 -1.30693603 -0.36465907 50.0
-0.91332448 0.76080209 1.13906026 50.0
-1.11875081 -1.67914617 -1.05377603 50.0
0.23420921 0.51172727 1.05672586 50.0
-1.42030799 0.81157726 1.36523747 50.0
-1.43389392 0.66566098 -1.22605789 50.0
-0.44190055 0.80306214 0.74927336 50.0
-1.40359521 -0.02328918 -1.25393212 50.0
1.26063848 0.41429362 0.49122721 50.0
0.95509142 0.94171846 1.32371521 50.0
0.66389257 1.07158506 0.19778216 50.0
-0.58341312 1.06246209 0.15617056 50.0
1.21300578 0.99534070 -0.16995683 50.0
0.85875207 0.79171187 1.05749047 50.0
-0.73987591 0.75004351 1.18950915 50.0
0.37436941 -1.94811082 -0.80171645 50.0
0.58004552 0.49729848 -1.42745936 50.0
0.78188503 -1.85121226 -0.98962873 50.0
-0.82642764 -0.79790509 -1.37892222 50.0
-0.91000402 1.04702926 -0.12728097 50.0
-1.03478134 0.45494375 -1.56888258 50.0
0.18766637 0.74993855 1.14535689 50.0
-1.39788759 -1.23754549 -0.01221597 50.0
1.08172679 0.21306829 0.85750914 50.0
-0.52223516 1.07665706 0.24102587 50.0
0.39253113 1.08418322 -1.06634486 50.0
1.39432812 0.14999269 0.35354793 50.0
1.42006123 0.75918579 1.03426087 50.0
0.33804128 0.42043328 -1.41569614 50.0
-1.35395885 0.95808148 1.38227487 50.0
0.27726766 -1.90014160 -0.03972656 50.0
-1.38442826 -1.13061547 -1.51923954 50.0
-0.09483085 0.05984724 -1.41073978 50.0
0.24744299 -0.35350960 -1.41071820 50.0
0.54814273 -1.38233411 0.42313480 50.0
-1.40381157 0.86312282 -0.93995392 50.0
0.65389407 -1.59227848 0.27313098 50.0
-0.08159861 -1.59227848 0.28207812 50.0
-1.38985980 -1.34142494 -0.18364538 50.0
-0.82195330 0.91916955 -1.32009184 50.0
1.35921144 -1.30333638 0.08620398 50.0
-1.06195426 -1.56048536 0.17003669 50.0
0.20315997 -1.63368273 0.24911918 50.0
-1.09707832 1.01870263 0.15401694 50.0
1.02994049 1.01030099 0.39543596 50.0
-1.44910920 0.11827232 -0.09315396 50.0
-0.09069128 0.46922243 1.10453641 50.0
1.00646603 -1.00095868 0.75298744 50.0
-1.31542695 0.94228947 0.17270017 50.0
1.42794526 0.20146863 -0.47261679 50.0
0.90319467 0.74204743 1.17173338 50.0
-0.06141521 -1.95424259 -0.95543450 50.0
-0.97661567 -1.38362014 -1.40803075 50.0
1.00057292 0.77557063 1.13842094 50.0
1.42878032 -0.11227919 0.21298194 50.0
-0.33817485 -1.37100458 -1.40144789 50.0
1.16969645 0.31697977 0.64329666 50.0
1.38814187 -1.17335021 -0.40540648 50.0
1.40858936 -0.02437784 0.33455300 50.0
-0.76302713 1.03712130 0.41108954 50.0
-0.89640343 1.02573740 0.39845601 50.0
-1.16209781 1.01518190 0.25195351 50.0
0.61479014 -1.70675182 0.18427549 50.0
0.57685667 -1.03852487 0.73718947 50.0
-1.19521964 1.00763059 0.23860526 50.0
-1.33889461 -1.06607008 -1.60118675 50.0
-1.40126228 0.05984724 -1.25391531 50.0
-1.00024211 0.82260281 0.66227210 50.0
0.74439394 -1.59127450 -1.33224261 50.0
1.21933413 0.98778045 0.25512561 50.0
1.29087162 0.90516907 -1.19562924 50.0
1.38514018 0.74727732 1.25461555 50.0
-1.27880871 -1.35376215 0.24225973 50.0
0.90288633 0.77755904 1.21254575 50.0
0.98823643 0.80570424 -1.44666219 50.0
1.27836490 0.96464646 -0.00745346 50.0
-0.39488581 -1.94794834 -0.80142772 50.0
-0.95189112 0.60019594 0.80077696 50.0
1.41319811 0.54147619 -1.54140151 50.0
-0.87388486 0.46922243 0.98249149 50.0
1.09944248 -0.73342979 -1.34263980 50.0
0.58312482 0.60019594 0.93597734 50.0
-0.59409845 -0.29429385 1.63991034 50.0
1.06827056 0.58313131 0.69434196 50.0
1.26926696 0.96525365 0.13429371 50.0
1.09919274 -0.85187846 -1.34049118 50.0
0.77019095 -1.33883750 -1.42789257 50.0
0.87342834 0.78380698 0.70947129 50.0
-1.26608372 -0.79790509 -1.34808230 50.0
-1.30928195 0.76161569 1.21588182 50.0
-1.41789448 -1.02268410 -0.51897043 50.0
-1.44928360 0.62565672 -0.47173271 50.0
0.56333870 -1.92000711 -1.09076059 50.0
-1.20967305 0.99172676 -1.09307945 50.0
1.19345307 0.99770164 -0.08481970 50.0
-1.10876274 -0.31151202 0.97501260 50.0
-1.44805694 0.24031301 -0.68165869 50.0
0.06804386 1.08542919 -0.20906192 50.0
0.82277423 0.96017772 1.33969927 50.0
-1.04861820 0.89567345 1.28886819 50.0
0.20999937 -1.55561495 0.30910566 50.0
-0.95749718 -1.77193356 -0.21156716 50.0
-1.09758759 0.90272427 1.21426678 50.0
-0.39702857 -1.94459069 -0.67593527 50.0
-0.47919914 0.24007241 -1.40887678 50.0
0.73070318 1.03841066 -1.17414713 50.0
0.37844270 -1.94050825 -0.54382539 50.0
-1.12776124 0.24007241 -1.34298062 50.0
-0.73963052 -1.85040689 -0.07671458 50.0
1.35332119 0.76760679 1.08302963 50.0
0.06936900 0.60019594 0.94400913 50.0
1.41810715 0.95055050 1.12768579 50.0
-0.80841577 0.80231184 0.74067724 50.0
1.43240833 0.23998010 -0.09263851 50.0
0.20874517 0.83464718 0.73116422 50.0
-0.95240599 0.70521969 -1.49213910 50.0
-1.31018162 0.74771750 0.43534487 50.0
-0.92363805 0.76239926 1.19925034 50.0
-1.01302373 1.03855801 0.20952420 50.0
-1.07091987 0.87193072 -1.31607938 50.0
-0.63188809 0.73791033 0.77272964 50.0
1.38855338 -1.02338064 -0.96872860 50.0
-0.24324219 -1.27961385 0.51554495 50.0
-1.23171723 0.76233160 1.20077884 50.0
1.03619957 0.79603469 1.22225344 50.0
0.43221369 -0.50502980 -1.41041434 50.0
1.41174531 0.82340258 0.12328030 50.0
-0.75558215 1.06601906 0.21450131 50.0
1.43095124 0.66566098 -0.28158948 50.0
-0.82418996 -0.02328918 -1.38222194 50.0
-1.35535359 -1.41051388 -0.67171681 50.0
1.37277710 -0.89605755 -1.25109065 50.0
-0.59569323 -0.13402434 1.59872591 50.0
-0.87342507 0.89341760 0.64797854 50.0
1.42085028 -0.50502980 -0.68726623 50.0
-1.41569257 -1.09836030 -0.09803718 50.0
-1.29731607 0.96449751 0.06322882 50.0
1.26751482 0.92624414 1.21792293 50.0
1.35197473 -1.34120464 -1.24951208 50.0
0.51141685 0.98891014 1.32162428 50.0
1.03125250 -1.07807803 0.59246939 50.0
0.20713532 -1.59227848 0.28207812 50.0
0.83257645 0.11566412 1.34249115 50.0
0.44557133 -1.88067842 -1.18558109 50.0
-0.81889039 0.87332642 0.92570066 50.0
-0.08363700 -1.50424790 0.34497255 50.0
-1.39869249 -1.06078112 0.13965693 50.0
-0.63075727 -1.53096735 -1.37215126 50.0
-0.17758246 -1.90014160 -0.03972656 50.0
-1.39039755 -1.20274830 -1.24947476 50.0
0.97579962 1.02589357 0.33166835 50.0
-0.90740788 0.82132727 0.68523836 50.0
1.41052127 -0.79790509 0.26705894 50.0
0.81331331 1.05572784 0.17529117 50.0
-0.71184117 -1.88611889 -0.53404951 50.0
0.72541070 0.74990314 1.14218843 50.0
0.74208486 1.08696175 -0.50062168 50.0
-0.99749124 0.25475290 0.98485059 50.0
-0.97658682 0.45495641 -1.48630452 50.0
1.27958512 -1.30693603 -1.70116568 50.0
0.74303252 1.05059671 0.00812237 50.0
0.22533293 -1.17769611 0.55374146 50.0
0.49181369 0.82440853 0.73707789 50.0
-1.15754783 1.01685166 0.18515326 50.0
-1.44827926 -0.11214516 -0.97867298 50.0
1.09854865 0.01680000 0.92943007 50.0
0.32783449 0.80236477 0.74977928 50.0
1.06170189 0.53897041 0.70453554 50.0
-1.31138813 0.90516907 -1.19562924 50.0
-1.43709171 0.94481874 1.24575448 50.0
0.23679945 -0.73824668 1.36342859 50.0
-1.39890122 -1.27172792 -0.47241798 50.0
1.03271937 0.84246618 1.25367630 50.0
-1.39828861 -1.27172792 -0.14990962 50.0
1.06196010 -0.87816745 0.88103867 50.0
0.18396457 0.74989688 1.19255614 50.0
0.80292994 -0.50502980 -1.38188374 50.0
0.69132483 -1.88819277 -0.53404951 50.0
-1.39531767 -1.27172792 -0.77244383 50.0
0.68646157 0.91466480 0.65746427 50.0
-0.25358003 -0.52204567 1.59505296 50.0
0.06705397 -1.17769611 0.55374146 50.0
-1.23735487 0.99272716 0.19017254 50.0
0.73713326 0.35644493 1.17166471 50.0
-1.22366774 -1.01835096 0.60404021 50.0
-0.61288041 0.23021837 1.33742929 50.0
1.36353993 -1.16986132 0.17925909 50.0
0.97796905 -1.06933224 -1.52624309 50.0
1.16529691 0.84210247 0.52029645 50.0
1.35825598 -1.37261045 -0.39402995 50.0
1.19842613 0.96022815 1.33849621 50.0
0.72090721 0.03400280 1.46713197 50.0
0.94095254 0.93221730 0.58748889 50.0
1.24641764 -0.00560866 0.68188566 50.0
0.73641175 0.29702717 1.23414564 50.0
0.36822695 -1.55561495 0.30910566 50.0
-1.23963118 -1.59032679 -0.17805445 50.0
-0.57821310 -1.30290020 0.49102312 50.0
1.01698279 -1.23680484 -1.76378930 50.0
-1.31192183 0.73933774 1.13472712 50.0
-0.69877130 0.87441736 1.11542606 50.0
-1.11587536 1.02523172 0.23279940 50.0
-1.45357037 0.45314616 -1.22421885 50.0
0.74668837 0.90537000 0.67215979 50.0
0.72968733 1.06233513 -1.09808695 50.0
-0.28850821 -1.91751146 -0.11114130 50.0
0.93749738 0.64189231 0.77626324 50.0
-0.73217493 0.99250609 1.34430265 50.0
0.43539870 0.20146863 -1.40968490 50.0
-0.06317993 -1.94297779 -1.10855544 50.0
1.43487751 0.49729848 -0.47207955 50.0
0.90113628 0.81749433 1.24137020 50.0
0.91713107 0.80352348 0.68998182 50.0
0.74303252 1.05671728 -0.06513765 50.0
-1.43129516 0.90501136 1.09499836 50.0
-0.08689999 0.87943518 0.69837344 50.0
0.77040470 0.80634958 0.74666435 50.0
0.52794117 -1.55561495 0.30719683 50.0
-1.22055674 0.76423556 1.12850976 50.0
-1.12453604 0.39530939 -1.48964083 50.0
-0.58414584 0.84254980 -1.38631642 50.0
0.86356145 0.90121740 1.00797570 50.0
1.43512213 0.58435935 -0.09385002 50.0
-1.28906250 -0.83221573 0.56390309 50.0
-1.08878708 0.58313131 0.69434196 50.0
1.36658871 -1.34141123 -0.79531360 50.0
0.57703775 1.05942893 0.01047911 50.0
-1.36121535 0.87547183 1.15008056 50.0
-1.29355776 -1.53073049 -0.33677736 50.0
-1.12561822 1.02057838 0.17410281 50.0
-0.53953689 0.76185983 0.76552975 50.0
1.27346277 -1.29884970 0.29433832 50.0
1.28606856 0.76570350 1.11256361 50.0
0.59207648 0.25760421 1.30983210 50.0
-0.82551455 0.80003548 0.76590711 50.0
1.42510605 -0.43061194 0.07648080 50.0
0.94876033 -1.27172792 -1.64104319 50.0
0.07819999 0.91816366 -1.34847474 50.0
-1.41612732 0.80356383 1.05959821 50.0
0.66389257 1.07158506 0.19778216 50.0
-1.25818837 0.98582417 -0.04516579 50.0
-1.39486551 -1.23731411 -0.98008227 50.0
-1.45112848 0.30009004 -0.96144885 50.0
0.87038887 1.04983819 0.22999729 50.0
0.57703775 1.06554949 -0.06410803 50.0
-1.45626867 0.29859844 -0.09232553 50.0
-1.44920778 -0.65945071 -0.30576146 50.0
0.24723609 -0.50502980 -1.41041434 50.0
0.57533866 1.05500388 0.08591926 50.0
1.12345970 0.74227935 1.16692340 50.0
-0.64480114 -0.19322965 -1.40503454 50.0
-1.43862367 0.95055050 1.12768579 50.0
0.55522287 -1.92733860 -0.77418363 50.0
-0.41718325 -1.64340723 -1.33561337 50.0
-0.99134201 1.02553844 0.33124456 50.0
0.62424564 -0.35350960 -1.40501118 50.0
-0.92363805 0.76239926 1.19925034 50.0
-0.81411141 0.91334206 0.72339779 50.0
-0.82536590 -1.83948100 -0.34495035 50.0
1.26687598 0.35684544 -1.39336419 50.0
-1.45223439 0.78390539 -0.28148025 50.0
-1.44289398 0.23931773 0.22051141 50.0
1.38912094 0.74480629 -1.48108733 50.0
-0.74822253 -1.68047225 -1.28100801 50.0
1.27365601 0.82014662 1.14701056 50.0
1.42226744 0.78717703 1.01729500 50.0
0.07415767 -0.58145714 -1.41003776 50.0
0.80081850 -0.65945071 -1.38092303 50.0
-1.40420997 0.92822677 1.14390314 50.0
-1.45247972 0.58435637 -0.28165430 50.0
0.87509418 -0.21397400 1.40660405 50.0
-0.09086503 -0.87495118 1.09798825 50.0
-0.35456967 0.76022810 0.76838648 50.0
-1.02197480 1.03547847 0.17490585 50.0
0.39534995 1.10973883 -0.89651287 50.0
0.06589555 1.07148480 0.18067867 50.0
1.39269757 0.70521969 -1.50974274 50.0
-1.13295650 0.37828174 -1.42123473 50.0
-0.89718658 -1.71539843 0.05084216 50.0
-0.82826537 1.04982913 0.29123107 50.0
-1.28777122 0.30156389 -1.35420346 50.0
-0.98398417 -0.11214516 -1.35188401 50.0
0.67145860 0.98513782 0.56955999 50.0
1.38231242 0.98171526 1.21423483 50.0
-0.26798794 -0.02328918 -1.41076016 50.0
1.20629323 0.99877471 -0.69102716 50.0
0.09432815 -1.41326284 -1.38945007 50.0
1.37449300 -1.16825819 -1.24352527 50.0
-1.03636968 -1.68041098 -1.25899541 50.0
-0.75582242 -1.78647232 -1.16367638 50.0
1.02300799 -1.38325977 -1.42944252 50.0
-1.40359521 -0.02328918 -1.25393212 50.0
0.57533866 1.05500388 0.08591926 50.0
1.39041924 -1.13755929 -0.53296560 50.0
1.44034421 0.70522118 0.14773235 50.0
-1.18644357 -1.25350440 0.39117262 50.0
1.30605102 -1.38416171 0.14360729 50.0
-0.28497276 -1.93508494 -0.32522711 50.0
-0.08253847 -1.55561495 0.30910566 50.0
0.32807395 0.70521969 -1.40691400 50.0
0.26532724 -1.92828572 -0.19105399 50.0
-1.29180074 0.84600401 1.16405046 50.0
-0.85245645 0.75013876 1.18753064 50.0
-0.69234371 -1.86253953 -0.02094400 50.0
-0.54103935 -1.59227848 0.28028873 50.0
-0.26749629 -0.58145714 -1.41003776 50.0
1.10177958 0.97945869 1.29315817 50.0
-1.10166788 0.87390989 1.19309175 50.0
0.58097953 0.64189231 0.87780911 50.0
1.20243692 -1.59052825 -1.06075764 50.0
1.37965143 0.17463204 -1.25349331 50.0
-1.45295894 0.49729848 -0.67144191 50.0
1.08582246 1.03270960 -0.49895054 50.0
-0.09536643 0.20146863 -1.40968490 50.0
-0.87677062 -1.68047225 -1.25311971 50.0
1.09926593 1.00731027 -1.15077019 50.0
-0.70271569 -1.46798992 -1.38023293 50.0
-0.93072319 0.29713261 1.06852639 50.0
-1.44203520 0.80542159 1.02762139 50.0
-0.85047835 -1.46798992 -1.35910296 50.0
0.32961705 0.58435637 -1.43158078 50.0
-0.98388362 0.42043328 -1.45791912 50.0
-0.97998923 -0.65945071 -1.35063064 50.0
-0.95720059 0.67854804 0.75338119 50.0
0.83082563 0.37807563 -1.40751290 50.0
-0.89402068 -1.64340723 -1.28018343 50.0
-1.42491663 -0.93457091 0.21093403 50.0
-0.42741135 0.03400280 1.50311685 50.0
0.78827113 0.87279975 0.83338487 50.0
1.37737107 -1.23754549 -0.01221597 50.0
-1.12007916 -0.89585406 -1.33956385 50.0
1.43049705 0.49729848 -1.22779500 50.0
1.12208164 0.79603136 1.22234225 50.0
1.12765920 1.02093494 0.20928483 50.0
-0.22641911 0.92614228 0.65670323 50.0
0.14961056 -1.93508494 -0.32522711 50.0
-1.31542695 0.94228947 0.17270017 50.0
0.50667560 1.04489529 0.43237895 50.0
-0.64362174 -0.58145714 -1.40433383 50.0
-0.75914365 0.20816559 1.32717264 50.0
-1.35771370 -1.41051388 -0.40894118 50.0
-0.73495913 -0.05332276 1.52722335 50.0
1.42465913 0.20164049 -0.97743034 50.0
0.29817355 0.87312835 -1.37326324 50.0
-0.73550642 0.98899883 1.31989980 50.0
0.62373626 -0.50502980 -1.40470862 50.0
-0.96321619 0.91046864 0.60768783 50.0
-1.45457506 0.36224747 -0.67600417 50.0
1.31833088 -1.40562224 -1.25415468 50.0
-0.95419407 1.04461539 0.20785744 50.0
0.22084855 1.05738461 0.08666179 50.0
-1.44216657 0.17334048 0.21721414 50.0
-1.30506110 0.30162132 0.49944970 50.0
-0.97730017 0.35101748 -1.38713515 50.0
0.06638357 0.87943518 0.69837344 50.0
-0.09136456 -0.83611768 1.17792678 50.0
0.59676343 1.06721044 0.17020243 50.0
-0.92932338 -1.55571353 0.23724781 50.0
0.78904396 -1.06938159 -1.42536879 50.0
-0.08823211 -1.07771659 0.64861614 50.0
-1.45072889 -0.85187846 -0.31246424 50.0
0.96329129 0.81759173 1.23934710 50.0
0.57218724 -1.14544463 0.56071585 50.0
-0.25608134 0.17339772 1.39190376 50.0
0.79902464 -1.84409952 -0.56579888 50.0
0.91686010 -1.73142076 -0.03799769 50.0
-1.29888141 0.96464646 -0.00745346 50.0
-1.39788759 -1.23754549 -0.01221597 50.0
1.10724473 0.24007241 -1.34298062 50.0
-0.96329713 -1.77765560 -0.47438726 50.0
1.42046690 -0.89607555 -0.98412764 50.0
-1.00640726 0.79219848 1.13459361 50.0
1.12231100 -1.67830956 -0.47776428 50.0
1.02061415 0.98926008 1.31200826 50.0
-0.23051028 1.06277549 0.15570797 50.0
0.10009152 -1.04963052 -1.41429400 50.0
-0.09467408 -0.58145714 -1.41003776 50.0
1.01307750 0.81861526 0.64940351 50.0
-0.08843323 -1.03852487 0.74101096 50.0
-0.84704393 0.89835769 0.78977853 50.0
-1.25818837 0.98582417 -0.04516579 50.0
-1.26862884 0.94295406 -1.16775918 50.0
-0.40311623 -1.33049488 0.46425426 50.0
1.16963828 -1.64166665 -0.28085032 50.0
0.20999937 -1.55561495 0.30910566 50.0
1.41128778 0.98459017 1.23450041 50.0
1.35422146 -1.37261045 -0.08549834 50.0
-1.42723346 0.89107972 1.38182616 50.0
-0.59533018 -1.80024111 0.10404393 50.0
0.23306365 -0.52204567 1.59505296 50.0
-0.89097023 -0.79217184 1.18521535 50.0
-1.05023086 0.39551958 -1.45779479 50.0
0.39962226 1.06775725 -0.06385062 50.0
0.80358326 -0.35350960 -1.38218081 50.0
-1.13552654 0.35126892 -1.36862504 50.0
1.42546511 0.77766234 1.22123945 50.0
1.38855338 -1.02338064 -0.96872860 50.0
-0.73964471 0.77737325 1.21640682 50.0
-1.44637132 0.84624994 1.17574048 50.0
0.74668837 0.90537000 0.67215979 50.0
-0.22367640 -1.63368273 0.24911918 50.0
-0.98268420 -0.21718462 1.22492361 50.0
1.18334794 0.99565834 0.06068956 50.0
0.81828576 0.91119444 0.78840208 50.0
-0.11814208 -1.38371027 -1.39522600 50.0
0.06780993 0.73609304 0.78023487 50.0
0.87120295 0.87426519 1.00603366 50.0
-0.73503131 0.86891443 1.27909052 50.0
0.57723504 -0.05332276 1.55710077 50.0
-0.61272609 -0.87495118 1.09258592 50.0
-0.08969117 -0.44570225 1.63244557 50.0
-0.81802452 0.70521969 -1.42395759 50.0
-0.42837644 -0.52204567 1.59505296 50.0
-0.54626805 0.76064432 1.14644015 50.0
-0.60031509 -1.59127450 -1.35416842 50.0
1.06279325 1.02506340 0.16676417 50.0
-1.23963118 -1.59032679 -0.17805445 50.0
0.62428468 -0.27317959 -1.40503454 50.0
1.01329565 0.76177007 1.13703072 50.0
0.18314071 0.84194404 1.26452434 50.0
0.58036077 0.03400280 1.49592030 50.0
1.41513526 0.78390539 -0.91999328 50.0
1.01307750 0.81861526 0.64940351 50.0
-0.94172043 0.42065221 0.94823366 50.0
-0.45283926 0.15230888 -1.41050780 50.0
-0.09871640 0.91816366 -1.34847474 50.0
-0.45228973 -0.58145714 -1.41003776 50.0
0.84391415 0.87356251 0.89702588 50.0
1.35200596 -1.37226844 -1.01200044 50.0
-1.13357365 1.02294028 0.19400425 50.0
0.93508357 -1.77993214 -0.72938621 50.0
0.82548797 0.79717064 0.89692432 50.0
-0.81937021 -0.73342979 -1.38002920 50.0
-0.42380509 -0.29429385 1.64774728 50.0
-0.25091976 -0.29429385 1.64774728 50.0
-1.45178866 -0.19322965 -0.09284753 50.0
1.42823017 -0.27317959 -0.09262078 50.0
-0.08507282 1.01666784 0.52501535 50.0
1.08230817 -1.50891578 0.20571420 50.0
-0.82303900 0.17463204 -1.38169825 50.0
-0.52767271 0.96000582 1.34327042 50.0
1.38074577 0.05984724 -1.25391531 50.0
0.06476688 -1.33049488 0.46425426 50.0
1.26878631 0.87429780 1.18251288 50.0
-0.34175718 0.89068532 0.68889743 50.0
1.36921036 -1.02607119 -1.24107909 50.0
-1.45070732 0.82731557 1.03875685 50.0
-1.07115602 1.03028321 0.17888369 50.0
-1.43234873 0.77197695 1.33854640 50.0
-0.28019881 -1.95001578 -0.80468237 50.0
1.24811232 0.94295406 -1.16775918 50.0
-0.12148041 0.62565672 -1.42405581 50.0
-1.13888192 0.84246755 1.25365102 50.0
1.29993868 0.93935955 -0.93168932 50.0
0.90043312 -1.35967338 -1.45592964 50.0
-0.85288203 0.75011188 1.14030802 50.0
-0.85134208 0.37807563 -1.40751290 50.0
0.95831048 -1.16594362 -1.64411974 50.0
1.39500070 -1.09836030 -0.21089730 50.0
0.37436941 -1.94811082 -0.80171645 50.0
1.40059185 -1.02268410 -0.02428710 50.0
0.81511372 -1.72117555 -1.21001995 50.0
-1.44640946 -0.35350960 -0.09301998 50.0
-0.96527702 -1.77711213 -0.37356883 50.0
1.42737675 -0.58145714 -0.30128846 50.0
-0.93214613 0.93194705 1.20334911 50.0
1.42122567 0.66566098 -0.92243367 50.0
-0.65420210 -1.89990866 -0.13592917 50.0
-0.64464968 0.11845394 -1.40494442 50.0
1.42359900 -0.93471164 -0.31986213 50.0
-1.25818837 0.98582417 -0.04516579 50.0
-1.45053744 0.58435637 -0.47184968 50.0
0.32371286 0.84254980 -1.38631642 50.0
-1.06750703 1.03115594 0.23286630 50.0
1.28317213 -1.23680484 -1.76145828 50.0
1.29143584 0.58817655 0.48422566 50.0
1.42577553 0.62565672 -0.67050785 50.0
0.38061991 -1.38233411 0.42555940 50.0
0.06638357 0.87943518 0.69837344 50.0
1.16061366 -0.89219683 0.72512567 50.0
1.43200326 0.80573571 1.02353632 50.0
-1.25766313 0.98354435 -0.47851145 50.0
-1.44768500 0.24127552 -0.97277892 50.0
1.22295427 -1.59032679 -0.35173732 50.0
-0.77184981 1.05754411 0.16510268 50.0
-1.40126228 0.05984724 -1.25391531 50.0
-1.21941841 0.99370581 1.32014751 50.0
1.41183221 0.77197695 1.33854640 50.0
0.43539870 0.20146863 -1.40968490 50.0
-0.23659791 -1.44462097 0.38494328 50.0
-1.04861999 -1.66137350 0.01598078 50.0
0.87031472 -1.27973056 0.47670481 50.0
0.81077212 0.98207384 0.55151105 50.0
-0.39895913 -1.94021571 -0.54382539 50.0
1.25673926 0.05984724 -1.35131252 50.0
-1.14330006 0.77775258 1.20855117 50.0
1.04783916 -0.83935219 0.93218726 50.0
0.42859584 1.06900239 0.17056155 50.0
0.93527752 1.03975022 0.25569773 50.0
1.03412950 -1.13015270 -1.69905102 50.0
-1.19797635 0.75985199 0.56459725 50.0
-1.12007916 -0.89585406 -1.33956385 50.0
-1.40153682 -1.23754549 -0.59831381 50.0
1.41194463 -0.11236289 0.32856271 50.0
0.51353812 1.06883550 0.17082950 50.0
-0.72840756 -0.37135586 1.60917997 50.0
0.55850095 -1.13015270 -1.42598867 50.0
-0.93315524 0.97980148 0.53293222 50.0
-1.40126228 0.05984724 -1.25391531 50.0
-0.85825080 -1.38233411 0.39072725 50.0
0.36330551 -1.59227848 0.28207812 50.0
-0.56496382 -1.44462097 0.38269863 50.0
-0.94690353 -1.46797740 -1.33133411 50.0
-0.76509625 -1.11350274 0.57207513 50.0
1.04817414 0.45212469 0.73067784 50.0
-1.35644734 -1.41051388 -0.53714800 50.0
1.27267373 0.96589011 -0.47232410 50.0
1.38855338 -1.02338064 -0.96872860 50.0
0.57481372 -1.80024111 0.10404393 50.0
1.41861188 0.74468386 -0.92085993 50.0
-1.45020545 -0.73342979 0.04790098 50.0
0.82785678 0.79537690 0.98323238 50.0
-1.04116535 -1.20159101 -1.76491344 50.0
1.11571598 0.86929804 1.27111638 50.0
-1.12960351 -1.67847693 -0.87366837 50.0
-1.01302373 1.03855801 0.20952420 50.0
-1.43142271 -0.97835815 -0.32442313 50.0
-1.20176828 0.64309287 0.59648728 50.0
-1.38200510 -1.34135640 -1.00133824 50.0
1.42821538 -0.85187846 -0.49649191 50.0
-1.21314430 0.25745925 0.66125828 50.0
1.39272213 -1.09836030 -0.52562654 50.0
-1.44694984 -0.02328918 -0.97868049 50.0
-0.99249691 -0.83611768 1.03575873 50.0
0.98406357 -1.04959190 -1.47909546 50.0
-1.43246102 -0.11236289 0.32856271 50.0
-0.80240148 -1.85115230 -0.97651321 50.0
0.74056304 0.46922243 1.05329430 50.0
0.95609927 -1.38362014 -1.40803075 50.0
-0.40705884 -1.30290020 0.49374971 50.0
0.09779409 -1.16594362 -1.42913568 50.0
-1.19739783 -1.09633362 -1.68615770 50.0
1.11479592 -1.67275321 -0.14270270 50.0
-1.40359521 -0.02328918 -1.25393212 50.0
-1.39922500 -1.27172792 -0.24342333 50.0
0.42284572 1.01788282 0.51948035 50.0
-1.14379847 0.75044000 1.18128836 50.0
-1.29618847 0.97522593 1.35715508 50.0
-1.44700766 -0.19322965 -0.68304241 50.0
-0.08453441 -1.44462097 0.38494328 50.0
-1.40786290 0.58438545 0.34551692 50.0
0.92340976 -1.06938159 -1.46396661 50.0
0.72036511 0.73822606 1.15109134 50.0
1.40967453 0.70521969 -1.22078109 50.0
-0.87005866 0.84190661 0.69343019 50.0
1.36268473 -0.93049556 0.33499309 50.0
1.40496397 -0.97860575 -0.71132076 50.0
-0.20448098 0.74989688 1.19255614 50.0
1.14255261 -1.08173132 0.56739378 50.0
-1.37493539 -0.34960938 0.45670500 50.0
-1.10162294 1.02054036 0.28978002 50.0
0.98188221 0.22763096 1.01434386 50.0
-0.58414584 0.84254980 -1.38631642 50.0
-0.79070735 -1.33883750 -1.42789257 50.0
1.41089165 0.94052404 1.33497918 50.0
-1.43146503 0.74014246 1.17508316 50.0
-1.43709171 0.94481874 1.24575448 50.0
-0.51020491 -1.91536427 -0.11022409 50.0
0.62341863 0.17463204 -1.40452003 50.0
0.62408936 -0.43061194 -1.40491843 50.0
0.07061031 0.35644493 1.21979630 50.0
0.96793610 0.93097728 0.57839102 50.0
-0.83992600 0.79712713 0.90115649 50.0
-0.93565887 0.78791904 1.11753619 50.0
1.00260329 0.29707322 -1.35179341 50.0
-1.19015479 -1.64166665 -0.28085032 50.0
0.06846382 -1.59127450 -1.35964918 50.0
-0.60087717 0.03400280 1.49592030 50.0
-0.98394328 -0.02328918 -1.35189819 50.0
0.44557133 -1.88067842 -1.18558109 50.0
0.32168669 1.07505322 0.26482850 50.0
-0.60500211 0.11540402 1.43090248 50.0
0.79908651 -0.21397400 1.52587819 50.0
0.89307308 0.99267513 1.34067214 50.0
-1.13888192 0.84246755 1.25365102 50.0
-0.87359101 0.80013818 0.98211139 50.0
-1.18506503 1.00234139 0.31324476 50.0
-0.25031266 -0.96287292 0.91553789 50.0
-1.42044616 0.86405540 -0.47084984 50.0
-1.10952842 -0.38858572 0.97342443 50.0
-1.34857774 0.78182673 -1.57330978 50.0
0.98383641 0.50854063 0.79809475 50.0
-0.25595933 0.42065221 1.15559375 50.0
-0.42059010 -1.00095868 0.83178967 50.0
0.40669814 0.60019594 0.94400913 50.0
-0.82445484 0.81460136 0.91982919 50.0
-1.44597483 -0.58145714 -0.48854432 50.0
1.03271317 -1.71950722 -1.05051982 50.0
0.06791681 -1.03852487 0.74101096 50.0
-0.79299057 -1.20159101 -1.44894946 50.0
1.17939377 1.00311649 -0.18820877 50.0
0.99291390 1.03687525 0.23108792 50.0
0.06619839 -1.27961385 0.51554495 50.0
0.15706605 -1.90014160 -0.03972656 50.0
0.26263964 0.24007241 -1.40887678 50.0
-0.26797524 -0.19322965 -1.41074157 50.0
-1.16676629 -1.36032820 -1.61177123 50.0
0.33997893 0.39557213 -1.41105866 50.0
0.48968855 -1.91536427 -0.11022409 50.0
1.39982343 -0.97959638 -0.97808689 50.0
0.78164774 -1.55563462 0.27946061 50.0
-0.43477201 0.29692745 1.27869070 50.0
0.09979711 -1.01405227 -1.40584135 50.0
-1.00585854 1.05262983 -0.97219598 50.0
1.37965143 0.17463204 -1.25349331 50.0
0.10076970 0.70521969 -1.40691400 50.0
-0.68266332 1.06745303 0.26707298 50.0
0.32767797 -1.03476202 -1.41073275 50.0
-0.79301912 -1.37100458 -1.40700901 50.0
-1.40767658 -1.17335510 -0.08790666 50.0
-0.76260138 1.08696175 -0.50062168 50.0
-1.15754783 1.01685166 0.18515326 50.0
-1.37877250 -1.37261045 -0.39402995 50.0
1.41582882 0.74502081 1.23658168 50.0
-0.50296831 -1.92981386 -0.40973368 50.0
1.43200326 0.80573571 1.02353632 50.0
0.22584429 1.11519706 -0.89381671 50.0
-1.29603648 -0.95805168 0.49123743 50.0
-0.95443797 -1.75601089 -0.14245024 50.0
-1.00285327 1.04671717 -1.02928400 50.0
-1.32045519 0.93935955 -0.93168932 50.0
0.70789117 -0.37135586 1.60917997 50.0
-1.02537572 0.94752884 0.53952247 50.0
-1.40049088 -1.20529425 0.00858544 50.0
-0.11748578 -1.30693603 -1.42171776 50.0
-1.19335580 -0.93566042 0.68507528 50.0
1.18146622 0.99693418 0.11695722 50.0
0.74312103 1.06278765 0.17855251 50.0
0.75128973 0.80800301 0.73336720 50.0
1.41618943 0.82330430 -0.67042065 50.0
0.58373904 1.07586086 0.21924259 50.0
0.80253929 0.91334993 0.71771663 50.0
1.34874189 0.54147619 -1.75373435 50.0
-0.70937175 0.76329178 0.75288188 50.0
1.42243636 0.11845394 -0.97862548 50.0
-0.84803271 0.81667280 0.74719769 50.0
0.93960136 -1.50424790 0.27148101 50.0
-1.41267085 -1.09839952 -0.00581704 50.0
-0.20448098 0.74171466 1.17864633 50.0
-0.82970101 0.93326622 0.61821055 50.0
0.50654501 0.98683065 0.57973170 50.0
-1.44167078 -0.35350960 0.21529652 50.0
0.97995788 0.46603373 0.82387680 50.0
0.80143678 0.91916955 -1.32009184 50.0
0.49319789 -0.89585406 -1.40527558 50.0
-0.89352578 -0.29429385 1.41824985 50.0
-0.82303900 0.17463204 -1.38169825 50.0
-0.87171018 0.55604595 0.89290303 50.0
1.08172679 0.21306829 0.85750914 50.0
-0.09483127 -0.19322965 -1.41074157 50.0
-1.44637132 0.84624994 1.17574048 50.0
1.01035142 0.96393126 -1.24269271 50.0
1.38916039 0.91391033 1.43371284 50.0
0.18191953 0.94131148 1.33216965 50.0
-0.82263720 -0.58145714 -1.38151550 50.0
0.48544043 -1.92356229 -0.18836717 50.0
0.67629892 1.06341922 0.16819923 50.0
1.33483720 -1.41051388 -0.67171681 50.0
1.40277088 -0.50502980 0.31725278 50.0
1.42585480 0.84624994 1.17574048 50.0
-1.43226182 0.82340258 0.12328030 50.0
1.21166611 0.73908252 1.13865602 50.0
1.17880118 1.00505352 -1.06732047 50.0
-0.12572673 0.37807563 -1.40811741 50.0
-1.22705901 -1.56197894 0.02541254 50.0
0.77045518 1.04573286 0.12772456 50.0
0.71624720 0.84208614 1.26157153 50.0
1.38622952 -1.06098354 -0.95882440 50.0
-1.12625825 0.20146863 -1.34374726 50.0
-0.20446874 0.76206654 1.20616198 50.0
-1.00047445 0.46603373 0.82387680 50.0
0.06791922 1.11675656 -0.50919616 50.0
1.22984290 0.98671585 0.14685059 50.0
0.88793659 0.96927190 -1.24922812 50.0
1.03041208 0.35106772 -1.36739731 50.0
1.00137031 0.92699021 0.56431299 50.0
0.23085019 -0.13402434 1.60637951 50.0
0.38012767 -1.93591642 -0.41589341 50.0
1.42165399 -0.35350960 -0.97862536 50.0
-1.42675352 0.83609611 1.38641667 50.0
1.11173558 0.29710197 -1.34587026 50.0
0.88526624 0.77282995 1.13323891 50.0
-1.00817955 0.62565672 -1.66040027 50.0
-0.95544511 0.80563217 -1.41854739 50.0
0.24908961 0.20146863 -1.40968490 50.0
-1.13276589 1.01691985 -0.19886018 50.0
-0.68187106 -0.85187846 -1.40056574 50.0
-0.20238698 0.95995420 1.34434378 50.0
0.77165079 0.87390119 1.02571821 50.0
0.84459198 0.20893724 1.26470327 50.0
1.43359506 0.80382437 1.06434166 50.0
0.80819875 0.35101748 -1.40316975 50.0
-0.12519290 0.39557213 -1.41105866 50.0
1.40692616 0.96798182 1.15614212 50.0
-1.32045519 0.93935955 -0.93168932 50.0
0.83214259 0.74241185 1.14190650 50.0
-1.35448563 -1.41038394 -0.82054436 50.0
1.12330890 0.73848957 1.15295827 50.0
-1.25259554 0.98518842 -0.67814881 50.0
1.42643344 -0.02328918 -0.97868049 50.0
-0.92270964 -1.37100458 -1.42925501 50.0
1.42589295 -0.35350960 -0.09301998 50.0
-1.45295894 0.49729848 -0.67144191 50.0
-1.20198274 0.99693418 0.11695722 50.0
0.09835917 -1.13015270 -1.42598867 50.0
0.93188953 0.70521969 -1.49213910 50.0
0.48510563 -1.93313873 -1.09960437 50.0
-0.98096234 -1.64130378 0.10997754 50.0
-0.52465689 -1.89971220 -0.04039083 50.0
-1.42584288 0.82315505 -0.92778391 50.0
-0.20650512 0.97930115 1.30772305 50.0
1.42384386 0.82334155 0.02217771 50.0
0.45868275 0.24007241 -1.40887678 50.0
0.69262296 0.87070543 0.70798820 50.0
1.35851181 0.90490288 0.10635340 50.0
0.05977763 -1.63368273 0.24911918 50.0
-0.97095370 -1.35968935 -1.51838374 50.0
0.70729673 -0.21397400 1.59457135 50.0
-1.26862884 0.94295406 -1.16775918 50.0
1.25076151 -0.50502980 -1.35092318 50.0
1.21911478 -1.59032679 -0.17805445 50.0
-0.93214613 0.93194705 1.20334911 50.0
-1.38794446 -0.84794593 0.36981854 50.0
0.22472462 1.10133076 -0.99884808 50.0
-1.21134770 0.77906507 -1.58980501 50.0
0.41848120 1.07730031 0.23927401 50.0
1.24369824 -1.40712607 0.20455012 50.0
-1.13531244 -1.67275321 -0.14270270 50.0
-1.44097435 -0.93468350 0.11272901 50.0
-0.23663273 0.67854804 0.83333027 50.0
0.79777426 0.74344450 -1.42070949 50.0
0.06666997 1.07717681 -1.09197450 50.0
1.43842566 0.36208323 -0.28179675 50.0
-1.39228439 0.89107984 1.38361692 50.0
0.96329129 0.81759173 1.23934710 50.0
-0.34309646 0.91388893 0.66882229 50.0
1.41453135 0.74286926 1.11838794 50.0
0.99061012 -1.03480589 -1.42283726 50.0
1.43966424 0.54148710 0.07552351 50.0
-1.45195973 0.74468386 -0.47135115 50.0
-1.43735373 0.85180193 1.05941975 50.0
1.40908992 0.81137115 1.37001395 50.0
1.24172151 -0.33400849 0.68136859 50.0
1.15968215 0.91509449 0.44975725 50.0
-0.60574877 -0.59995294 1.52792788 50.0
1.41834390 0.75095654 1.25076652 50.0
0.56603062 -1.01405227 -1.40584135 50.0
-0.34124476 -1.13015270 -1.42598867 50.0
-1.45983136 0.74468386 0.02912801 50.0
0.72090721 0.03400280 1.46713197 50.0
-0.61081827 1.07230771 0.18351413 50.0
-1.43234873 0.77197695 1.33854640 50.0
-1.35772514 0.99254066 1.34223056 50.0
0.57377505 0.58435637 -1.43158078 50.0
1.27567196 0.97522593 1.35715508 50.0
-0.90122288 -0.83611768 1.10343623 50.0
0.39339235 1.09921706 -0.99992561 50.0
0.96345729 -0.19322965 -1.35188043 50.0
1.21149588 0.75022310 1.18585813 50.0
-1.42924225 -0.97835815 -0.51356363 50.0
1.29102194 0.74437559 1.11881554 50.0
1.33343673 0.93925941 1.37378657 50.0
-0.16968749 -1.93729007 -0.41743320 50.0
-0.12148041 0.62565672 -1.42405581 50.0
-0.64349842 0.70973694 0.79178417 50.0
0.55468524 -1.87566924 -1.17578077 50.0
-0.11756002 -1.33883750 -1.41456759 50.0
1.42887080 0.85006595 1.09633934 50.0
-1.13180578 0.98707199 1.34123099 50.0
1.42304718 0.62565672 -0.92316109 50.0
1.01725590 -1.37098992 -1.50583804 50.0
-0.42569077 -0.05332276 1.56456935 50.0
1.42528188 -0.43061194 -0.09563398 50.0
-0.59755421 1.05942893 0.01047911 50.0
-0.26708388 -0.65945071 -1.40943193 50.0
1.08110642 1.02054036 0.28978002 50.0
-1.44949937 0.76123512 1.03494692 50.0
0.92724895 0.46922243 0.90426791 50.0
-0.75176042 -1.21188128 0.52977484 50.0
0.98968077 0.87439954 1.16449404 50.0
1.22854400 0.13391739 0.68686551 50.0
0.87120295 0.87426519 1.00603366 50.0
-1.05075443 0.86929321 1.27122140 50.0
0.09762567 -1.38371027 -1.39522600 50.0
-0.70971006 0.78382111 0.74464643 50.0
-1.39497316 -1.30693603 -0.16928762 50.0
0.89851356 -1.30693603 -1.50425923 50.0
0.57112336 0.70521969 -1.40691400 50.0
0.90231729 0.79583812 1.22633719 50.0
0.61137176 0.73791033 0.77272964 50.0
1.39041924 -1.13755929 -0.53296560 50.0
-0.82088882 -1.80807304 -0.09528683 50.0
1.41128778 0.98459017 1.23450041 50.0
0.62055832 -0.73342979 -1.40282047 50.0
-1.41068995 -1.09814608 -0.71214366 50.0
1.36934149 0.93721932 1.41450763 50.0
-0.73191893 0.98664320 1.35014951 50.0
0.91694850 0.89037752 0.63152301 50.0
-1.44436038 0.82334155 0.02217771 50.0
0.20315997 -1.63368273 0.24911918 50.0
0.88011014 -0.13402434 1.38457179 50.0
-1.44526839 0.79562718 1.23549998 50.0
-0.73441619 0.90582591 0.66609395 50.0
1.26714587 0.96630126 -0.67009115 50.0
-0.09129553 0.20740274 1.36547160 50.0
1.24863374 0.98033172 -0.13216116 50.0
0.50438052 0.95923048 0.61930656 50.0
-1.41213715 -0.97804099 0.19179842 50.0
-0.93868577 0.87474149 1.10187936 50.0
0.57377505 0.58435637 -1.43158078 50.0
-0.51139110 -1.70675182 0.18960039 50.0
0.39666688 -1.64340723 -1.33561337 50.0
0.82506472 0.97961861 1.30318010 50.0
-0.84402764 0.91987681 1.31206608 50.0
-0.57667959 0.84524870 0.72305989 50.0
1.43839073 0.49730605 0.07699657 50.0
0.05291940 -1.80024111 0.10837322 50.0
1.24184954 0.98161542 0.09617259 50.0
-1.11012161 1.02731133 0.21269004 50.0
-1.41093576 -1.13755929 -0.53296560 50.0
-0.39895913 -1.94021571 -0.54382539 50.0
-0.94778639 0.94969386 1.25197434 50.0
1.42794526 0.20146863 -0.47261679 50.0
-1.45247972 0.58435637 -0.28165430 50.0
0.80300105 -1.50424790 0.31372988 50.0
0.76342225 0.73928064 0.75316548 50.0
-1.16710556 1.01651859 -0.50169939 50.0
-1.01541352 1.03836131 0.19038203 50.0
1.27365601 0.82014662 1.14701056 50.0
0.42999569 -0.73342979 -1.40851760 50.0
-0.76927942 0.97027171 -1.27743852 50.0
1.42307353 0.17463204 -0.97841024 50.0
-1.12846184 -0.02328918 -1.34476745 50.0
-1.45487547 0.54147619 -0.28168562 50.0
1.13703144 1.01685166 0.18515326 50.0
-0.24633625 -1.68047225 -1.30725431 50.0
0.74318153 0.78697783 1.12451327 50.0
-1.43134344 -0.89582598 0.22731401 50.0
1.38130176 -1.23754549 -0.12718436 50.0
0.23678552 0.29692745 1.27869070 50.0
1.42825770 0.15230888 -0.28187945 50.0
-1.39126432 -1.30693603 -0.05433455 50.0
1.43059218 0.80004019 1.14381623 50.0
0.83773428 -1.38233411 0.39072725 50.0
1.07707107 0.90272427 1.21426678 50.0
1.41090620 -0.97835815 -0.32442313 50.0
0.74839354 -0.91857117 0.98296636 50.0
1.38983107 -1.13758385 -0.05352050 50.0
-1.41712868 -1.02262282 0.07140516 50.0
-0.08937964 -0.37135586 1.64838183 50.0
-1.45065665 0.54149657 0.21736760 50.0
-0.78601462 -1.59237695 0.25363672 50.0
0.24737951 -0.43061194 -1.41062498 50.0
-1.44781649 -0.79790509 -0.49209595 50.0
-1.39951658 0.15230888 -1.25372517 50.0
1.10441387 -0.50502980 -1.34443927 50.0
1.18712831 -0.97997946 0.64380908 50.0
-0.74088150 0.73822606 1.15109134 50.0
0.80531895 -1.83901680 -0.28066525 50.0
-0.58348703 -1.27961385 0.51272178 50.0
-0.34383762 0.93745339 0.64645839 50.0
-1.45303667 0.78760928 1.01377439 50.0
1.42784870 -0.58145714 0.06670525 50.0
-1.24628103 0.98609859 -0.90740925 50.0
-1.44359803 -0.58145714 0.20528129 50.0
0.50728840 0.94136322 1.33109438 50.0
-1.05517495 -1.11531043 0.53242058 50.0
1.30242085 -1.46732402 -0.83364254 50.0
-1.44689548 0.45350343 -1.49345660 50.0
-0.88407797 0.90121740 1.00797570 50.0
0.07429467 0.11845394 -1.41065133 50.0
1.03731394 0.74224293 1.16767168 50.0
0.57214081 0.62565672 -1.42405581 50.0
-1.40250957 -1.23754549 -0.45586714 50.0
-0.68440890 1.07158506 0.19778216 50.0
1.25203586 0.97660911 0.10908795 50.0
-0.53332293 0.74995297 1.19139111 50.0
-1.15635240 -1.38236606 -1.46375179 50.0
-1.00771177 0.55286139 0.77428097 50.0
-1.39058745 -1.27172792 -0.98652822 50.0
0.32600734 -1.04963052 -1.41429400 50.0
-0.53315783 0.77728283 1.21828473 50.0
1.16006553 0.88232005 0.48656675 50.0
-1.05783045 0.74224293 1.16767168 50.0
-0.94410634 -1.73142076 -0.04546216 50.0
1.03103340 0.91602749 -1.28440285 50.0
1.26938450 -1.53073049 -0.56999981 50.0
-0.75826436 1.05703712 0.29591212 50.0
1.27359259 0.96505231 1.25126505 50.0
1.42304718 0.62565672 -0.92316109 50.0
1.02412271 0.99361295 1.32576168 50.0
-0.76382148 -0.96287292 0.89256388 50.0
0.06917476 -0.44570225 1.63244557 50.0
-0.83171850 0.91538286 0.79063910 50.0
1.08644772 1.02607596 -1.07928038 50.0
-1.42960644 0.81137115 1.37001395 50.0
-0.98119664 -0.29750502 1.23376489 50.0
-1.39022160 -1.09541786 -1.49530268 50.0
1.41094851 0.74014246 1.17508316 50.0
-1.45114481 -0.89585406 0.01449382 50.0
0.23617008 0.35644493 1.21979630 50.0
1.42448425 -0.93471164 0.00550007 50.0
1.00699639 -1.59796298 0.14305943 50.0
1.16543174 1.01409078 -1.04752755 50.0
-1.33667159 0.94009471 0.08749772 50.0
1.01422143 -0.74148184 1.05088317 50.0
-0.12128611 0.70521969 -1.40691400 50.0
-0.83992600 0.79712713 0.90115649 50.0
0.32600734 -1.04963052 -1.41429400 50.0
-1.43992758 -0.43061194 -0.97844219 50.0
0.07485002 0.20146863 -1.40968490 50.0
-1.06408596 -1.71876621 -0.87314081 50.0
0.62413329 0.11845394 -1.40494442 50.0
-1.41527057 0.86386889 -0.67255336 50.0
1.10801089 -0.27317959 -1.34474993 50.0
1.31833088 -1.40562224 -1.25415468 50.0
-0.74350315 1.05429196 0.15192942 50.0
0.22834942 1.08442676 -0.20906192 50.0
1.01560235 -1.30693603 -1.69499874 50.0
1.38734651 0.58438545 0.34551692 50.0
-0.67441046 -1.59227848 0.27313098 50.0
1.26027799 0.91624707 0.33674592 50.0
-1.44419980 0.15230888 -0.68299305 50.0
0.73492789 1.09094310 -0.88593870 50.0
0.10063976 -1.03476202 -1.41073275 50.0
-1.19521964 1.00763059 0.23860526 50.0
-1.23351490 -1.58465731 -0.07785822 50.0
-1.44098330 -0.89607555 -0.98412764 50.0
1.30858910 -1.46759713 -0.42624605 50.0
-0.84733677 0.39557213 -1.41493559 50.0
-1.39000273 0.95604491 1.41996324 50.0
-1.39138317 -0.79790509 -1.25073063 50.0
-0.61136615 1.01768661 0.51022643 50.0
-1.37912345 0.49729848 -1.71398115 50.0
-1.23544824 -1.59032679 -0.71537268 50.0
-0.76107949 0.46922243 1.05329430 50.0
0.16487586 0.84168750 1.18564200 50.0
-1.44057775 0.75918579 1.03426087 50.0
-1.42675352 0.83609611 1.38641667 50.0
-1.07091987 0.87193072 -1.31607938 50.0
1.27365601 0.82014662 1.14701056 50.0
-0.79092109 0.80634958 0.74666435 50.0
-1.08247662 -0.87816745 0.88103867 50.0
1.38997030 0.73831290 1.16879654 50.0
0.69262296 0.87070543 0.70798820 50.0
-1.29397929 -1.29884970 0.29433832 50.0
-1.04555583 -1.41282761 -1.36024868 50.0
-1.39890122 -1.27172792 -0.47241798 50.0
-0.57224154 -1.33049488 0.46165833 50.0
0.39975926 1.08300865 -0.20906192 50.0
-0.11985498 0.84254980 -1.38631642 50.0
-0.36414722 0.67854804 0.83333027 50.0
1.28328621 0.84139550 1.27595723 50.0
0.41408205 0.20740274 1.36547160 50.0
-0.20251203 0.99236292 1.34710276 50.0
-0.73353994 0.89529580 1.29671526 50.0
-1.18198514 -1.64166665 -0.72822672 50.0
-0.41382539 -1.21188128 0.54453355 50.0
0.71867681 0.79565299 1.23018456 50.0
-0.80483401 0.91094506 0.68165505 50.0
1.27128422 0.84600401 1.16405046 50.0
-1.44786417 -0.02328918 -0.68304628 50.0
-0.09475817 -0.50502980 -1.41041434 50.0
1.39077902 0.85015631 1.09125960 50.0
-0.83638000 0.79764450 0.71779805 50.0
0.48544043 -1.92356229 -0.18836717 50.0
-0.41362652 1.03579307 -1.20408797 50.0
1.42474127 -0.43061194 -0.28741610 50.0
-0.76369786 0.78697783 1.12451327 50.0
1.32890463 0.74426812 -1.64150500 50.0
-0.75212526 0.94987321 1.25849831 50.0
1.10677385 0.11845394 -1.34466410 50.0
1.41089165 0.94052404 1.33497918 50.0
-0.35855764 0.42043328 -1.41569614 50.0
-1.02767932 1.01743686 0.08442976 50.0
-1.40118921 0.99066317 1.25457239 50.0
0.07522359 -0.79790509 -1.40738583 50.0
0.41860053 1.07497430 0.26717231 50.0
-1.01595867 -0.97713214 -1.34888482 50.0
1.35921144 -1.30333638 0.08620398 50.0
-0.81948233 0.62565672 -1.44505060 50.0
1.00057292 0.77557063 1.13842094 50.0
-1.00621033 0.74345994 -1.55566549 50.0
1.43344533 0.78390539 0.02563769 50.0
-0.42457291 -0.13402434 1.60637951 50.0
-0.42569077 -0.05332276 1.56456935 50.0
0.39693594 -1.11350274 0.58779168 50.0
0.56153607 -1.92421734 -0.52418447 50.0
1.06922996 0.54147619 -1.75386894 50.0
-0.65146714 -1.90349197 -0.25284454 50.0
1.42878032 -0.11227919 0.21298194 50.0
1.35138392 0.73814076 1.16115320 50.0
-1.40502083 -1.20529425 -0.57726407 50.0
-0.91977525 0.84226787 1.25779665 50.0
1.26027799 0.91624707 0.33674592 50.0
0.22670640 -1.11350274 0.58779168 50.0
-1.13180578 0.98707199 1.34123099 50.0
0.55856818 -1.92681932 -0.65082145 50.0
1.16006553 0.88232005 0.48656675 50.0
-0.09069128 0.46922243 1.10453641 50.0
0.98379827 1.04075027 -1.06909597 50.0
-0.53405458 1.06883550 0.17082950 50.0
-0.08780120 -1.14544463 0.56375235 50.0
1.27601671 -0.91475731 0.51656854 50.0
-0.83201623 1.01054406 0.48585248 50.0
1.43182421 -0.02328918 -0.28188458 50.0
-0.97566640 0.76153862 0.69703847 50.0
0.43232286 0.15230888 -1.41050780 50.0
1.20315123 -1.01835096 0.60404021 50.0
-0.82477659 0.80391634 0.71975690 50.0
-1.18946528 -1.59091532 -1.24787641 50.0
-0.82182401 0.58435637 -1.45254219 50.0
1.05349183 -1.04943728 -1.51810980 50.0
-0.75165272 1.08421063 -0.99210376 50.0
-0.91125154 -1.14619112 0.52688539 50.0
0.32961705 0.58435637 -1.43158078 50.0
-1.11475182 0.96513271 1.27660012 50.0
-1.44857740 0.11845394 -0.28188235 50.0
0.55120641 -1.27172792 -1.42591190 50.0
0.84297144 -0.67384529 1.36140966 50.0
0.59220970 -0.87495118 1.09258592 50.0
-0.89092511 1.05275357 -1.07489252 50.0
1.43117332 0.78197557 1.13162899 50.0
1.27617610 0.91910589 1.32775891 50.0
-0.26797777 -0.11214516 -1.41074538 50.0
0.07431569 -0.11214516 -1.41074538 50.0
0.93223095 0.74344450 -1.47276413 50.0
0.52794117 -1.55561495 0.30719683 50.0
1.34016025 -1.30693603 -1.51760066 50.0
-0.57667959 0.84524870 0.72305989 50.0
0.40007368 -1.00095868 0.83178967 50.0
1.37730384 -1.27172792 -0.61167908 50.0
-1.10177255 0.81609511 1.15865326 50.0
-0.85825080 -1.38233411 0.39072725 50.0
0.09696610 -1.27172792 -1.42591190 50.0
1.13675749 0.95329320 -1.24978626 50.0
-1.41148746 0.70522177 0.28625059 50.0
1.16113853 1.00940311 -0.31967580 50.0
0.41929013 1.07059669 0.30438501 50.0
1.39876103 0.37826064 -1.42578459 50.0
-1.27593112 0.17463204 -1.35082531 50.0
-0.92340285 0.77755904 1.21254575 50.0
0.48008099 0.84588391 0.72343755 50.0
1.24294126 0.98188365 -0.29102889 50.0
0.74009192 1.05039465 0.34098196 50.0
-1.12007916 -0.89585406 -1.33956385 50.0
0.52604604 1.05817318 0.13363086 50.0
-1.23735487 0.99272716 0.19017254 50.0
0.63095075 -1.90349197 -0.25176430 50.0
-0.76851577 0.89483714 0.70658362 50.0
-0.73987591 0.74186134 1.17559922 50.0
1.16399407 -1.22128475 0.41074988 50.0
1.33892846 0.99413109 1.30961406 50.0
1.08653283 0.19040036 0.87201399 50.0
0.06674074 1.04540217 -1.18067944 50.0
-1.29609931 0.96547502 -0.28367254 50.0
-1.30223036 -1.04504609 -1.53492033 50.0
1.22621739 0.98738754 0.07997096 50.0
-0.75637501 1.06129634 0.26333708 50.0
0.79879791 0.91094673 0.67539173 50.0
-1.45144272 -0.11214516 -0.47269511 50.0
1.42806089 0.11845394 -0.28188235 50.0
1.43648493 0.36208323 -0.47237337 50.0
0.94828677 0.49729848 -1.51222956 50.0
0.21836360 -1.33049488 0.46425426 50.0
0.98233676 1.04671717 -1.02928400 50.0
-1.11980116 -0.53932071 0.94616294 50.0
-0.92002648 -1.23680484 -1.53039432 50.0
1.34490621 -1.37150919 -1.24945629 50.0
0.97017604 -0.85187846 -1.34759700 50.0
-0.36212212 0.37807563 -1.40811741 50.0
1.43092632 -0.11214516 -0.47269511 50.0
1.36352253 -0.72950536 0.41040164 50.0
-0.82826537 1.04982913 0.29123107 50.0
-0.08856375 1.10174012 -0.32724631 50.0
-0.76769787 0.67854804 0.80840576 50.0
-0.72650963 -1.72140241 -1.23456776 50.0
0.06936900 0.60019594 0.94400913 50.0
-0.53268838 0.78320545 0.75668550 50.0
-1.44895768 0.11772741 0.07474458 50.0
0.22065796 -1.30290020 0.49374971 50.0
1.42151868 0.80542159 1.02762139 50.0
1.00485921 0.94752884 0.53952247 50.0
1.34490621 -1.37150919 -1.24945629 50.0
1.27304137 -1.53073049 -0.33677736 50.0
-0.42276183 -0.96287292 0.91553789 50.0
-0.75629348 0.60019594 0.90384746 50.0
1.13624334 1.00690246 0.14269535 50.0
-0.45283926 0.15230888 -1.41050780 50.0
-1.36207855 0.83987856 1.30751741 50.0
1.02182961 1.01850498 0.02096317 50.0
0.96948659 0.39557213 -1.43044508 50.0
0.51231891 0.79556298 1.23205411 50.0
-0.97346646 1.03616261 0.15973131 50.0
-1.43244386 0.91919136 1.32033157 50.0
-0.08700706 1.06258559 0.15554589 50.0
-1.44008911 0.89924496 1.21164680 50.0
1.37730384 -1.27172792 -0.61167908 50.0
0.97017604 -0.85187846 -1.34759700 50.0
0.88305610 -0.44570225 1.40579247 50.0
-0.89640343 1.02573740 0.39845601 50.0
1.41861188 0.74468386 -0.92085993 50.0
0.82778054 0.81545430 0.81054705 50.0
-0.99353188 0.35325062 0.90214252 50.0
-0.87734258 0.92529839 1.11266422 50.0
-1.01480854 1.05766058 -0.69851661 50.0
0.04229209 -1.93343127 -0.26015702 50.0
-0.43493155 0.82418334 0.73788792 50.0
-0.59045309 -1.17769611 0.55074918 50.0
0.56757218 -1.04963052 -1.41429400 50.0
-1.04463923 0.99361295 1.32576168 50.0
-1.12561822 1.02057838 0.17410281 50.0
-0.26795936 -0.35350960 -1.41071820 50.0
1.36268473 -0.93049556 0.33499309 50.0
0.06705397 -1.17769611 0.55374146 50.0
0.53686476 -1.50424790 0.34290484 50.0
0.57629895 1.09843659 -0.50748146 50.0
0.24656750 -0.65945071 -1.40943193 50.0
-0.94776535 0.46922243 0.90426791 50.0
-0.99353188 0.35325062 0.90214252 50.0
1.38876843 -1.13709629 -0.71472377 50.0
-1.15754783 1.01685166 0.18515326 50.0
-0.12031353 -1.01405227 -1.40584135 50.0
-1.25889552 0.41927889 -1.60018432 50.0
1.39743495 0.76985681 1.04560339 50.0
-1.02161980 -0.67707640 1.11015344 50.0
1.28454459 0.30162132 0.49944970 50.0
-1.44240558 0.78390539 0.13067004 50.0
-0.96329713 -1.77765560 -0.47438726 50.0
-0.32896116 -1.41326284 -1.38945007 50.0
1.36278892 -0.10855263 0.46630186 50.0
1.02008867 0.75555623 0.67377752 50.0
-1.17785895 1.01379180 0.20001324 50.0
-0.34489304 -1.06938159 -1.41572034 50.0
1.08230817 -1.50891578 0.20571420 50.0
-0.12519290 0.39557213 -1.41105866 50.0
-1.07634246 0.33931753 0.77945882 50.0
-0.91221988 -0.93471164 -1.37600207 50.0
-1.08698821 0.27980590 0.81007087 50.0
-0.72028685 -1.38233411 0.41343525 50.0
-0.64479798 0.05984724 -1.40503252 50.0
-0.20430025 0.79550731 1.23321116 50.0
-0.29778409 -1.90014160 -0.03972656 50.0
-0.77326512 -1.41326284 -1.38603163 50.0
1.35781944 -1.37261045 -0.19628388 50.0
-1.03275418 1.03562200 -0.20250060 50.0
1.08023214 1.03895867 -0.88849473 50.0
0.80056989 0.80249202 0.83377963 50.0
-0.34312069 -1.09652448 -1.41972744 50.0
-1.13303924 0.75136042 1.13179183 50.0
0.31648338 -1.27172792 -1.42591190 50.0
1.02591622 0.98701912 1.34233975 50.0
-0.06235234 -1.94193029 -0.54593420 50.0
-0.96927685 -1.27172792 -1.64104319 50.0
-0.73051572 0.90348208 1.12876880 50.0
0.43259639 -0.19322965 -1.41074157 50.0
1.03671110 1.01737261 0.12886085 50.0
1.01422143 -0.74148184 1.05088317 50.0
0.75387967 -0.87495118 1.07097423 50.0
1.30953908 -1.46759713 -0.31964704 50.0
-0.95381629 0.77770841 -1.44792354 50.0
-1.01099527 0.82507354 -1.39545667 50.0
1.36934328 -1.34142494 -0.18364538 50.0
0.80253929 0.91334993 0.71771663 50.0
1.23661172 -0.93484336 -1.34514952 50.0
0.41091791 0.46922243 1.10453641 50.0
-0.62704122 0.76237637 0.76102036 50.0
-0.09981304 0.24007241 -1.40887678 50.0
0.09696936 -1.30693603 -1.42171776 50.0
-0.95260221 -1.01405227 -1.38838518 50.0
1.12278354 0.77775258 1.20855117 50.0
1.41357541 0.87864012 1.07719898 50.0
-1.39828861 -1.27172792 -0.14990962 50.0
0.34281567 -1.70675182 0.19093150 50.0
0.90880686 -1.55571353 0.23724781 50.0
-1.13552654 0.35126892 -1.36862504 50.0
-1.45457506 0.36224747 -0.67600417 50.0
0.59156102 0.20755529 1.35781229 50.0
-0.50059742 0.84588391 0.72343755 50.0
1.01560235 -1.30693603 -1.69499874 50.0
0.56603062 -1.01405227 -1.40584135 50.0
1.32325912 0.90729278 0.20849857 50.0
-0.09086503 -0.87495118 1.09798825 50.0
1.40187514 0.86405540 -0.28138143 50.0
0.20368983 1.07584000 0.23372954 50.0
0.85714573 0.81987679 0.69311881 50.0
-1.05096745 -1.14917684 0.50089735 50.0
-0.43371448 0.35644493 1.21979630 50.0
1.42465913 0.20164049 -0.97743034 50.0
-1.43019104 0.70521969 -1.22078109 50.0
0.58585829 1.07532430 0.19945563 50.0
-0.93719500 0.17443158 1.19799304 50.0
1.42545831 -0.58145714 -0.48854432 50.0
0.45868275 0.24007241 -1.40887678 50.0
-0.08718638 1.07717681 -1.09197450 50.0
1.41170728 -0.97835815 -0.14349073 50.0
-0.75606054 -0.93471164 -1.39872050 50.0
1.10132933 -0.65945071 -1.34350729 50.0
-1.24673378 0.98738754 0.07997096 50.0
0.30844474 -1.41326284 -1.38945007 50.0
0.18268219 0.86877483 1.28199136 50.0
0.99928230 1.05246174 -0.49155784 50.0
1.37445676 -1.30693603 -0.16928762 50.0
-1.44059443 0.70521969 -0.92167032 50.0
-0.93311125 0.25834495 1.11198854 50.0
0.49087471 -1.70675182 0.18960039 50.0
0.82426721 0.91708350 0.89029783 50.0
-0.82186395 0.82508451 -1.39221120 50.0
-0.90026712 1.04175282 0.28774089 50.0
1.20609701 0.84217811 1.25967324 50.0
-0.34256279 1.07063317 0.30338684 50.0
0.06996682 0.51172727 1.05672586 50.0
-0.90020102 0.73853976 0.72765076 50.0
1.42161596 0.15088317 0.21633206 50.0
-0.98603988 0.74214488 1.16970897 50.0
-1.40565670 0.74727732 1.25461555 50.0
0.73757142 1.06573927 0.19465320 50.0
1.43019080 0.82731557 1.03875685 50.0
-0.78176969 0.76433247 0.74160832 50.0
-0.69760495 0.93389672 0.63765383 50.0
-1.28269649 -1.53051770 -0.84614384 50.0
-0.12115618 -1.03476202 -1.41073275 50.0
0.94181192 0.67854804 0.75121224 50.0
0.10009152 -1.04963052 -1.41429400 50.0
-1.34197044 0.93954605 0.00727286 50.0
-1.11873710 -0.79790509 -1.34156585 50.0
0.62769842 0.20146863 -1.40398240 50.0
-0.88278639 0.93317622 0.60678834 50.0
-0.96527702 -1.77711213 -0.37356883 50.0
0.06871788 -0.29429385 1.64774728 50.0
-1.31611502 0.70809966 0.44982144 50.0
-0.93868577 0.87474149 1.10187936 50.0
-0.83080852 0.49729848 -1.44441199 50.0
-0.22833669 1.06750882 0.16898279 50.0
0.97462404 0.37807563 -1.40509427 50.0
-1.03800547 1.02850497 -0.11897145 50.0
0.59032053 0.35644493 1.21017063 50.0
-1.44429290 0.05984724 -0.97867018 50.0
1.41150331 -0.85187846 0.24565919 50.0
-0.58746588 1.05492175 -1.15249026 50.0
-0.73353994 0.89529580 1.29671526 50.0
-0.53332293 0.74177074 1.17748165 50.0
-1.07634246 0.33931753 0.77945882 50.0
-0.85245830 0.74195653 1.17362142 50.0
0.56757218 -1.04963052 -1.41429400 50.0
1.39284956 0.74058628 1.12133527 50.0
-0.68187106 -0.85187846 -1.40056574 50.0
-1.45816648 0.49730039 -0.09256873 50.0
-0.08856375 1.10174012 -0.32724631 50.0
-1.30978703 0.74962085 1.19851875 50.0
-1.05092859 0.35106772 -1.36739731 50.0
-0.35816669 0.73671645 0.78005552 50.0
-1.17463624 0.47231555 0.61483181 50.0
0.10179370 0.35101748 -1.40717804 50.0
-0.84558123 0.97961861 1.30318010 50.0
-1.01343048 1.03687525 0.23108792 50.0
0.74312103 1.06278765 0.17855251 50.0
1.43978322 0.41041952 0.07913982 50.0
0.74661052 -1.07771659 0.63155270 50.0
-1.20330322 0.68095630 0.58900380 50.0
-0.96211034 0.54147619 -1.53016353 50.0
-1.37841797 -0.26928002 0.45768049 50.0
1.22576451 0.98609859 -0.90740925 50.0
1.39743495 0.76985681 1.04560339 50.0
-0.95970047 -0.73824668 1.18677986 50.0
0.92994630 0.86813140 0.64518714 50.0
0.75072438 -0.79217184 1.23537159 50.0
-1.15727401 0.95329320 -1.24978626 50.0
-0.87428671 0.51172727 0.93856257 50.0
-1.37902820 0.90490288 0.10635340 50.0
1.20647001 1.00026071 -0.90717036 50.0
1.42620075 -0.50502980 0.07276165 50.0
-0.90586078 0.79714876 1.06514013 50.0
-1.45239830 0.24007241 -0.28184673 50.0
1.42989516 -0.79790509 0.03608821 50.0
1.04166782 -1.09647512 -1.64368010 50.0
1.39162064 -0.97804099 0.19179842 50.0
-0.90545630 1.07127237 -0.49194857 50.0
0.95316428 -1.20159101 -1.66083455 50.0
1.39952707 0.99141312 1.29636586 50.0
-0.65146714 -1.90349197 -0.25284454 50.0
-0.12128611 0.70521969 -1.40691400 50.0
0.21224774 1.05851543 0.13350599 50.0
-0.84803271 0.81667280 0.74719769 50.0
-0.65173119 -1.90303802 -0.19703501 50.0
0.28272557 -0.89585406 -1.40527558 50.0
-0.78601462 -1.59237695 0.25363672 50.0
1.37074780 -1.30693603 -0.05433455 50.0
1.43144083 0.77280736 1.01690185 50.0
0.57403213 1.10360360 -0.72235155 50.0
-1.43146503 0.74014246 1.17508316 50.0
-0.84402764 0.91987681 1.31206608 50.0
-1.41728389 -1.06078494 -0.05458573 50.0
0.79987746 0.80563217 -1.40245354 50.0
-0.53359061 0.73792082 1.16411686 50.0
1.42570412 -0.35350960 0.07761247 50.0
1.39195585 -1.13755929 -0.14515716 50.0
0.83101630 0.79150355 1.06023979 50.0
0.23340188 0.55604595 1.00336730 50.0
-0.77124083 -0.79217184 1.23537159 50.0
-0.98255187 -0.50502980 -1.35156810 50.0
-1.44689548 0.45350343 -1.49345660 50.0
1.21300578 0.99534070 -0.16995683 50.0
-0.61120504 0.95856529 0.61599368 50.0
1.36988103 -1.20274830 -1.24947476 50.0
-1.42542088 0.91545182 1.39909387 50.0
-0.43034500 0.51172727 1.05672586 50.0
-1.03800547 1.02850497 -0.11897145 50.0
-0.08671481 -1.27961385 0.51554495 50.0
-1.11642897 0.42011672 -1.56373262 50.0
-0.73196518 0.96008933 1.34153569 50.0
-0.61569774 -0.83611768 1.17217064 50.0
0.81331331 1.05572784 0.17529117 50.0
-1.11873710 -0.79790509 -1.34156585 50.0
1.25525451 0.15230888 -1.35109293 50.0
0.62413329 0.11845394 -1.40494442 50.0
-1.43992758 -0.43061194 -0.97844219 50.0
1.18570662 1.01106024 -0.91182804 50.0
0.95349568 0.86717993 0.64054310 50.0
-0.35014969 0.82508451 -1.39229488 50.0
-0.90545630 1.07127237 -0.49194857 50.0
0.94876033 -1.27172792 -1.64104319 50.0
0.98438323 0.75976938 0.68787867 50.0
-0.95282394 0.66566098 -1.51142859 50.0
-0.98506820 0.79593569 1.22431111 50.0
0.94486773 -1.77691090 -0.30121100 50.0
-0.38767710 -1.79093611 -1.21410441 50.0
1.27558279 0.96547502 -0.28367254 50.0
0.95251942 -1.37100148 -1.46681952 50.0
0.88689148 0.82132727 0.68523836 50.0
0.69508725 0.80060571 0.73780566 50.0
1.40861773 0.98578733 1.29080093 50.0
0.81015545 1.04350841 0.33525416 50.0
-1.13183701 0.94183469 1.32126629 50.0
1.14715421 -1.30693603 -1.74059296 50.0
1.42737675 -0.58145714 -0.30128846 50.0
0.59493512 -0.79217184 1.25996161 50.0
0.18395233 0.76206654 1.20616198 50.0
0.98279732 0.78073245 0.68073225 50.0
-0.54137695 0.74982196 1.14406598 50.0
-1.35448563 -1.41038394 -0.82054436 50.0
-1.12846184 -0.02328918 -1.34476745 50.0
-1.01343048 1.03687525 0.23108792 50.0
1.02064884 -1.20159101 -1.76491344 50.0
1.33411157 0.97402871 1.38168478 50.0
1.42794526 0.20146863 -0.47261679 50.0
-0.25391829 0.55604595 1.00336730 50.0
-1.05075443 0.86929321 1.27122140 50.0
0.67852920 0.84067625 1.10117006 50.0
-1.33189476 -1.11849511 0.36588559 50.0
1.16838741 -1.13015270 -1.74478924 50.0
-0.73447633 0.89343673 0.68802416 50.0
-0.73296881 -0.44570225 1.59359670 50.0
-0.60876739 0.42043328 -1.41569614 50.0
1.09191954 0.15633111 0.88684630 50.0
-1.45088732 0.70521969 -0.47148490 50.0
-1.19649351 0.90200758 1.21665442 50.0
0.90851665 0.95545822 0.57035077 50.0
1.18146622 0.99693418 0.11695722 50.0
-0.75914365 0.20816559 1.32717264 50.0
0.78834945 0.84254980 -1.38297164 50.0
-0.83201623 1.01054406 0.48585248 50.0
1.29090714 0.73839855 1.15556979 50.0
1.41170728 -0.97835815 -0.14349073 50.0
-0.83687693 0.45495641 -1.43449497 50.0
0.67708856 0.93389672 0.63765383 50.0
1.35215759 -0.42670906 0.45270291 50.0
0.88070637 -0.83611768 1.10343623 50.0
1.37449300 -1.16825819 -1.24352527 50.0
-0.97658682 0.45495641 -1.48630452 50.0
1.27254033 -1.53073049 -0.24789856 50.0
1.22621739 0.98738754 0.07997096 50.0
0.48201796 -1.46798992 -1.38551474 50.0
0.30844474 -1.41326284 -1.38945007 50.0
-0.59443015 -0.21397400 1.62566864 50.0
-0.08992524 -0.91857117 1.00798750 50.0
1.24294126 0.98188365 -0.29102889 50.0
-0.63483697 -1.86704946 0.01402596 50.0
-1.19015479 -1.64166665 -0.28085032 50.0
0.91686010 -1.73142076 -0.03799769 50.0
-0.71215147 -1.44462097 0.37371844 50.0
1.37730384 -1.27172792 -0.61167908 50.0
-0.12128611 0.70521969 -1.40691400 50.0
-0.80600363 0.80414224 0.77828228 50.0
0.99291390 1.03687525 0.23108792 50.0
0.23085019 -0.13402434 1.60637951 50.0
-0.64857703 -1.90477610 -0.39962855 50.0
0.57137698 -1.91055560 -0.11245596 50.0
1.00646603 -1.00095868 0.75298744 50.0
0.94131482 1.00156307 0.47337335 50.0
-0.35816669 0.73671645 0.78005552 50.0
0.88863623 1.05445910 -0.20466396 50.0
0.39167964 -1.72158146 -1.25978220 50.0
-0.76509625 -1.11350274 0.57207513 50.0
-1.18679214 0.91081345 -1.29032958 50.0
-0.08780120 -1.14544463 0.56375235 50.0
-1.14442551 -1.67830956 -0.37285170 50.0
0.10091624 0.77770841 -1.40547407 50.0
-1.44415987 -0.73342979 -0.68881702 50.0
-0.73196518 0.96008933 1.34153569 50.0
-0.51233006 0.82440853 0.73707789 50.0
0.76056051 1.05157602 0.15063056 50.0
1.42122567 0.66566098 -0.92243367 50.0
0.98651236 -1.38233411 0.34839708 50.0
-0.75760651 0.55604595 0.95587063 50.0
-1.44646072 -0.79790509 0.16357102 50.0
-1.04187739 0.67289615 0.70882505 50.0
-0.99069244 -0.85187846 -1.34759700 50.0
1.41774547 0.92358768 1.22899580 50.0
0.06802143 1.07433820 -0.12970078 50.0
-0.08832635 0.73609304 0.78023487 50.0
-0.08925521 -0.21397400 1.63344204 50.0
0.18672009 0.94847709 1.27259147 50.0
1.21166611 0.73908252 1.13865602 50.0
0.18598871 0.97930115 1.30772305 50.0
0.39804089 -1.07771659 0.64861614 50.0
-1.07688260 0.66566098 -1.73569083 50.0
-1.00479352 0.70823157 0.71141303 50.0
-1.10704935 0.19040036 0.87201399 50.0
0.23707600 0.23007780 1.34538138 50.0
-1.45077538 0.20095059 0.07560702 50.0
0.06804734 1.10174012 -0.32724631 50.0
-0.59409845 -0.29429385 1.63991034 50.0
-1.26084447 -0.41109756 0.67760766 50.0
0.98948288 1.05743134 -0.86989754 50.0
1.11252272 0.75136042 1.13179183 50.0
-1.29596925 0.94078064 1.34273672 50.0
1.24863374 0.98033172 -0.13216116 50.0
-0.08603623 -1.30290020 0.49374971 50.0
0.10128142 0.82508451 -1.39229488 50.0
0.51902050 0.76185983 0.76552975 50.0
-0.52794611 0.99242216 1.34603584 50.0
0.23306365 -0.52204567 1.59505296 50.0
0.50128412 0.93501484 0.64694846 50.0
1.40007472 0.88919473 1.42167985 50.0
0.73922157 -1.14544463 0.54856807 50.0
-1.44737887 0.17463204 -0.47265673 50.0
0.79359490 0.91334206 0.72339779 50.0
1.34874189 0.54147619 -1.75373435 50.0
0.82927167 0.92537099 1.11547148 50.0
1.41932189 0.92949897 1.10862625 50.0
-1.42252958 0.05775812 0.34202626 50.0
0.88439661 -1.59277081 0.21145123 50.0
0.39339235 1.09921706 -0.99992561 50.0
-0.93315524 0.97980148 0.53293222 50.0
0.74318153 0.78697783 1.12451327 50.0
0.78068012 0.80391598 0.72714120 50.0
-1.44054031 0.84184384 1.26727951 50.0
0.56694949 1.05492175 -1.15249026 50.0
-1.43821025 0.96510231 1.19207072 50.0
1.00507915 0.96582037 1.27977204 50.0
-1.11012161 1.02731133 0.21269004 50.0
-0.41362652 1.03579307 -1.20408797 50.0
-1.44429290 0.05984724 -0.97867018 50.0
0.58025235 0.82336128 0.73559010 50.0
-0.54857689 0.77398211 1.14792192 50.0
-0.72028685 -1.38233411 0.41343525 50.0
1.00978506 -1.53096735 -1.31341159 50.0
1.13309658 1.02353311 -1.02146339 50.0
0.56477004 -1.06938159 -1.41572034 50.0
0.96316105 1.01729059 0.39595491 50.0
0.82221830 1.05045998 0.16196062 50.0
-0.61569774 -0.83611768 1.17217064 50.0
0.64546847 0.91890132 -1.34213018 50.0
-0.87231445 0.60019594 0.85110110 50.0
-0.09480523 -0.43061194 -1.41062498 50.0
-1.43426287 0.97860223 1.18984258 50.0
-1.44477463 0.17463204 -0.68293333 50.0
0.98579127 0.73584628 0.69653630 50.0
1.42381561 -0.79790509 -0.69031030 50.0
1.38216138 0.79148763 1.31780756 50.0
-0.42015821 1.07399237 -0.12970078 50.0
-0.95544511 0.80563217 -1.41854739 50.0
-0.59409845 -0.29429385 1.63991034 50.0
1.43532431 0.66566199 -0.10032079 50.0
1.18125188 0.64309287 0.59648728 50.0
-1.30978703 0.74962085 1.19851875 50.0
0.98109460 0.80155456 0.67268115 50.0
1.04674757 -1.06913459 -1.58234596 50.0
1.43338704 0.74468386 -0.28151843 50.0
-1.44622052 -0.35350960 0.07761247 50.0
1.22029603 0.99223310 -0.30073851 50.0
1.41861188 0.74468386 -0.92085993 50.0
-1.29731607 0.96449751 0.06322882 50.0
0.98948288 1.05743134 -0.86989754 50.0
0.41848120 1.07730031 0.23927401 50.0
-1.45338249 -0.11214516 -0.28188425 50.0
0.33804128 0.42043328 -1.41569614 50.0
-1.43930614 -0.79790509 -0.97771859 50.0
0.99489707 1.03836131 0.19038203 50.0
1.39179075 -1.13755929 -0.24863167 50.0
-1.20943582 0.96476126 1.26825297 50.0
-0.98248649 0.17463204 -1.35138726 50.0
1.39661217 -1.02262282 0.07140516 50.0
-0.80240148 -1.85115230 -0.97651321 50.0
-1.38985980 -1.34142494 -0.18364538 50.0
-0.23276417 1.05851543 0.13350599 50.0
-0.08853784 1.07433820 -0.12970078 50.0
-1.17856860 1.00850308 0.27446097 50.0
1.16551363 -1.64166665 -0.59696263 50.0
-1.40359521 -0.02328918 -1.25393212 50.0
-0.98398417 -0.11214516 -1.35188401 50.0
-0.66598481 0.91890132 -1.34213018 50.0
0.79708576 -0.29429385 1.53914452 50.0
-0.24475169 1.07764947 -1.08590627 50.0
-0.93832910 -1.09652448 -1.48624277 50.0
0.56993669 -1.17769611 0.55074918 50.0
-0.54103935 -1.59227848 0.28028873 50.0
-0.22765175 -1.59227848 0.28207812 50.0
0.73957449 1.04660976 0.08250351 50.0
0.93508357 -1.77993214 -0.72938621 50.0
0.20590273 0.92614228 0.65670323 50.0
-0.76851577 0.89483714 0.70658362 50.0
0.97847098 -0.52526742 1.19904280 50.0
-0.76363748 1.06278765 0.17855251 50.0
-1.41034758 -1.13758385 -0.05352050 50.0
0.55769670 -1.30290020 0.49102312 50.0
-0.57372212 -1.20159101 -1.42830074 50.0
0.06801769 1.06775725 -0.06385062 50.0
0.80461663 1.05890846 0.21093531 50.0
1.20086110 0.89539802 1.29453301 50.0
1.30891109 -1.46759713 -0.22908232 50.0
-0.96880329 0.49729848 -1.51222956 50.0
-0.08490518 -1.38233411 0.42555940 50.0
0.90135461 0.86961323 0.64890504 50.0
0.40844128 0.55604595 1.00336730 50.0
-0.54857689 0.77398211 1.14792192 50.0
-0.35624710 0.45495641 -1.42154396 50.0
-0.93446618 0.35644493 1.00923908 50.0
1.31615520 0.94009471 0.08749772 50.0
-0.84478366 0.91708350 0.89029783 50.0
-1.45126534 -0.19322965 -0.28188410 50.0
-0.68528813 -1.55561495 0.29956022 50.0
0.62413329 0.11845394 -1.40494442 50.0
1.04817414 0.45212469 0.73067784 50.0
-1.02559149 0.49729848 -1.61913371 50.0
-1.44526839 0.79562718 1.23549998 50.0
1.27365601 0.82014662 1.14701056 50.0
1.19862866 0.94155669 1.32691395 50.0
1.04448521 1.03298104 0.21178257 50.0
1.38329506 0.86312282 -0.93995392 50.0
-0.74088150 0.73822606 1.15109134 50.0
-1.03359389 0.81861526 0.64940351 50.0
-0.91902995 -1.30693603 -1.50425923 50.0
-1.26887476 -0.58145714 -1.35053718 50.0
-0.29778409 -1.90014160 -0.03972656 50.0
0.88615906 1.02474034 0.39776587 50.0
1.41757560 0.74935502 1.06868505 50.0
-0.78885764 -0.97712493 -1.39854157 50.0
0.94131482 1.00156307 0.47337335 50.0
-0.22279635 1.07137525 0.29546407 50.0
-0.33816326 -1.20159101 -1.42830074 50.0
-1.40279806 -1.23754549 -0.22165073 50.0
1.42583323 0.58435637 -0.92386520 50.0
0.82272184 0.97571111 1.34736121 50.0
0.39962226 1.06775725 -0.06385062 50.0
-1.38575041 -1.23703623 -1.25271595 50.0
-0.98096234 -1.64130378 0.10997754 50.0
-1.43787408 -0.58145714 -0.97780603 50.0
-0.97747320 0.89556950 1.29102838 50.0
0.63095075 -1.90349197 -0.25176430 50.0
1.43019211 0.75990945 1.06476355 50.0
-1.22680974 0.99877471 -0.69102716 50.0
-0.08541411 0.98790091 0.58295423 50.0
-0.73651165 -1.30290020 0.48011544 50.0
-0.96818650 0.88900208 0.62471133 50.0
-0.20319861 0.86877483 1.28199136 50.0
0.71245241 -0.44570225 1.59359670 50.0
-0.91369456 0.98681778 1.34652185 50.0
-1.34829819 0.17556860 0.51232833 50.0
-1.01055372 1.02405560 -1.14207208 50.0
0.96918100 -0.44891945 1.22320902 50.0
0.33729422 1.05881476 0.13374712 50.0
-1.35451221 -1.36848640 -1.46238530 50.0
-0.59500188 -1.11350274 0.58464861 50.0
-0.24505638 1.04269767 -1.18474460 50.0
1.11128926 0.98707199 1.34123099 50.0
1.12035918 -1.67830956 -0.22063085 50.0
1.22854400 0.13391739 0.68686551 50.0
0.88409775 -1.59127450 -1.30312157 50.0
1.42364335 -0.73342979 -0.68881702 50.0
0.94578397 0.97986203 1.29942405 50.0
0.81926292 0.80635983 0.72446907 50.0
1.34411728 -1.36804509 0.04860869 50.0
1.10510170 1.02057838 0.17410281 50.0
-1.03636968 -1.68041098 -1.25899541 50.0
-1.01480854 1.05766058 -0.69851661 50.0
1.38074577 0.05984724 -1.25391531 50.0
-0.12298999 0.49729848 -1.42745936 50.0
-0.34706280 1.07297027 0.18193856 50.0
0.71389973 0.90582591 0.66609395 50.0
-1.19248331 1.00257277 0.15250283 50.0
-0.08775412 1.05841577 0.13342567 50.0
-1.44848657 -0.58145714 -0.10784787 50.0
1.31881166 0.93954605 -0.47039306 50.0
1.35888755 -0.98185742 -1.24570298 50.0
-0.97419709 0.80349094 0.68066889 50.0
1.10385382 0.76292306 1.13533139 50.0
-0.49559164 0.87435925 1.17716861 50.0
0.74318153 0.78697783 1.12451327 50.0
-0.25098351 -0.21397400 1.63344204 50.0
-0.61272609 -0.87495118 1.09258592 50.0
-0.46391043 0.70957303 0.79897749 50.0
1.30715632 0.24223046 0.50754124 50.0
0.56333870 -1.92000711 -1.09076059 50.0
0.45917326 -1.80024111 0.10750742 50.0
-0.53466135 0.73813701 1.15297306 50.0
1.27746785 0.96508700 -0.11707555 50.0
0.47127226 -1.94375062 -0.94304037 50.0
1.29002726 0.74175239 1.17796826 50.0
-0.82389927 -0.43061194 -1.38208973 50.0
-1.44295275 0.11845394 -0.97862548 50.0
0.96336710 0.42043328 -1.45791912 50.0
0.52545470 0.94894660 1.26631439 50.0
0.24745758 0.05984724 -1.41073978 50.0
-0.36049533 0.39557213 -1.41105866 50.0
1.29759455 -1.46198130 -0.00697442 50.0
1.42794526 0.20146863 -0.47261679 50.0
-0.09483127 -0.27317959 -1.41074157 50.0
-0.84180969 0.03400280 1.40501547 50.0
-0.35041398 1.06828940 0.16975150 50.0
-1.41752195 0.11604111 0.34901267 50.0
-1.24103475 -1.52985334 -1.25578165 50.0
-0.60561383 -1.89735854 -0.04849484 50.0
1.19262791 0.25745925 0.66125828 50.0
-0.64479798 0.05984724 -1.40503252 50.0
1.16842425 -1.64166665 -0.46944910 50.0
-0.16900317 -1.94193029 -0.54593420 50.0
-0.26749629 -0.58145714 -1.41003776 50.0
0.40934750 0.11537531 1.43799067 50.0
0.82459795 0.89538556 1.29485047 50.0
0.73316908 0.29706603 -1.40236473 50.0
-1.43821025 0.96510231 1.19207072 50.0
-1.45390713 -0.11216154 -0.09293983 50.0
-0.93311125 0.25834495 1.11198854 50.0
-0.06339632 -1.91751146 -0.11114130 50.0
-0.95276308 0.84522277 0.66095793 50.0
-0.89676774 -1.24740028 0.49302202 50.0
-1.41581225 0.74686819 1.08085155 50.0
-0.92115641 0.74251747 1.14003181 50.0
1.18891931 0.96476126 1.26825297 50.0
-1.28990102 -1.53073049 -0.56999981 50.0
1.23803961 0.07585608 0.68408912 50.0
0.07077913 0.20740274 1.36547160 50.0
0.18766637 0.74993855 1.14535689 50.0
-0.85246336 -0.85187846 -1.37781453 50.0
1.22954345 -0.98027885 -1.35254574 50.0
1.38622952 -1.06098354 -0.95882440 50.0
-1.02767932 1.01743686 0.08442976 50.0
0.86356145 0.90121740 1.00797570 50.0
0.76963383 -1.30693603 -1.43822479 50.0
0.57130915 0.74344450 -1.40769708 50.0
1.24184954 0.98161542 0.09617259 50.0
-1.42044616 0.86405540 -0.47084984 50.0
0.74513471 0.98338932 0.56135446 50.0
1.39959717 -1.02268410 -0.33143777 50.0
0.99489707 1.03836131 0.19038203 50.0
0.58097953 0.64189231 0.87780911 50.0
0.78904396 -1.06938159 -1.42536879 50.0
1.35421669 0.74532896 1.10156131 50.0
-1.01489615 -1.59127450 -1.29627359 50.0
-0.84363300 0.99334252 1.33173823 50.0
-1.00875294 0.80570424 -1.44666219 50.0
-1.45025706 -0.73342979 -0.12101314 50.0
-0.86510849 0.20893724 1.26470327 50.0
1.01560235 -1.30693603 -1.69499874 50.0
-1.45133543 0.74468386 0.13775703 50.0
-1.24906051 0.13391739 0.68686551 50.0
0.32332125 0.93745339 0.64645839 50.0
1.35851181 0.90490288 0.10635340 50.0
-1.44435310 0.05856130 0.21522084 50.0
1.38912094 0.74480629 -1.48108733 50.0
0.81561208 0.90690148 0.67057973 50.0
0.06846382 -1.59127450 -1.35964918 50.0
-1.07091987 0.87193072 -1.31607938 50.0
-0.93077278 0.11567070 1.24406278 50.0
-1.37722981 -1.37261045 -0.65643710 50.0
-0.49559164 0.87435925 1.17716861 50.0
-0.25668648 0.35644493 1.21979630 50.0
0.41475481 0.23007780 1.34538138 50.0
0.77036172 -1.53096735 -1.34990549 50.0
-0.11484456 -1.41326284 -1.38945007 50.0
-1.44057775 0.75918579 1.03426087 50.0
1.24977088 0.96886283 0.21790349 50.0
-1.21945953 0.86775613 -1.32232249 50.0
-1.45582485 0.74468386 -0.10450877 50.0
1.41088617 0.78977889 1.35504854 50.0
-0.77326512 -1.41326284 -1.38603163 50.0
0.07522359 -0.79790509 -1.40738583 50.0
0.23537260 -0.87495118 1.09798825 50.0
-1.37383771 0.76760679 1.08302963 50.0
1.39500070 -1.09836030 -0.21089730 50.0
-1.34829819 0.17556860 0.51232833 50.0
1.42702878 0.74468386 -0.66947997 50.0
0.82914913 -0.59995294 1.43483090 50.0
1.05861461 -1.71825206 -0.30179352 50.0
1.19596362 0.62565672 -1.81577516 50.0
0.99250722 1.03855801 0.20952420 50.0
0.06455640 1.01666784 0.52501535 50.0
1.39307249 -1.06078410 0.03866675 50.0
-0.94058526 -1.78197730 -1.01188755 50.0
1.23714662 0.98354435 -0.47851145 50.0
-1.42924225 -0.97835815 -0.51356363 50.0
-0.18530780 0.87413955 1.20615339 50.0
0.90827125 -0.59995294 1.32667696 50.0
-0.24475169 1.07764947 -1.08590627 50.0
1.19172692 1.00336480 0.20093444 50.0
0.33573073 0.45495641 -1.42154396 50.0
-0.09086503 -0.87495118 1.09798825 50.0
0.40717053 0.96691895 -1.30777287 50.0
-0.09132869 0.29692745 1.27869070 50.0
-1.38575041 -1.23703623 -1.25271595 50.0
1.36411333 -1.23454201 0.12841262 50.0
1.39697623 0.78530604 1.04844224 50.0
-0.61288041 0.23021837 1.33742929 50.0
-1.29653311 -0.91475731 0.51656854 50.0
0.07994515 -0.85187846 -1.40625298 50.0
-0.91083908 1.03534555 0.00833363 50.0
-1.44436038 0.82334155 0.02217771 50.0
-1.31867981 -1.07903671 0.40549460 50.0
-1.37940407 -0.98185742 -1.24570298 50.0
-0.16614747 -1.95424259 -0.95543450 50.0
0.74839354 -0.91857117 0.98296636 50.0
-0.89255542 1.06929564 -0.97328877 50.0
0.73585856 1.06129634 0.26333708 50.0
-0.66450924 -1.88966203 -0.07825422 50.0
-0.23051578 -1.55561495 0.30910566 50.0
-1.03636968 -1.68041098 -1.25899541 50.0
0.92072964 0.76234436 0.70614767 50.0
-1.13180578 0.98707199 1.34123099 50.0
-0.59240717 0.77770841 -1.40547407 50.0
1.03685093 0.77775532 1.20846939 50.0
