0.91080660 1.40779555 1.00648773 15.0
1.29481959 -0.64067835 0.78851783 15.0
-0.75559652 1.21554601 1.11584222 15.0
-1.19840276 -0.10175183 0.79518062 15.0
1.20019841 -0.99281496 -1.48351204 15.0
0.64067400 -0.40856251 -1.06337118 15.0
1.11024582 -0.30410111 -1.10199022 15.0
1.45454001 -1.06273639 0.03291875 15.0
-0.98991859 1.30911469 -1.07520533 15.0
1.41983283 0.53210193 -0.27107421 15.0
1.43532586 0.91663659 -0.67220533 15.0
-1.40081620 -0.65770251 -0.28598067 15.0
1.39782751 0.99769133 -1.21210873 15.0
-0.84913403 -0.49273434 1.11906898 15.0
-1.06779563 0.13456671 -1.10252047 15.0
0.26020393 -0.93314922 0.87691385 15.0
1.02728415 0.17604865 1.52911806 15.0
-1.40081620 -0.65770251 -0.28598067 15.0
-1.40807021 0.82984614 -0.27065194 15.0
-0.07468293 -1.26516974 -0.99527842 15.0
1.44901454 -1.09783626 0.32478559 15.0
-0.48865327 -1.41460931 0.54355973 15.0
-0.73678041 -0.74997675 -1.03956687 15.0
1.39995396 -1.17404032 -0.93172115 15.0
0.32294169 1.21090245 -1.02892327 15.0
0.07241352 -1.56669807 -0.19977205 15.0
1.43664157 -1.17516553 0.11026413 15.0
-0.32328865 0.71020859 -1.04858232 15.0
0.42516524 -1.54367864 -0.91544199 15.0
-0.83022124 1.35610557 -1.05383611 15.0
0.87479275 -0.05152711 1.78682983 15.0
0.82086200 0.33650565 1.85017288 15.0
-0.56579578 0.44082454 1.86238682 15.0
-1.37186491 -0.02379407 0.36024347 15.0
0.10459239 0.48003331 -1.04581559 15.0
0.45409894 -0.30410111 -1.05622756 15.0
0.70622724 1.46923983 0.99504775 15.0
-0.77397287 -1.20959938 -1.02743924 15.0
1.24223268 -0.23848177 0.76941347 15.0
1.43181002 1.15725017 0.16865075 15.0
-0.35188875 1.41003048 1.05940604 15.0
-0.07788749 1.21090245 -1.02484453 15.0
-0.05209057 1.36733961 1.09123802 15.0
-1.01992810 -1.02792060 -1.46699500 15.0
-0.99885893 0.57173860 1.48418677 15.0
-1.05482268 -0.96825510 0.81085569 15.0
-0.71811515 -1.51937890 -0.94405955 15.0
-0.85997063 -1.52695358 -0.82692063 15.0
1.24629951 -0.83048683 0.85461688 15.0
1.24020445 -0.30006692 0.75440431 15.0
-0.24604674 -1.59264672 -0.46547741 15.0
0.13410531 0.71020859 -1.04450369 15.0
-0.41253248 0.05768157 -1.05675459 15.0
-1.41094756 0.87388813 -0.27054983 15.0
0.60891110 0.53609580 1.83221507 15.0
-0.68142593 -0.12409851 1.78932214 15.0
0.89151740 0.84368092 1.52881217 15.0
-0.53644794 -1.57842088 -0.64392221 15.0
-0.90410793 0.95780998 -1.21726644 15.0
0.17794669 -1.55089641 0.02683557 15.0
-1.31575191 -1.17675722 0.65610045 15.0
0.83866119 -0.82766587 -1.04252982 15.0
0.94574958 -0.99281496 -1.19003868 15.0
0.83114350 0.44082454 1.82875645 15.0
-0.28069612 1.21090245 -1.02892327 15.0
-1.28393292 1.35752523 -0.26989883 15.0
-0.85570341 -0.35146543 1.38136876 15.0
-0.74491209 1.47119713 0.98444843 15.0
1.39401662 -1.06273639 -1.18611872 15.0
0.07049360 1.59711421 0.57041162 15.0
-0.39514080 -0.60134822 1.00804603 15.0
-0.86175466 0.53609580 1.76728201 15.0
0.29078889 -1.55089641 0.02105769 15.0
1.41525519 -0.35578990 0.34896922 15.0
-0.77525300 -0.95727706 -1.07524335 15.0
-0.13477287 -1.58247554 -0.32233757 15.0
1.24931252 0.96168423 0.87394702 15.0
-0.37710896 -1.24496078 0.70112002 15.0
-1.37042832 1.07659900 -0.93010229 15.0
-0.88748622 -0.74997675 -1.05468190 15.0
-1.43408918 -0.88690400 0.16214149 15.0
-0.13570113 -1.55089641 0.02683557 15.0
-0.62144607 1.26218045 -1.03969848 15.0
-1.37918127 0.42809799 -0.27115810 15.0
0.99307197 -1.09783626 -1.30740881 15.0
1.13177204 -1.38814342 0.48830447 15.0
-1.40110481 -1.13459063 0.15429860 15.0
0.54901320 1.41003048 1.05160153 15.0
0.43635941 -0.49273434 1.15713191 15.0
-0.05773991 0.75312459 1.70880616 15.0
1.36547863 -0.84459710 0.81179011 15.0
-1.30616391 0.05773341 0.54638636 15.0
0.30681992 0.57762450 -1.04871547 15.0
-0.38394085 0.03301658 1.88553715 15.0
1.11024582 -0.30410111 -1.10199022 15.0
0.97425944 -0.02384589 -1.09279442 15.0
1.01497388 1.53970766 -0.48601058 15.0
0.81809771 -0.24236791 -1.07711887 15.0
1.02471709 1.53614807 -0.27763048 15.0
-1.15184951 -1.09783626 -1.41568601 15.0
0.99380577 -1.13225055 -1.26719606 15.0
-0.47014692 0.57762450 -1.05449343 15.0
0.10003376 -0.40026572 1.35237014 15.0
0.43475825 -0.40026572 1.34251368 15.0
-0.88605243 -1.00307357 0.80616826 15.0
0.09950987 0.33650565 1.90146446 15.0
1.44543743 -0.65770251 0.17605859 15.0
-1.31959248 1.07647145 0.53739709 15.0
0.41632968 -1.58794248 -0.63105649 15.0
1.43410754 -0.54820919 -0.46287054 15.0
1.11079299 1.22647941 0.99087983 15.0
-1.40341985 -1.09783626 -0.30557016 15.0
-1.41740191 -1.02792060 0.15250175 15.0
1.22427142 -0.88788402 -1.36586094 15.0
1.32787991 -1.13309896 -1.30119181 15.0
-0.54346991 -1.53487134 -0.92830765 15.0
-0.92942691 0.43763092 1.72038901 15.0
1.11090398 -0.24236791 -1.10221136 15.0
-0.68142593 -0.12409851 1.78932214 15.0
-1.37729764 0.28114820 -0.45815831 15.0
1.10430658 0.53210193 -1.10082960 15.0
-1.35385811 1.26218045 0.05350585 15.0
0.43112472 0.88841313 1.54192412 15.0
1.42173457 0.53210193 -0.10156968 15.0
-1.39885485 1.11557245 0.05524820 15.0
-0.31148139 1.15662503 -1.03458095 15.0
1.03134239 0.24986728 1.53091085 15.0
-0.88677180 -1.30448365 -1.03914797 15.0
-0.05470276 1.13481724 1.20803916 15.0
1.41954315 0.28114820 -0.45815831 15.0
1.23217976 0.61291510 -1.08496320 15.0
0.10033921 -0.49273434 1.16698837 15.0
0.81621838 -1.20959938 -1.02743924 15.0
1.37006915 -0.35586345 -0.97349256 15.0
-0.95529038 0.99769133 -1.36273181 15.0
1.24609172 0.20990127 -1.08812892 15.0
-0.21493995 -0.12409851 1.81577027 15.0
-1.11968029 0.83372307 0.87427515 15.0
-0.77066362 0.99769133 -1.09050226 15.0
0.73283648 1.35604227 -1.03850853 15.0
1.42886078 0.05768157 0.06641477 15.0
-0.05510603 1.09550440 1.24661958 15.0
-1.39457154 -0.54811972 -0.12453502 15.0
-0.99214238 -0.82768095 -1.13763833 15.0
-1.38640642 0.69463384 -0.27091053 15.0
-0.03159297 1.57734454 0.71395826 15.0
-0.69647002 0.70725131 1.71394968 15.0
1.43067229 -0.02384589 0.06661635 15.0
0.45256007 -0.45605016 -1.05503309 15.0
0.59302408 0.91663659 -1.07527661 15.0
-1.06476891 -0.54811972 -1.09791100 15.0
0.29744807 1.57734454 0.70410168 15.0
-1.36617351 -0.74937207 0.60134792 15.0
-0.93497550 0.68596596 -1.08039927 15.0
0.81338274 -0.18482557 1.69232821 15.0
0.45826766 1.61603057 0.41367453 15.0
-0.05797729 0.67050850 1.77038586 15.0
-0.89161724 -0.93314922 0.83509600 15.0
1.43138385 -0.45605016 -0.12489277 15.0
0.59161043 1.01627374 1.33433187 15.0
-0.08748587 1.03712845 -1.04349577 15.0
-0.61944133 1.43166935 -0.99816489 15.0
-0.93193597 0.05768157 -1.09279442 15.0
0.94635332 0.95780998 -1.21726644 15.0
0.43011832 -0.24511665 1.63978958 15.0
-1.19896340 -0.40278649 0.72756714 15.0
1.07277620 1.37515819 0.91638273 15.0
-1.06378436 0.38587573 -1.10229075 15.0
0.32294169 1.21090245 -1.02892327 15.0
-0.90697753 -0.18793759 1.58554900 15.0
-1.38700044 -0.40856251 0.20017359 15.0
-1.12835062 -1.48155260 -0.65832585 15.0
0.70636934 1.21554601 1.13121188 15.0
0.36714962 1.65417147 -0.03501078 15.0
0.43556604 -0.82725203 0.91262853 15.0
-1.13764620 -1.47613132 -0.37205458 15.0
1.35680091 -1.37753117 0.29451600 15.0
0.09950987 0.33650565 1.90146446 15.0
0.43664306 0.44082454 1.87019134 15.0
0.76321769 -1.53865886 0.23235773 15.0
-1.37187958 -1.26339340 -0.43215850 15.0
-0.23106876 -0.02384589 -1.05097663 15.0
1.18689060 -1.45325983 -0.01641816 15.0
-1.36823881 0.20923319 0.36064839 15.0
-0.57090545 -0.49273434 1.14932740 15.0
-1.37555754 0.74140590 -0.68462455 15.0
-1.39716554 -0.65814960 -0.46151739 15.0
-0.71141624 -1.24496078 0.68044990 15.0
-1.40915275 0.95780998 -0.27034369 15.0
0.89867812 0.70725131 1.66188204 15.0
1.10928094 0.28114820 -1.10251546 15.0
0.25874630 -1.00307357 0.84798598 15.0
-1.27958810 0.82986462 0.58940697 15.0
0.10003493 0.39633462 1.89033914 15.0
-1.43080175 -0.88690400 -0.28277615 15.0
-1.14337277 -1.45607007 -0.12971096 15.0
1.36355364 0.13456671 -0.97491717 15.0
-0.05430179 1.17389286 1.18108058 15.0
-0.23681371 1.66010559 -0.45211023 15.0
1.06827974 -1.20934784 -1.15293622 15.0
1.35378897 -0.24231958 0.52935141 15.0
-0.93312669 0.75321710 -1.14962351 15.0
1.03787065 -1.51821327 -0.67056006 15.0
1.43496644 -0.24236791 -0.28240752 15.0
-1.16895056 1.20809484 -1.07024622 15.0
-0.05730666 -0.93314922 0.88099241 15.0
-0.01592069 1.64550340 -0.62179750 15.0
1.08451140 0.82984614 -1.44363832 15.0
0.96728736 -0.86101174 -1.12597167 15.0
0.47642553 -1.50416696 -0.98676825 15.0
1.43268371 -0.45605016 -0.28712726 15.0
-0.95479935 1.03712845 -1.32864499 15.0
1.26059699 -1.00630891 0.78415352 15.0
-1.01188099 -1.48691559 0.06608390 15.0
-0.09098065 -0.82766587 -1.01819992 15.0
0.27322114 -0.17929246 -1.05085218 15.0
-0.54842532 -1.16339397 -1.02443874 15.0
-1.39469278 0.74048322 0.21927883 15.0
-0.32438555 1.65944839 -0.25253770 15.0
-1.40929186 1.03712845 -0.27012345 15.0
0.27262208 -0.38630745 -1.05005276 15.0
-1.39173615 -1.06273639 -0.68075258 15.0
-0.38748211 -1.00307357 0.84220809 15.0
1.43239188 -0.40856251 -0.46345788 15.0
-0.76898414 -1.09783626 -1.06617558 15.0
-1.39449251 -0.24236791 0.21323457 15.0
-1.18027294 0.75205851 -1.31724739 15.0
-1.33764696 1.26218045 0.27580628 15.0
-0.88878810 -1.23147655 -1.03962123 15.0
-1.03258264 -0.41580424 1.11155331 15.0
1.43138385 -0.45605016 -0.12489277 15.0
-1.35774004 0.91663659 -1.22773433 15.0
1.18071556 1.13797224 -1.23713529 15.0
-1.37939584 0.57736683 0.21790275 15.0
0.75279784 1.52943802 -0.94419515 15.0
-0.26127279 1.64540017 -0.63945860 15.0
0.35290650 -1.18952429 -1.01328039 15.0
-0.24366792 -1.57462132 -0.77924716 15.0
0.99307197 -1.09783626 -1.30740881 15.0
0.96651751 0.39314011 1.72971189 15.0
-1.40027702 0.78508723 -0.27075112 15.0
-0.74425066 1.43198609 -1.01332390 15.0
1.10857666 -0.38630745 -1.10159338 15.0
1.09370124 -1.00307357 0.79644537 15.0
-0.55801761 -0.29678568 1.54849768 15.0
-0.05379829 -1.39819801 -0.98907328 15.0
-1.42432451 -0.88297498 0.56577623 15.0
0.26329830 -0.69416749 0.95626426 15.0
-0.22105274 -0.69416749 0.95626426 15.0
-0.09098065 -0.82766587 -1.01819992 15.0
0.21574780 1.46875060 1.03708470 15.0
-1.38615215 0.05768157 -0.10160363 15.0
-1.22702134 -0.90084893 0.82828146 15.0
-0.79262280 -0.84155476 -1.04928195 15.0
1.43688321 0.87388813 -0.67282104 15.0
-0.57584500 -1.48255122 0.43186930 15.0
-1.34512699 -0.79777992 0.73810560 15.0
1.24963701 -0.10632697 -1.08808053 15.0
0.81708050 -0.35586345 -1.07668972 15.0
-1.29685557 0.47842905 0.56639796 15.0
-1.08699310 1.13477862 1.04385746 15.0
-0.56650084 -0.82766587 -1.02805662 15.0
-0.56830066 -0.93314922 0.86333144 15.0
1.02263534 -0.86096251 -1.22945631 15.0
-0.08948631 -0.80561501 -1.01592886 15.0
-0.92741030 -0.45605016 -1.09107292 15.0
1.12480199 0.49674681 1.18639684 15.0
1.40914369 0.34007907 0.36075416 15.0
1.24931252 0.96168423 0.87394702 15.0
0.60874635 -0.82766587 -1.02805662 15.0
-1.28614914 1.35718119 0.05892774 15.0
0.27290049 0.42809799 -1.05042434 15.0
0.88045877 1.17389286 1.12323606 15.0
-0.29325625 -0.74997675 -1.02542210 15.0
-0.95822603 -1.20954907 -1.11715519 15.0
0.89867812 0.70725131 1.66188204 15.0
0.09901493 0.93242741 1.48570657 15.0
0.13410531 0.71020859 -1.04450369 15.0
-0.90268481 0.99769133 -1.20096076 15.0
-0.38614985 -1.03817868 0.82534623 15.0
-0.45954484 1.64194691 -0.66810048 15.0
-0.45628390 1.59707904 0.53988475 15.0
1.11002016 -0.65770251 -1.08895302 15.0
-1.37195396 1.20728993 -0.26955900 15.0
0.96161526 -0.88807118 -1.14709437 15.0
0.64860964 -1.30454040 -1.01091266 15.0
0.59868658 -0.24511665 1.63198507 15.0
0.81883043 0.13456671 -1.07742798 15.0
-0.84927189 0.84368092 1.52881217 15.0
1.42074430 0.78509349 0.37096280 15.0
0.75434625 -1.54604447 -0.81566924 15.0
1.43530536 1.03712845 -0.67025453 15.0
1.45523095 -0.99281496 -0.45967329 15.0
-0.41309512 1.60530233 -0.80418217 15.0
0.99428242 -1.02792060 -1.35610235 15.0
-1.40089953 -1.13459063 -0.03628005 15.0
1.02507603 -0.13981757 1.44809961 15.0
-0.15497699 1.66024625 -0.44430569 15.0
0.07455882 1.56516290 0.83224571 15.0
-1.40618420 1.07647145 0.17420898 15.0
-0.81410080 1.57139921 0.65826255 15.0
-1.30650163 -1.26030743 -0.94843686 15.0
-0.25897816 1.56516290 0.82238925 15.0
0.09913215 1.30911469 -1.01958621 15.0
1.40259337 0.74253899 -0.94264251 15.0
0.92973173 -0.74997675 -1.05468190 15.0
-1.38624513 -1.09783626 -0.68920749 15.0
0.27290049 0.42809799 -1.05042434 15.0
1.43240464 -0.65993816 -0.70833045 15.0
1.21299779 0.87388813 -1.50208545 15.0
-0.21928695 -0.86193722 0.90626913 15.0
-1.36879206 0.69569534 -0.69623435 15.0
0.74819332 1.21090245 -1.04293692 15.0
1.34840941 0.05773341 0.54638636 15.0
1.12799251 0.22752747 1.18209970 15.0
-1.32358325 0.95783240 0.57810360 15.0
1.35258770 1.30884588 -0.70555729 15.0
-1.19840276 -0.10175183 0.79518062 15.0
0.20144796 1.64661336 0.17658149 15.0
-1.39433753 -1.17516553 0.01459280 15.0
0.25668687 0.03301658 1.89131498 15.0
1.46690762 -0.91766667 0.55594236 15.0
1.39781260 0.95780998 -1.22435665 15.0
1.31282783 -1.34013188 -0.95952833 15.0
-0.99247295 -0.80563986 -1.09296358 15.0
-0.31605351 -0.80561501 -1.02000761 15.0
-1.40109742 -1.13459063 0.06332939 15.0
-0.55801761 -0.29678568 1.54849768 15.0
1.42246532 0.61264127 0.21836026 15.0
0.87952471 0.19320835 1.82881033 15.0
-1.27780914 1.35790837 -0.45555416 15.0
1.45932460 -1.02792060 0.36231521 15.0
1.25214994 -1.07817566 0.74729723 15.0
-0.07890789 1.66019881 -0.22608972 15.0
-1.30139089 0.38358164 0.56075615 15.0
-1.00457180 -1.46055162 -1.02006400 15.0
-0.77638668 0.34155968 -1.07734442 15.0
-1.38886237 1.07647145 0.29965860 15.0
0.07209183 -1.59264672 -0.45562080 15.0
-0.95755804 1.13730431 -1.18349600 15.0
1.43049192 -0.02384589 0.21726951 15.0
-0.99700040 0.72822827 -1.19319892 15.0
1.39992535 1.20728993 0.28056377 15.0
0.09694831 1.13481724 1.20803916 15.0
0.95003927 0.88523829 1.41432035 15.0
-1.29473722 0.53090888 0.56998026 15.0
0.07588600 1.52904010 -0.88922238 15.0
-1.28689778 -1.30247772 -0.95444745 15.0
-1.06293917 -0.82774132 -1.17474461 15.0
0.60610092 -0.84155476 -1.03062522 15.0
1.24716246 -0.40856251 -1.08684623 15.0
-0.05596147 1.01627374 1.35199285 15.0
-0.31008494 0.99769133 -1.05252409 15.0
1.16268015 -1.46913326 -0.82825762 15.0
-0.34279889 -1.45533156 -0.99718297 15.0
-1.38491464 0.13450134 0.21613511 15.0
0.58227944 -1.55521262 0.24794491 15.0
1.45287931 0.82985365 0.21726598 15.0
0.97353548 -0.24236791 -1.09248853 15.0
-0.99247295 -0.80563986 -1.09296358 15.0
-0.37691084 -1.58009541 -0.33591998 15.0
-0.23106876 -0.02384589 -1.05097663 15.0
-0.38897240 -0.29678568 1.55630231 15.0
-0.37935495 -1.56628680 0.18527959 15.0
-0.06292321 -0.54811972 -1.04229176 15.0
-0.72331846 1.30911469 -1.05011284 15.0
1.05175114 -1.48403525 -0.13666481 15.0
0.90686446 -1.34586513 -1.03725600 15.0
-0.74123693 -0.82725203 0.89195830 15.0
0.90221614 -1.52695358 -0.82692063 15.0
1.44836926 1.07647145 0.05589525 15.0
-0.67420143 0.57762450 -1.06229794 15.0
-0.39350387 0.67050850 1.76052916 15.0
-0.61473787 1.52904463 -0.93498951 15.0
1.43705273 -0.54811972 0.18503746 15.0
0.72529358 0.19320835 1.88087785 15.0
-1.22702134 -0.90084893 0.82828146 15.0
-0.56451452 0.67050850 1.75272465 15.0
-1.36932302 0.20990127 -0.72092599 15.0
1.43965065 -1.09783626 -0.48054329 15.0
-1.42094362 -0.81715822 0.26453909 15.0
1.06245029 -1.18981552 -1.22549438 15.0
1.04203403 0.37920570 1.52328086 15.0
-1.35123563 0.78605312 -1.17877424 15.0
1.41597533 -1.15552557 0.58488524 15.0
-1.42192340 -0.99281496 0.36965445 15.0
-0.15116657 1.65492189 -0.01434053 15.0
-1.20513058 -0.45605016 -1.08632445 15.0
0.90006191 0.67050850 1.68779123 15.0
-0.32060879 -0.82766587 -1.02227867 15.0
1.06896460 1.17518091 -1.11617458 15.0
-1.38093936 -0.30410111 -0.72018421 15.0
1.36115348 -0.88743436 -1.30639124 15.0
-0.08948631 -0.80561501 -1.01592886 15.0
0.51239252 0.57762450 -1.05449343 15.0
0.77949780 -0.89761347 0.86560202 15.0
1.37915158 -1.33951163 -0.60468167 15.0
-0.21440446 -0.05152711 1.86534560 15.0
-1.38365996 0.64912784 0.06701215 15.0
-0.08752058 1.07523584 -1.04419196 15.0
0.10003493 0.39633462 1.89033914 15.0
0.75581211 0.61282253 -1.06184089 15.0
0.36131588 -0.84155476 -1.02484739 15.0
1.07955074 -0.92159611 -1.40613389 15.0
0.26313877 0.48349455 1.86401916 15.0
0.89747632 0.39633462 1.80774486 15.0
-1.36097777 -1.30322075 -0.45899636 15.0
1.47053862 -0.92159611 -0.28240928 15.0
-1.41707909 -1.02792060 0.36231521 15.0
-1.37849879 0.78509349 0.37096280 15.0
-0.77142173 1.10939443 -1.07343507 15.0
-1.06471467 0.72803694 -1.23893511 15.0
0.35371104 0.91663659 -1.06949878 15.0
-0.78215450 0.79910785 1.61289775 15.0
-0.79439074 0.75321710 -1.08252060 15.0
-0.94717205 1.39530504 0.98710424 15.0
-0.03397783 1.52835429 0.99415535 15.0
1.43651998 0.95782709 0.34575132 15.0
-1.32857203 -0.30410111 -0.97369164 15.0
1.42023516 0.61282253 -0.27099794 15.0
1.38771379 -1.13393855 -1.14782202 15.0
0.80361652 1.17531300 -1.04725754 15.0
-1.41265881 0.99769133 -0.10134181 15.0
0.49852940 1.59707904 0.53988475 15.0
-0.67178255 1.09550440 1.21609259 15.0
-0.08740567 -1.13223636 -1.02086282 15.0
1.26079679 -0.80995399 -1.11121583 15.0
1.21430659 1.17131007 -1.11268091 15.0
1.33464682 0.61222053 0.57604319 15.0
-1.09466875 0.97708118 1.08394945 15.0
-1.17075229 0.87388813 -1.50208545 15.0
-0.31089714 1.13723254 -1.04003429 15.0
-1.02114367 0.80438989 1.14316142 15.0
0.60804129 0.44082454 1.86238682 15.0
0.94224429 0.02997799 1.73127246 15.0
-0.02824805 1.59711421 0.57041162 15.0
1.42902803 -1.21904254 0.07791808 15.0
0.77029216 -1.03817868 0.80467594 15.0
-1.38726425 0.74066722 -0.45036525 15.0
1.47530973 -0.88690400 -0.11252879 15.0
0.62859732 1.55709720 0.87555337 15.0
1.45281315 0.82984805 0.06663544 15.0
1.17989171 -1.47613132 -0.37205458 15.0
-0.22105274 -0.69416749 0.95626426 15.0
0.73661357 -0.35146543 1.43253696 15.0
-0.92060477 0.74994349 1.56107926 15.0
0.94922304 -0.18793759 1.58554900 15.0
-0.33009425 1.65954268 -0.46497595 15.0
1.41783595 1.03712845 -0.93610835 15.0
-0.56830066 -0.93314922 0.86333144 15.0
0.61663717 -0.79553181 0.91408664 15.0
-0.23051800 -0.35586345 -1.05024159 15.0
-1.39393938 -1.17516553 -0.08536808 15.0
1.44842970 1.07647145 0.17420898 15.0
-1.14337277 -1.45607007 -0.12971096 15.0
-1.18027294 0.75205851 -1.31724739 15.0
-0.84842157 1.21090245 -1.05752778 15.0
-0.87947851 -1.52104294 0.14710395 15.0
0.07190118 -1.59032261 -0.61339545 15.0
-0.55838025 -1.11552787 0.77580285 15.0
0.74244499 0.53609580 1.81934929 15.0
1.43532288 -0.17929246 0.06331338 15.0
-0.06131550 -0.40856251 -1.04571009 15.0
0.13098180 -0.92159611 -1.03101397 15.0
-1.41707909 -1.02792060 0.36231521 15.0
1.43051457 -0.38630745 -0.12203601 15.0
-1.37798977 0.61282253 -0.27099794 15.0
-1.29473722 0.53090888 0.56998026 15.0
0.79949838 -1.48743951 -1.01508105 15.0
0.80792785 0.03301658 1.84410226 15.0
0.26214159 -0.82725203 0.91840643 15.0
1.41010439 0.27986622 0.36093062 15.0
-1.19104886 0.53210193 -1.08646286 15.0
-1.41326749 0.99769241 0.05932707 15.0
1.43181002 1.15725017 0.16865075 15.0
1.40627813 -1.21823680 -0.73344743 15.0
0.96781111 0.66732419 1.61845934 15.0
1.28480566 -1.43387008 -0.49115911 15.0
1.39720774 -1.30302596 -0.59155351 15.0
0.41733396 1.57734454 0.69629717 15.0
1.34112859 0.91663659 -1.43720305 15.0
1.12871110 -1.45710504 -0.96465516 15.0
-1.42121196 -0.81713974 -0.11382539 15.0
-1.38861704 0.69460392 0.21926913 15.0
0.60026324 -0.29678568 1.54849768 15.0
-0.05711281 -0.29678568 1.56615877 15.0
-1.37502170 -1.21888137 -0.54227698 15.0
-1.38678253 -1.21904254 0.07791808 15.0
-1.32797229 -1.09228539 0.70412153 15.0
-0.31740293 0.68596596 -1.04762530 15.0
1.41678178 1.20728993 0.16619773 15.0
-1.05482268 -0.96825510 0.81085569 15.0
-1.38268828 0.34155968 -0.10160201 15.0
1.26926684 -0.90084893 0.82828146 15.0
-0.66390061 -1.45255446 -1.01785326 15.0
1.42305338 -0.45605016 -0.71956676 15.0
-0.83496433 -0.12409851 1.73725450 15.0
1.34788322 0.61353749 -0.96886390 15.0
0.88652951 0.93242741 1.40311217 15.0
0.40803325 1.35604227 -1.01783824 15.0
1.47530973 -0.88690400 -0.11252879 15.0
0.07222531 -1.56711423 0.27847177 15.0
-0.78889799 0.44082454 1.82875645 15.0
-0.06153230 -0.24236791 -1.04659212 15.0
-0.88309461 -1.03817868 0.78930640 15.0
-1.36034787 0.74253899 -0.94264251 15.0
0.27332672 0.20990127 -1.05099308 15.0
0.94749945 1.13723254 -1.11276495 15.0
-1.29473722 0.53090888 0.56998026 15.0
-1.39284098 -0.30410111 -0.11845139 15.0
-1.01787221 -1.16374969 -1.29000080 15.0
1.42886078 0.05768157 0.06641477 15.0
0.35230681 1.07523584 -1.04827058 15.0
0.95403200 0.87388813 -1.21798968 15.0
0.89066708 1.21090245 -1.05752778 15.0
-0.25520253 1.57734454 0.70410168 15.0
-1.38599074 -1.21904254 -0.13190950 15.0
0.41858494 1.13481724 1.19818270 15.0
0.07255770 -1.54318833 0.36178511 15.0
0.13322620 -0.82766587 -1.01819992 15.0
0.39243397 1.59710717 0.55275047 15.0
-0.53353631 -1.56271982 -0.79991740 15.0
0.82193267 0.84368092 1.56011522 15.0
-0.87155586 -1.52005458 0.22176491 15.0
0.82370973 -0.54811972 -1.07281852 15.0
-1.24256015 -1.43387008 -0.49115911 15.0
-1.36879206 0.69569534 -0.69623435 15.0
-0.87991208 -1.07494104 0.76934898 15.0
-0.69145209 0.84368092 1.58087981 15.0
-0.95459807 -1.18958259 -1.17316175 15.0
-1.30741835 0.42809799 -0.97445726 15.0
-1.37485003 -0.10632697 -0.72086877 15.0
1.42173457 0.53210193 -0.10156968 15.0
1.21102118 1.44262695 0.20502630 15.0
-1.29146612 1.07605696 -1.32177067 15.0
1.23508251 -1.20702434 0.67198128 15.0
0.12013305 1.21090245 -1.02484453 15.0
0.67308909 1.61138070 0.38858205 15.0
-1.39021385 -1.04308808 0.64891344 15.0
-1.07903671 1.17644835 1.01982653 15.0
-0.55203301 -0.12409851 1.80218792 15.0
0.76872665 -1.54009867 0.15700081 15.0
-1.38152754 -0.35586345 -0.72006333 15.0
0.41712484 -1.28659511 0.66953635 15.0
0.09787120 -1.15942109 0.76892585 15.0
-0.54663807 -1.28659511 0.66173184 15.0
-1.17253911 -1.28544176 0.61090261 15.0
-0.98530543 0.95814103 1.21992636 15.0
-0.66808397 1.17389286 1.15055394 15.0
0.25769833 0.19320835 1.90732598 15.0
1.42408490 -0.02384589 -0.45815867 15.0
-0.41182092 0.42809799 -1.05620229 15.0
1.42332816 0.42809799 -0.10159246 15.0
-0.76895940 -1.06273639 -1.07237792 15.0
0.07250980 -1.55477667 -0.07964897 15.0
-0.53353631 -1.56271982 -0.79991740 15.0
-1.39254248 -0.17929246 -0.10750374 15.0
0.46167487 -0.54811972 -1.05214834 15.0
-0.05484958 -1.24496078 0.71097660 15.0
1.08719039 -0.88802195 -1.35428381 15.0
-0.60005772 -0.24236791 -1.06425321 15.0
-1.39458907 -0.92159611 -0.92130184 15.0
1.13091826 1.35696006 -1.04978788 15.0
0.09998546 0.75312459 1.70880616 15.0
-1.37187958 -1.26339340 -0.43215850 15.0
-0.05711281 -0.29678568 1.56615877 15.0
0.27325413 0.34155968 -1.05089629 15.0
1.26059699 -1.00630891 0.78415352 15.0
0.45477593 0.28114820 -1.05675280 15.0
0.96822053 0.78763419 -1.17650437 15.0
-1.33747625 -1.02042174 0.74113923 15.0
-1.41238797 -1.02399075 0.52232867 15.0
0.64116162 -0.38630745 -1.06363523 15.0
-1.00018692 -0.36712492 1.18345845 15.0
0.60739851 -0.40026572 1.33470917 15.0
-0.48480541 1.55703056 0.89118505 15.0
-0.89999878 0.02997799 1.73127246 15.0
-1.30727959 -0.02358675 0.54315847 15.0
0.13041027 -0.95727706 -1.03381121 15.0
-1.30647767 -0.35549566 0.51893461 15.0
-0.55203301 -0.12409851 1.80218792 15.0
-1.37695694 0.99769133 -0.94079846 15.0
-1.38183939 -0.02384589 -0.45815867 15.0
-1.37841010 0.48003331 -0.27111885 15.0
-1.41740191 -1.02792060 0.15250175 15.0
0.73849744 1.56516981 0.77553535 15.0
-1.39245379 0.74048257 -0.27083972 15.0
-0.30188715 -1.23147655 -1.00267613 15.0
0.32294169 1.21090245 -1.02892327 15.0
0.42153150 -1.54851627 0.01325316 15.0
1.43398166 -1.06273639 -0.68075258 15.0
1.06588900 -0.99281496 -1.46804821 15.0
-1.32698381 -0.38630745 -0.97333640 15.0
-1.37931979 -1.02792060 -0.92889732 15.0
1.20476079 1.44100010 -0.46953827 15.0
-1.42466211 -0.91766667 0.55594236 15.0
-1.41211188 0.91664833 0.21157934 15.0
1.01555479 0.82984614 -1.34690607 15.0
0.12013305 1.21090245 -1.02484453 15.0
-1.37020385 0.05769194 0.35977641 15.0
0.90493453 -1.50144875 -0.95531183 15.0
0.76414895 -1.55387914 -0.36415535 15.0
-1.37681830 -0.17929246 -0.72067344 15.0
1.36195374 0.71118480 -1.12700987 15.0
-0.90705162 0.91663659 -1.22395492 15.0
-1.41738415 -1.02792060 0.04183241 15.0
-1.37502170 -1.21888137 -0.54227698 15.0
1.24025619 0.28209901 0.83500361 15.0
-1.40612376 1.07647145 0.05589525 15.0
0.43635941 -0.49273434 1.15713191 15.0
-1.36647141 -0.95727706 -1.18788445 15.0
-1.38040209 0.61277723 0.06689638 15.0
0.60895544 0.48349455 1.85043669 15.0
1.44081628 1.07647145 -0.44610426 15.0
0.25141719 -1.28659511 0.67531425 15.0
-1.06104541 1.44383097 0.70460182 15.0
-1.31706226 -1.38067198 -0.10277945 15.0
-0.89382064 -1.47408974 -1.02511358 15.0
-0.17305163 1.64550340 -0.63165414 15.0
-1.00481331 0.99928206 1.17315185 15.0
1.11083066 -0.80573970 -1.11476755 15.0
-1.38644218 0.05768157 0.21646319 15.0
-1.25042677 -1.42392325 0.23830399 15.0
-1.18381119 0.53429431 0.85358590 15.0
1.20019436 1.03712845 -1.43938494 15.0
1.23759413 -0.35124066 0.74191910 15.0
1.09020412 -1.03817868 0.77958345 15.0
-1.27058232 -1.34013188 -0.95952833 15.0
1.18868947 -1.33183014 0.56478125 15.0
1.45319307 0.87388813 -0.27054983 15.0
-1.39254582 -1.17516553 -0.21061200 15.0
-1.01188099 -1.48691559 0.06608390 15.0
-0.89592618 -0.82725203 0.87658870 15.0
0.15552469 1.60553670 -0.77773404 15.0
1.36889875 -0.17929246 -0.97450638 15.0
-0.13857815 1.55703056 0.91763318 15.0
-1.30504131 -0.73404151 0.75521737 15.0
-0.89541370 -0.79553181 0.88585132 15.0
-1.38427997 -0.99281496 -0.92777020 15.0
-0.76985097 0.97514272 1.36541951 15.0
-0.90697753 -0.18793759 1.58554900 15.0
-0.47719038 1.62970018 0.28439319 15.0
-1.38339543 -0.54856688 -0.71705967 15.0
-1.37355983 0.42809799 -0.45804209 15.0
-1.30741835 0.42809799 -0.97445726 15.0
0.80357558 1.09550440 1.19593513 15.0
-1.39857078 1.07647145 -0.44610426 15.0
0.57869345 -1.57842088 -0.64392221 15.0
0.10371726 0.42809799 -1.04634559 15.0
0.59302408 0.91663659 -1.07527661 15.0
-1.39254248 -0.17929246 -0.10750374 15.0
-0.87967879 -1.50313139 -0.02470504 15.0
1.37915158 -1.33951163 -0.60468167 15.0
0.41733396 1.57734454 0.69629717 15.0
-1.41285098 0.87388813 -0.10142717 15.0
0.97338539 0.34155968 -1.09271395 15.0
0.98243153 0.53210193 -1.09110677 15.0
0.74819332 1.21090245 -1.04293692 15.0
1.23670948 -0.38104069 0.73451334 15.0
1.37119687 1.30911469 -0.26916993 15.0
1.43496644 -0.24236791 -0.28240752 15.0
0.41632968 -1.58794248 -0.63105649 15.0
-0.05552720 1.05610776 1.29502261 15.0
1.43530536 1.03712845 -0.67025453 15.0
1.22946644 0.48164979 0.85014850 15.0
-1.17336798 -0.92159611 -1.41953492 15.0
0.93197811 1.31726623 1.05263877 15.0
-1.19828677 0.21225864 0.82948136 15.0
-0.73594677 1.60542643 -0.68647420 15.0
0.81178933 0.19320835 1.86011302 15.0
-0.83440578 0.11627274 1.82485282 15.0
-0.72720456 -1.52916718 0.07570527 15.0
-0.41602215 1.61603057 0.41367453 15.0
-0.74491209 1.47119713 0.98444843 15.0
-0.22062857 0.58882940 1.82027912 15.0
-0.05726431 0.33650565 1.90146446 15.0
1.34766722 0.13434964 0.55018640 15.0
-1.32443202 -0.65555930 0.62846899 15.0
-1.21855128 -0.80995399 -1.11121583 15.0
-0.31008494 0.99769133 -1.05252409 15.0
-0.95882845 1.35040951 1.01207316 15.0
-0.21643262 0.26701722 1.90513980 15.0
-0.93097633 0.48030257 1.70938885 15.0
-1.15294325 0.74434555 0.86921263 15.0
-0.77526808 0.42809799 -1.07687247 15.0
0.59768218 0.93242741 1.46804559 15.0
-1.28969598 -1.02792060 -1.40001214 15.0
0.82440001 0.79910785 1.61289775 15.0
-0.74087691 1.32042468 1.06875467 15.0
-0.08873626 -0.92159611 -1.03101397 15.0
1.02850986 -0.20151217 1.39026880 15.0
0.25718552 -0.12409851 1.81577027 15.0
-0.95016271 1.53142786 0.67331392 15.0
1.45281315 0.82984805 0.06663544 15.0
0.30122373 1.56516290 0.82238925 15.0
-0.77397287 -1.20959938 -1.02743924 15.0
-0.03031215 -1.54318833 0.36178511 15.0
1.43651998 0.95782709 0.34575132 15.0
0.97395486 -0.17929246 -1.09266996 15.0
0.75866687 -1.56172991 -0.65936828 15.0
1.39998555 0.91663659 -1.22773433 15.0
-0.84847236 -1.39659345 -1.03496993 15.0
-1.38439500 0.20981956 0.06630986 15.0
0.35278037 0.95780998 -1.06281042 15.0
-1.01991415 -1.26512671 -1.05569160 15.0
0.60719931 0.75321710 -1.06115806 15.0
0.84340990 1.58821762 0.51110715 15.0
0.43475825 -0.40026572 1.34251368 15.0
0.90408146 0.48349455 1.78550363 15.0
-0.89978039 -1.06273639 -1.18033755 15.0
-0.59744269 -0.45605016 -1.06283760 15.0
0.25892341 1.30911469 -1.02366471 15.0
1.31771982 1.26094508 -0.94716352 15.0
-0.95506591 1.07525134 -1.28690910 15.0
0.58558720 1.09550440 1.22895825 15.0
-0.56385529 -0.84155476 -1.03062522 15.0
1.19253647 -0.76104099 0.87405521 15.0
1.41297400 -0.40835992 0.34338659 15.0
-1.25413048 1.30886769 -0.95086884 15.0
-0.74123693 -0.82725203 0.89195830 15.0
1.41726732 -1.21888137 -0.54227698 15.0
-0.21545279 0.19320835 1.90732598 15.0
1.34874713 -1.26030743 -0.94843686 15.0
0.17794669 -1.55089641 0.02683557 15.0
-0.05750616 -0.35146543 1.46306396 15.0
0.94278175 -1.13223636 -1.14250839 15.0
0.96950603 0.63171303 1.64151275 15.0
1.44586968 1.07647145 -0.27000460 15.0
1.00502932 0.82664651 1.34778583 15.0
1.44497049 0.78508812 0.06696044 15.0
-1.20033705 0.65220219 -1.08805442 15.0
0.57378161 0.64836603 -1.05360353 15.0
-1.14319086 -1.46502781 0.17895678 15.0
1.43660176 0.74048257 -0.10150607 15.0
-0.54334158 1.09550440 1.22895825 15.0
0.49651811 1.46875060 1.02350223 15.0
-0.78526455 1.59787822 0.38284987 15.0
-0.21164475 -1.20379221 0.73628187 15.0
-1.31778419 -1.38050377 0.01916826 15.0
1.06217349 -1.02792060 -1.46699500 15.0
-0.05811712 -0.79553181 0.93174773 15.0
0.25349563 1.09550440 1.24254072 15.0
1.06245029 -1.18981552 -1.22549438 15.0
-1.39449251 -0.24236791 0.21323457 15.0
-0.77441192 -0.24511665 1.59835482 15.0
-0.77113712 -0.18482557 1.69232821 15.0
0.79698610 1.60744357 -0.49252418 15.0
-0.72331846 1.30911469 -1.05011284 15.0
-0.61040497 1.59992039 -0.83109677 15.0
0.10051497 0.48349455 1.86809802 15.0
-0.90053624 -1.13223636 -1.14250839 15.0
-0.21481621 0.11627274 1.90336823 15.0
-1.40217984 0.78508723 -0.10148197 15.0
0.76564741 -1.34614873 -1.02188623 15.0
1.45490444 0.99769133 -0.10134181 15.0
1.22406852 -0.82881415 -1.18611634 15.0
1.38378954 1.15669286 -0.92869413 15.0
-1.38842678 -0.02384589 0.06661635 15.0
0.73968530 0.67050850 1.73985887 15.0
1.24888110 -0.35586345 -1.08728886 15.0
-0.93497550 0.68596596 -1.08039927 15.0
-0.27092746 -1.26516974 -0.99935704 15.0
0.84546119 0.71020859 -1.06674731 15.0
0.85595196 -1.44795775 -1.03322387 15.0
1.42571557 0.64904928 0.21881837 15.0
-0.48480541 1.55703056 0.89118505 15.0
-0.92191732 -1.26516116 -1.04453301 15.0
-0.30568790 1.17531300 -1.03151882 15.0
-1.40362418 1.07647145 -0.27000460 15.0
-1.39287245 -0.30410111 0.20960690 15.0
1.47633469 -0.88690400 0.16214149 15.0
0.27331433 0.05768157 -1.05097663 15.0
-1.30843079 -1.38231266 -0.48058385 15.0
-0.23105012 -0.10632697 -1.05095172 15.0
-0.57633036 1.63184869 -0.67944950 15.0
-0.57292098 1.63960862 -0.27763018 15.0
-0.39171097 1.52835429 0.97649437 15.0
-0.31008494 0.99769133 -1.05252409 15.0
0.48205149 1.65527987 -0.48042685 15.0
-0.93193597 0.05768157 -1.09279442 15.0
-0.91660959 -0.33094668 1.36525321 15.0
1.03913093 -1.33511603 0.57796389 15.0
-1.38000536 -0.88692987 -1.15024376 15.0
-1.07630026 0.59555310 1.17758560 15.0
-1.02953696 -1.20379221 0.68474126 15.0
-0.32162350 0.72827613 -1.05124593 15.0
1.22744298 -1.24731505 0.64255226 15.0
0.93197811 1.31726623 1.05263877 15.0
-0.07845780 0.61282253 -1.04417980 15.0
-0.75287855 0.64836603 -1.06152308 15.0
1.33559167 0.57676870 0.57333905 15.0
-0.03159297 1.57734454 0.71395826 15.0
-0.39136010 0.79910785 1.65433264 15.0
1.43711472 0.74048275 0.06713175 15.0
0.92085123 -1.50701165 -0.13526830 15.0
-1.39458907 -0.92159611 -0.92130184 15.0
-1.38078904 -0.40856251 -0.71983540 15.0
-0.33174253 -1.41530359 0.55136424 15.0
-1.02231932 1.10978031 -1.30016744 15.0
-0.57292098 1.63960862 -0.27763018 15.0
-0.98331463 1.53164995 0.11189115 15.0
-1.16528511 0.91663659 -1.52071178 15.0
-0.72749490 1.58568549 -0.83628249 15.0
1.28717756 -1.19535375 -1.19446456 15.0
-1.30741835 0.42809799 -0.97445726 15.0
1.19983447 1.07550633 -1.37949026 15.0
1.45385659 -1.06273639 -0.12389077 15.0
-0.90983993 0.26381877 1.74649334 15.0
0.58270311 -1.57057393 -0.34878570 15.0
-1.20384622 0.20990127 -1.08812892 15.0
-1.37876511 -1.26339340 0.20010072 15.0
-1.39025879 -0.10632697 0.21783663 15.0
-0.78415132 0.75312459 1.65751469 15.0
-0.23051800 -0.35586345 -1.05024159 15.0
-0.54392451 -1.55676532 0.17241387 15.0
1.41375947 0.57765561 -0.45751604 15.0
-0.56273043 0.75312459 1.69114494 15.0
0.35970393 -0.86101174 -1.02596605 15.0
-1.37845147 -1.26339340 -0.05574392 15.0
-1.38107336 0.69484615 -0.45279256 15.0
-1.02953696 -1.20379221 0.68474126 15.0
-1.29685557 0.47842905 0.56639796 15.0
0.29426503 -1.54588044 -0.90763742 15.0
1.42975450 -0.40856251 -0.12363423 15.0
0.61486924 1.64104319 -0.49047497 15.0
0.97722101 0.68596596 -1.08039927 15.0
-0.99240416 -0.34422135 1.21786129 15.0
1.06855679 1.15657020 -1.16620457 15.0
-1.39287245 -0.30410111 0.20960690 15.0
1.46033394 -0.95727706 -0.45591280 15.0
0.90006191 0.67050850 1.68779123 15.0
-1.39254582 -1.17516553 -0.21061200 15.0
-1.28717589 -1.06273639 -1.37997627 15.0
1.44647980 1.03712845 -0.44642514 15.0
0.59795851 0.26701722 1.89155746 15.0
0.35290650 -1.18952429 -1.01328039 15.0
-1.30452049 1.20523417 -0.94145322 15.0
-1.19801068 0.28209901 0.83500361 15.0
-0.21545279 0.19320835 1.90732598 15.0
1.05368793 -1.44243813 0.38991848 15.0
0.82647330 -0.88807118 -1.06133223 15.0
0.26167184 -0.40026572 1.34829152 15.0
-1.42230392 -0.99281496 0.15546694 15.0
0.27991471 1.59711421 0.56055504 15.0
0.29078889 -1.55089641 0.02105769 15.0
-1.37187958 -1.26339340 -0.43215850 15.0
1.39368951 -1.33955061 0.03012531 15.0
0.82915950 0.67050850 1.71909428 15.0
-0.39500412 0.53609580 1.84001958 15.0
0.05399114 1.65492189 -0.00448393 15.0
0.95985240 1.52713609 0.80837458 15.0
0.56753099 1.32042468 1.09698999 15.0
-0.89009184 1.53486788 -0.86660981 15.0
1.19419622 -1.06273639 -1.45781982 15.0
0.99749714 -0.99281496 -1.35715556 15.0
-1.19446397 -0.38104069 0.73451334 15.0
-0.53029788 1.26555967 1.12254286 15.0
0.10372347 -0.30410111 -1.04637086 15.0
-0.08743531 -1.02792060 -1.03201580 15.0
-0.21125007 1.09550440 1.24254072 15.0
-0.98348111 0.73606753 1.41091990 15.0
-0.98348111 0.73606753 1.41091990 15.0
1.42455697 0.38570306 0.06607684 15.0
1.34452629 0.82984614 -1.38678932 15.0
0.90513754 -1.24488306 0.66508019 15.0
-1.01852906 -1.09783626 -1.40233791 15.0
-1.37020385 0.05769194 0.35977641 15.0
0.12977788 -1.16339397 -1.01458228 15.0
1.45801485 -0.81723201 0.40447336 15.0
0.82370973 -0.54811972 -1.07281852 15.0
1.19518876 0.74434555 0.86921263 15.0
-0.55071282 -0.05152711 1.85176313 15.0
-1.40297973 -1.06273639 -0.47056225 15.0
-0.69198668 1.57734597 0.65812075 15.0
0.64263856 -0.17929246 -1.06443465 15.0
-0.21863632 -0.89761347 0.89205015 15.0
-1.37442565 0.38587573 -0.45811084 15.0
0.90006191 0.67050850 1.68779123 15.0
1.37972176 -1.02042174 0.74113923 15.0
1.01923001 1.54672217 0.36065075 15.0
0.47469941 1.26218045 -1.03189385 15.0
0.42941776 0.93242741 1.47585011 15.0
1.42716014 0.13450134 0.21613511 15.0
0.60695273 -1.00307357 0.83440357 15.0
1.43250430 -0.10632697 0.21783663 15.0
-0.09774940 1.63280284 0.32621104 15.0
-0.54045761 -1.57057393 -0.34878570 15.0
0.27276355 -0.35586345 -1.05024159 15.0
-0.20726359 -1.39819801 -0.99315202 15.0
-0.77189052 -1.18952429 -1.03760254 15.0
0.99346876 -1.23141634 -1.06800127 15.0
-0.75559652 1.21554601 1.11584222 15.0
1.42583573 -0.10632697 -0.45856968 15.0
-0.38991445 -0.32790342 1.50248885 15.0
1.41678178 1.20728993 0.16619773 15.0
-0.95016271 1.53142786 0.67331392 15.0
1.42530382 0.34083536 0.21537302 15.0
-0.54939508 -1.18952429 -1.01905835 15.0
1.23597658 0.42809799 -1.08757281 15.0
-0.23065494 0.42809799 -1.05042434 15.0
-1.00421429 0.84914821 1.13053250 15.0
-0.97649056 -0.74998176 -1.07346761 15.0
-1.41161108 -1.06273639 -0.12389077 15.0
1.32914329 -1.30247772 -0.95444745 15.0
1.18794930 -1.45823336 0.08311018 15.0
-1.34375763 -1.30224669 -0.77383417 15.0
-0.21046828 -1.24496078 0.70689803 15.0
-0.20741817 1.21554601 1.15766001 15.0
-1.37254620 -1.17458057 -0.71578664 15.0
1.24609172 0.20990127 -1.08812892 15.0
0.78155577 -0.86193722 0.87982100 15.0
-1.41406250 -1.02792060 -0.28987736 15.0
0.07250980 -1.55477667 -0.07964897 15.0
-1.40109742 -1.13459063 0.06332939 15.0
1.26575661 -0.75355482 -1.06818855 15.0
0.32468018 0.61282253 -1.04825842 15.0
0.74956036 -1.28659511 0.64886612 15.0
1.13652527 1.09568596 1.05620730 15.0
-0.93079931 0.48003331 -1.09171200 15.0
1.07191658 -0.95727706 -1.44605494 15.0
-0.37275565 1.55703056 0.90405077 15.0
-0.75474060 1.60744357 -0.49252418 15.0
0.07257697 -1.56866705 0.20294073 15.0
0.41410977 1.21554601 1.15188205 15.0
-0.76711363 0.11627274 1.85615551 15.0
-0.67178255 1.09550440 1.21609259 15.0
-0.92350382 0.70406836 1.59432912 15.0
-0.23067385 -0.30410111 -1.05044961 15.0
-1.20739150 -0.10632697 -1.08808053 15.0
-1.08646560 -1.45710504 -0.96465516 15.0
-1.38624513 -1.09783626 -0.68920749 15.0
0.77949780 -0.89761347 0.86560202 15.0
0.27331433 0.05768157 -1.05097663 15.0
1.22406852 -0.82881415 -1.18611634 15.0
1.03134239 0.24986728 1.53091085 15.0
1.19518876 0.74434555 0.86921263 15.0
-1.03038502 0.91663659 -1.50509501 15.0
-1.39015913 -0.65993816 -0.70833045 15.0
1.39511561 -0.82729995 -1.10569024 15.0
-0.78415132 0.75312459 1.65751469 15.0
0.09960186 0.84368092 1.61140645 15.0
1.45064306 -0.81758684 -0.67711061 15.0
-0.03098572 -1.54588044 -0.89778084 15.0
1.43258798 -0.38630745 -0.28661376 15.0
-0.98909688 0.24986728 1.53091085 15.0
-0.05268976 1.35604227 -1.00798178 15.0
-0.48107138 -1.26516974 -1.00513506 15.0
1.04705429 1.26218045 -1.07765663 15.0
1.05368793 -1.44243813 0.38991848 15.0
-0.54440975 -1.54586196 0.09107500 15.0
0.80792785 0.03301658 1.84410226 15.0
1.46116889 -0.99281496 -0.28594056 15.0
-0.21281499 1.61620653 0.43434480 15.0
0.68952167 -1.41183221 0.53069401 15.0
-0.55080366 0.03301658 1.87773263 15.0
0.64184797 0.42809799 -1.06400681 15.0
-0.90175748 -1.16339397 -1.11866653 15.0
0.57869345 -1.57842088 -0.64392221 15.0
0.76036066 -1.51937890 -0.94405955 15.0
-1.38624513 -1.09783626 -0.68920749 15.0
1.17782640 0.87777191 0.87680262 15.0
1.43110788 1.07647145 0.29965860 15.0
-0.85781640 0.67050850 1.68779123 15.0
-1.38145614 0.42749074 0.21551275 15.0
-1.42758811 -0.85517532 -0.28328067 15.0
-1.13790476 1.44288552 -0.70561028 15.0
1.43289506 -0.17929246 -0.27664316 15.0
0.25769833 0.19320835 1.90732598 15.0
-0.84847236 -1.39659345 -1.03496993 15.0
0.88140851 -0.18482557 1.66102552 15.0
1.21299779 0.87388813 -1.50208545 15.0
-1.37442565 0.38587573 -0.45811084 15.0
0.76556396 1.30911469 -1.05011284 15.0
0.19341214 1.65492189 -0.01434053 15.0
-0.53360313 1.35604227 -1.02564275 15.0
-0.95014387 -1.39735305 0.50278974 15.0
-0.68910420 -0.29678568 1.53563201 15.0
-1.36246610 0.61245197 0.36832407 15.0
-0.69908351 0.44082454 1.84952104 15.0
-1.38889492 1.15725017 -0.10120605 15.0
1.11118364 -0.02384589 -1.10251713 15.0
0.35195649 -1.13223636 -1.02494156 15.0
0.89747632 0.39633462 1.80774486 15.0
0.85595196 -1.44795775 -1.03322387 15.0
1.37949371 -1.21577239 -0.93944752 15.0
-0.41237232 -0.17929246 -1.05663013 15.0
-1.20706701 0.96168423 0.87394702 15.0
-0.01787268 1.63280284 0.33028960 15.0
1.03471839 -0.80563986 -1.09296358 15.0
1.45932460 -1.02792060 0.36231521 15.0
-1.19896340 -0.40278649 0.72756714 15.0
1.45801485 -0.81723201 0.40447336 15.0
0.17511140 -1.57462132 -0.77346927 15.0
-1.29685557 0.47842905 0.56639796 15.0
-0.78215450 0.79910785 1.61289775 15.0
1.42370164 0.42749074 0.21551275 15.0
-0.77526808 0.42809799 -1.07687247 15.0
-1.37918103 0.13456671 -0.45815933 15.0
1.01740634 0.78206199 1.38212752 15.0
-1.35723913 -0.75647593 -0.94028401 15.0
0.10003493 0.39633462 1.89033914 15.0
0.87495911 0.03301658 1.81279957 15.0
-1.39186203 -0.54820919 -0.46287054 15.0
-1.33349657 1.26083612 -0.70055616 15.0
-1.11927044 -1.38745999 -1.03607380 15.0
-0.11492337 1.61620653 0.44012266 15.0
1.42409921 1.15719640 -0.44710481 15.0
-1.36200166 0.57709771 0.36715236 15.0
-0.78346509 1.53020608 0.92473835 15.0
-1.38992977 -0.10632697 -0.10278371 15.0
1.45153737 1.03712845 -0.27012345 15.0
1.42216957 -1.11494660 0.60932761 15.0
1.06196833 -0.49578130 1.07036471 15.0
1.36754596 -0.02384589 -0.97491443 15.0
-1.38872349 -0.24236791 -0.46234912 15.0
-1.40081620 -0.65770251 -0.28598067 15.0
1.07482815 -0.41580424 1.11155331 15.0
0.88394749 0.26701722 1.82662439 15.0
1.27920175 -1.43299329 -0.63345617 15.0
0.35314268 1.13723254 -1.04003429 15.0
-1.17188895 1.43736410 0.08218648 15.0
0.59042740 1.03712845 -1.05335236 15.0
-1.38640642 0.69463384 -0.27091053 15.0
-1.38887680 -0.45605016 0.19405484 15.0
0.77735335 -0.93314922 0.85046571 15.0
1.45031571 0.82984614 -0.27065194 15.0
1.37053657 -0.24236791 -0.97403735 15.0
0.40489241 1.36733961 1.08138156 15.0
-1.38396204 0.20990127 -0.10160392 15.0
-0.76758599 -0.12409851 1.76855731 15.0
0.30046168 -0.65770251 -1.03741241 15.0
1.27717853 -1.41275609 0.34929508 15.0
-1.17334282 0.82984614 -1.45733035 15.0
1.40140641 0.48003331 -0.72037125 15.0
-0.56098825 0.68596596 -1.05340326 15.0
-1.30358315 -1.20700359 -1.09713113 15.0
1.06601381 1.03712845 -1.42537725 15.0
0.10033921 -0.49273434 1.16698837 15.0
0.98591965 -1.44067991 -1.04295039 15.0
1.44836926 1.07647145 0.05589525 15.0
1.34874713 -1.26030743 -0.94843686 15.0
-0.06147171 0.42809799 -1.04634559 15.0
-0.85997063 -1.52695358 -0.82692063 15.0
0.35263801 1.10939443 -1.04629481 15.0
-1.36047447 -0.99281496 -1.19672012 15.0
0.72328007 0.11627274 1.87692010 15.0
0.09981388 0.79910785 1.66418898 15.0
0.43121797 -0.29678568 1.55630231 15.0
-0.35606611 1.64498734 -0.65232432 15.0
-0.89104241 1.26218045 -1.06793368 15.0
-0.96052444 0.91663659 -1.39294994 15.0
-0.43583879 1.65487993 -0.26790744 15.0
1.43664157 -1.17516553 0.11026413 15.0
0.94224429 0.02997799 1.73127246 15.0
-0.45954484 1.64194691 -0.66810048 15.0
0.72839290 0.26701722 1.87869167 15.0
-0.83496433 -0.12409851 1.73725450 15.0
-0.92942691 0.43763092 1.72038901 15.0
-1.41211188 0.91664833 0.21157934 15.0
-0.38471639 -1.07494104 0.80538881 15.0
-1.19795895 -0.30006692 0.75440431 15.0
-0.96130913 0.91541529 1.26590967 15.0
-0.50376260 -1.45477629 -1.00498748 15.0
-0.89403057 -0.75780749 0.89581954 15.0
0.07351191 1.55703056 0.92171174 15.0
1.40871692 -0.95727706 -1.18788445 15.0
-0.31089714 1.13723254 -1.04003429 15.0
0.58436173 -1.55479658 -0.23029876 15.0
-0.89983803 -0.05441456 1.70595825 15.0
-1.35916078 0.48003331 -0.72037125 15.0
-1.20405400 -0.83048683 0.85461688 15.0
0.41384393 -1.39819801 -0.99892992 15.0
-0.24854335 -1.55089641 0.02105769 15.0
1.33559167 0.57676870 0.57333905 15.0
-1.38508368 0.13455036 0.06633264 15.0
-1.28558981 1.35823381 0.17135544 15.0
0.57254338 1.26555967 1.12254286 15.0
-1.29548693 -0.81287432 0.82161629 15.0
1.44314504 -1.13459063 -0.03628005 15.0
-1.07728636 1.44107246 -0.91595471 15.0
-1.41185927 1.03712928 0.17821865 15.0
0.78312242 1.32042468 1.06875467 15.0
-1.42692137 -0.95727706 0.04611476 15.0
1.38821137 1.26191163 -0.45133984 15.0
-1.36374176 0.47904581 0.36368117 15.0
-0.86856109 1.40779555 1.00648773 15.0
1.23790193 0.38587573 -1.08789134 15.0
1.34728682 -0.73404151 0.75521737 15.0
-0.21724665 -0.96825510 0.86239630 15.0
0.97273397 0.38587573 -1.09256780 15.0
0.46286219 -1.30454040 -1.00310814 15.0
-0.84303492 -0.24511665 1.56705201 15.0
0.77734655 1.36733961 1.04534137 15.0
-1.38639259 -0.81941569 -0.92130876 15.0
1.00271237 -0.95727706 -1.34122539 15.0
-1.13847005 1.13797224 -1.23713529 15.0
0.82697260 0.39633462 1.83904791 15.0
0.09862921 0.97514272 1.41681886 15.0
1.43268847 -0.10632697 0.06613649 15.0
-1.04822111 0.78757107 -1.38037372 15.0
-1.36879075 -1.30322075 0.18442759 15.0
0.64282233 -0.10632697 -1.06453407 15.0
-1.15294325 0.74434555 0.86921263 15.0
0.89966607 -1.28620613 0.63349640 15.0
0.52331692 -1.26516974 -1.00513506 15.0
-0.24858974 -1.56866705 0.19308414 15.0
-0.08994716 -0.86101174 -1.02188730 15.0
0.79089069 1.26555967 1.09430754 15.0
0.35371104 0.91663659 -1.06949878 15.0
-0.93193597 0.05768157 -1.09279442 15.0
-1.29021823 1.20728993 0.49721652 15.0
1.43664157 -1.17516553 0.11026413 15.0
-1.39064956 -0.17929246 -0.27664316 15.0
-0.77525300 -0.95727706 -1.07524335 15.0
0.50145924 -0.65770251 -1.04319036 15.0
-0.24773298 -1.56669807 -0.20962851 15.0
-0.70025641 0.48349455 1.83757102 15.0
1.10782254 -0.40856251 -1.10132945 15.0
-1.38185370 1.15719640 -0.44710481 15.0
1.39998555 0.91663659 -1.22773433 15.0
1.06215966 -1.26512671 -1.05569160 15.0
-0.54776150 -1.13223636 -1.03071940 15.0
-1.40299404 0.82984614 -0.44784799 15.0
1.39618075 1.26218045 0.16455337 15.0
-0.79911047 0.72827613 -1.07394052 15.0
0.94278175 -1.13223636 -1.14250839 15.0
0.87967485 0.57762450 -1.07516360 15.0
1.40424728 0.57709771 0.36715236 15.0
-0.89546341 -0.86193722 0.86445147 15.0
-1.02671909 1.17518091 -1.11617458 15.0
-1.39269948 -0.86725920 0.71710050 15.0
-0.05631648 -0.12409851 1.81984890 15.0
-0.03126636 1.55703056 0.92171174 15.0
1.42094958 -1.26339340 0.05583457 15.0
-0.05648472 0.19320835 1.91140461 15.0
-0.31564546 1.61617136 0.42654026 15.0
-0.03031215 -1.54318833 0.36178511 15.0
0.99980354 1.13730431 -1.18349600 15.0
-0.21572597 -1.03817868 0.83112407 15.0
0.47872403 1.64960313 -0.05038036 15.0
1.45299983 0.99769133 -0.27023631 15.0
1.16110873 -0.69739896 0.89255512 15.0
0.09654734 1.17389286 1.18108058 15.0
1.43687642 -0.24236791 0.05867900 15.0
-0.92839766 -0.80561501 -1.06051409 15.0
-0.64727610 -1.41183221 0.53069401 15.0
-0.68614739 0.26701722 1.87869167 15.0
-1.30888760 0.91666555 0.58912104 15.0
0.33550182 -0.74997675 -1.02542210 15.0
-0.91189218 0.84050399 1.47007048 15.0
1.00271237 -0.95727706 -1.34122539 15.0
1.10782254 -0.40856251 -1.10132945 15.0
-0.15920241 1.64661336 0.17658149 15.0
1.28480566 -1.43387008 -0.49115911 15.0
-0.31066096 -1.18952429 -1.01328039 15.0
1.45551300 0.99769241 0.05932707 15.0
1.39618075 1.26218045 0.16455337 15.0
1.47383678 -0.92159611 0.16031054 15.0
0.42739582 0.97514272 1.40696216 15.0
-1.34339881 0.69988090 -0.95426291 15.0
-1.37232471 0.05768157 -0.72091764 15.0
0.09907405 -1.00307357 0.85206467 15.0
0.94845825 -1.20959938 -1.06473327 15.0
-1.06206107 0.53210193 -1.10082960 15.0
1.37915158 -1.33951163 -0.60468167 15.0
-1.35325623 1.26218045 -0.10110041 15.0
-0.97413301 -0.88806140 -1.27178514 15.0
0.09838638 -0.05152711 1.86942410 15.0
-0.02939246 -1.57462132 -0.76939064 15.0
0.45478231 0.13456671 -1.05675781 15.0
-1.22205663 -0.45091808 0.70744944 15.0
0.13071784 0.87388813 -1.06547427 15.0
-0.77638668 0.34155968 -1.07734442 15.0
1.42164135 0.57736683 0.21790275 15.0
-0.07845780 0.61282253 -1.04417980 15.0
-0.77651811 -0.10632697 -1.07739985 15.0
0.37889969 1.64594102 0.15591124 15.0
1.44586968 1.07647145 -0.27000460 15.0
-1.29548693 -0.81287432 0.82161629 15.0
-1.39290965 -0.17929246 0.21648906 15.0
-0.84157646 1.05610776 1.20871913 15.0
-0.45427251 1.46875060 1.02350223 15.0
1.45561850 0.99769551 0.18797049 15.0
1.46983361 -0.85517532 -0.28328067 15.0
-1.18182302 -0.82881415 -1.18611634 15.0
0.80778724 -0.05152711 1.81813288 15.0
-0.98879814 -0.26219779 1.31987929 15.0
-1.20706701 0.96168423 0.87394702 15.0
1.25010133 -0.30410111 -1.08749568 15.0
-0.74292254 -0.79553181 0.90122092 15.0
-0.03231326 1.56516290 0.83224571 15.0
1.06827974 -1.20934784 -1.15293622 15.0
-1.39393938 -1.17516553 -0.08536808 15.0
-1.06378436 0.38587573 -1.10229075 15.0
0.09953809 -0.32790342 1.51234531 15.0
0.64263856 -0.17929246 -1.06443465 15.0
-1.02816057 -0.75780749 0.88609666 15.0
0.97304481 0.48003331 -1.09171200 15.0
1.44833767 -1.09783626 -0.13988373 15.0
1.43289506 -0.17929246 -0.27664316 15.0
-1.29827750 0.78688186 -1.33402634 15.0
-0.68207353 0.97514272 1.38629186 15.0
1.47209597 -0.85517532 -0.11294488 15.0
1.47633469 -0.88690400 0.16214149 15.0
-1.24868894 1.14255488 -1.20344472 15.0
0.91380137 -1.52005458 0.22176491 15.0
-0.59891605 -0.38630745 -1.06363523 15.0
-1.35385811 1.26218045 0.05350585 15.0
-0.77406716 0.91663659 -1.10868073 15.0
1.43173909 1.15725017 0.05451565 15.0
0.81179398 -1.13223636 -1.05674624 15.0
-1.29685557 0.47842905 0.56639796 15.0
-0.82344872 -0.65770251 -1.06386054 15.0
0.90975922 -1.20379221 0.69446415 15.0
0.64230329 -0.24236791 -1.06425321 15.0
1.42213714 0.61282253 -0.10154912 15.0
1.23597658 0.42809799 -1.08757281 15.0
-0.90501696 0.19000810 1.74793732 15.0
-1.19840276 -0.10175183 0.79518062 15.0
-0.79031372 0.48349455 1.81680644 15.0
-1.36879075 -1.30322075 0.18442759 15.0
1.07263064 0.91663659 -1.50509501 15.0
-0.86183596 0.48349455 1.78550363 15.0
-1.31970823 0.71118480 -1.12700987 15.0
-1.29473722 0.53090888 0.56998026 15.0
1.34467232 -1.38218737 -0.61421448 15.0
-0.21942630 -0.40026572 1.34829152 15.0
0.95158345 0.92925471 1.35254347 15.0
-1.38315189 0.64915407 -0.10153942 15.0
-0.54618239 1.05610776 1.27736139 15.0
0.09820702 1.01627374 1.35199285 15.0
-0.06155179 0.38587573 -1.04667139 15.0
-0.66412371 1.21554601 1.13121188 15.0
0.51943588 1.62970018 0.28439319 15.0
-1.23493302 -1.41275609 0.34929508 15.0
-0.76711363 0.11627274 1.85615551 15.0
-1.32553971 -0.10632697 -0.97483283 15.0
1.41680968 -0.45590356 0.33432263 15.0
1.45523095 -0.99281496 -0.45967329 15.0
-0.53029788 1.26555967 1.12254286 15.0
0.95885241 0.33330965 1.73969901 15.0
-0.56108350 -0.86101174 -1.03174388 15.0
0.21529719 1.64550340 -0.63165414 15.0
1.41801918 0.64934307 -0.45506251 15.0
0.28899196 -1.56711423 0.26861516 15.0
1.42023516 0.61282253 -0.27099794 15.0
-0.77177268 0.95780998 -1.10199225 15.0
-1.38185370 1.15719640 -0.44710481 15.0
-0.77410632 1.15662503 -1.05346465 15.0
-1.38404930 0.28099144 0.06625962 15.0
-0.77317166 1.59745777 0.26913026 15.0
-0.21731320 0.88841313 1.54770231 15.0
-0.05562565 -1.15942109 0.76892585 15.0
-1.37931979 -1.02792060 -0.92889732 15.0
1.40710223 0.64893985 0.36952794 15.0
-0.98635459 -0.84151053 -1.18593419 15.0
-1.30650163 -1.26030743 -0.94843686 15.0
1.32750106 -1.16770744 -1.24811816 15.0
1.02263534 -0.86096251 -1.22945631 15.0
-1.15208757 -1.13249934 -1.36116326 15.0
-1.32553971 -0.10632697 -0.97483283 15.0
0.81410718 -0.99281496 -1.07601666 15.0
-1.25397539 1.30911469 0.47597885 15.0
0.25961298 -0.29678568 1.56208014 15.0
-0.55273533 -1.20379221 0.72269946 15.0
0.94578665 -1.18952429 -1.09343159 15.0
-1.30843079 -1.38231266 -0.48058385 15.0
-1.17299676 0.65253019 0.86248386 15.0
1.11002016 -0.65770251 -1.08895302 15.0
0.91850066 -1.11552787 0.74756742 15.0
-1.41265881 0.99769133 -0.10134181 15.0
-0.84076321 1.13481724 1.14129281 15.0
1.21382642 -1.26205468 -1.04532099 15.0
0.55899763 1.61495996 0.39830494 15.0
-1.29063952 1.11350012 -1.26075912 15.0
0.77510226 -0.96825510 0.83594817 15.0
1.11079383 0.05768157 -1.10251713 15.0
0.82440001 0.79910785 1.61289775 15.0
-1.39025879 -0.10632697 0.21783663 15.0
-1.36596215 -1.26317000 -0.56939602 15.0
-1.07630026 0.59555310 1.17758560 15.0
-1.20620680 0.69140941 -1.12175918 15.0
-1.19451761 0.38652608 0.84387463 15.0
1.03924596 0.72822827 -1.19319892 15.0
-0.86461896 -1.34586513 -1.03725600 15.0
0.24663435 -1.34145844 0.62990618 15.0
0.97418290 -0.10632697 -1.09276950 15.0
-0.54937488 -0.99281496 -1.04292560 15.0
0.64286512 0.28114820 -1.06455731 15.0
-1.08356798 0.15364206 1.17584074 15.0
1.32787991 -1.13309896 -1.30119181 15.0
-1.06777465 -0.65770251 -1.08895302 15.0
-0.31296241 0.87388813 -1.06955302 15.0
-1.32553971 -0.10632697 -0.97483283 15.0
0.09735160 1.09550440 1.24661958 15.0
-0.01327862 1.64661336 0.18643808 15.0
1.41670501 -0.83553332 0.72719324 15.0
-0.21514469 0.97514272 1.41273999 15.0
0.42905039 -1.34614873 -1.00121617 15.0
0.64116162 -0.38630745 -1.06363523 15.0
1.02340162 1.53920412 0.24822317 15.0
-0.21791530 -0.32790342 1.50826681 15.0
0.12996286 -1.18952429 -1.00920188 15.0
1.40712333 0.42685664 0.36181068 15.0
1.43664157 -1.17516553 0.11026413 15.0
0.58571541 -1.53487134 -0.92830765 15.0
0.60739851 -0.40026572 1.33470917 15.0
-0.41158542 -0.35586345 -1.05601943 15.0
-1.43042135 -0.85517532 0.25942898 15.0
1.04203403 0.37920570 1.52328086 15.0
0.35290650 -1.18952429 -1.01328039 15.0
-1.38640642 0.69463384 -0.27091053 15.0
-1.06544530 0.34155968 -1.10243690 15.0
0.64763904 0.48003331 -1.06347668 15.0
-1.02047026 1.21087599 -1.08708692 15.0
-1.06544530 0.34155968 -1.10243690 15.0
-1.06617808 0.66790730 1.16913116 15.0
-1.37803328 0.87388813 -0.94497669 15.0
0.07256812 -1.55089641 0.03091414 15.0
1.34557283 0.87388813 -1.42249918 15.0
0.58035421 1.17389286 1.16341960 15.0
0.78352082 -0.60134822 0.98737574 15.0
1.21310258 1.43908453 -0.27326834 15.0
-0.63084346 1.61138070 0.38858205 15.0
0.81491154 1.13723254 -1.06287241 15.0
0.61049128 0.72827613 -1.05702388 15.0
1.18262458 -1.20757914 -1.16593707 15.0
-0.99654013 0.61781740 1.46566653 15.0
1.10882545 0.61282253 -1.09979904 15.0
0.96285027 0.74994349 1.56107926 15.0
1.24629951 -0.83048683 0.85461688 15.0
-0.09185977 0.71020859 -1.04450369 15.0
-0.77347416 0.93242741 1.43441522 15.0
-1.16075730 0.95780998 -1.51417303 15.0
-1.27058232 -1.34013188 -0.95952833 15.0
-0.54980117 1.13723254 -1.04581213 15.0
-1.31852472 0.28114820 -0.97491306 15.0
0.76414895 -1.55387914 -0.36415535 15.0
-0.21724665 -0.96825510 0.86239630 15.0
-0.68142593 -0.12409851 1.78932214 15.0
0.06575207 1.61620653 0.44420138 15.0
-1.40319192 -0.65770251 0.17605859 15.0
-1.08131278 -0.08733527 1.13679552 15.0
1.04232943 -1.49544597 0.22719766 15.0
-1.08272779 -0.16042627 1.11230409 15.0
-0.55571300 0.26701722 1.89155746 15.0
-0.98387694 1.53202605 -0.07095027 15.0
1.19255662 1.31294978 0.74848229 15.0
1.41580534 0.42809799 -0.45804209 15.0
-0.50085849 0.61282253 -1.05403626 15.0
-0.54818189 1.03712845 -1.05335236 15.0
1.06608212 1.13759196 -1.22951686 15.0
0.83089423 -0.86101174 -1.05425870 15.0
-0.22052239 0.44082454 1.87596917 15.0
0.94726241 0.19000810 1.74793732 15.0
0.73369765 0.84368092 1.58087981 15.0
-1.19896340 -0.40278649 0.72756714 15.0
-1.20839238 -0.24236791 -1.08773303 15.0
-1.19012439 -1.39353919 0.43919486 15.0
-1.41075432 0.99769133 -0.27023631 15.0
0.95885241 0.33330965 1.73969901 15.0
1.34952509 -0.02358675 0.54315847 15.0
1.22946644 0.48164979 0.85014850 15.0
1.00829458 0.87388813 -1.37976086 15.0
1.43398726 0.82984614 -0.67343640 15.0
0.41935456 -1.24496078 0.70112002 15.0
-0.65836436 1.26555967 1.10967743 15.0
1.18689060 -1.45325983 -0.01641816 15.0
1.45799565 -0.85124695 0.57450050 15.0
-0.69232112 1.53063965 0.93722254 15.0
-0.04830410 -1.45533156 -0.98732644 15.0
-0.95248783 -1.16346514 -1.22213602 15.0
0.12957284 -1.06273639 -1.03094578 15.0
-0.01787268 1.63280284 0.33028960 15.0
1.45509648 0.87388813 -0.10142717 15.0
-1.20620680 0.69140941 -1.12175918 15.0
0.35791069 -0.88807118 -1.02952754 15.0
-1.40312481 -0.65770251 0.04113540 15.0
-0.08743531 -1.02792060 -1.03201580 15.0
-1.35558641 -1.02792060 -1.19607055 15.0
-0.96793777 1.30348909 1.03535485 15.0
1.40127683 -1.24376547 0.52899587 15.0
1.04110432 0.57173860 1.48418677 15.0
-0.54211622 -1.55479658 -0.23029876 15.0
1.09698582 0.75290149 -1.30931246 15.0
1.42889011 -1.21904254 -0.02455357 15.0
1.41852605 -0.17922160 0.35906896 15.0
-0.76954383 0.19320835 1.86011302 15.0
1.12517297 -0.33569196 1.00626945 15.0
1.42130315 0.57762450 -0.10155822 15.0
0.96416283 -1.26516116 -1.04453301 15.0
-1.16877568 1.44262695 0.20502630 15.0
-0.71210074 -1.54604447 -0.81566924 15.0
-0.77658480 0.13456671 -1.07742798 15.0
-0.55080581 1.15662503 -1.04035890 15.0
0.77510226 -0.96825510 0.83594817 15.0
1.40914369 0.34007907 0.36075416 15.0
-0.41182092 0.42809799 -1.05620229 15.0
-1.39064956 -0.17929246 -0.27664316 15.0
1.39015388 -1.33562803 0.32942995 15.0
0.65698349 1.52904463 -0.93498951 15.0
0.28919271 -1.58247554 -0.32811546 15.0
0.60091329 -0.80561501 -1.02578545 15.0
-0.89396024 -0.89761347 0.85023242 15.0
-1.06256235 0.93592691 1.10109329 15.0
-0.36523712 1.32042468 1.10479462 15.0
-0.41134217 -0.38630745 -1.05583072 15.0
-0.05669928 -1.34614873 -0.99135953 15.0
-0.64727610 -1.41183221 0.53069401 15.0
1.01497388 1.53970766 -0.48601058 15.0
-0.21863632 -0.89761347 0.89205015 15.0
1.45149100 -0.75228173 -0.28460887 15.0
-1.28614914 1.35718119 0.05892774 15.0
1.33698273 0.53090888 0.56998026 15.0
1.33194149 -1.02792060 -1.40001214 15.0
1.24786282 -0.38630745 -1.08710432 15.0
-0.37159836 -1.39819801 -0.99892992 15.0
0.26020393 -0.93314922 0.87691385 15.0
1.31282783 -1.34013188 -0.95952833 15.0
1.41479170 -1.17458057 -0.71578664 15.0
1.23597658 0.42809799 -1.08757281 15.0
1.38453794 -1.17190540 -1.12132597 15.0
0.79949838 -1.48743951 -1.01508105 15.0
1.38771379 -1.13393855 -1.14782202 15.0
-0.08992898 0.68596596 -1.04354668 15.0
-1.38678253 -1.21904254 0.07791808 15.0
-0.53855717 -1.58074510 -0.48614758 15.0
-1.21690202 -0.71149474 0.85007846 15.0
-0.68103456 0.11627274 1.87692010 15.0
0.64433342 1.62079179 0.27467042 15.0
0.25141719 -1.28659511 0.67531425 15.0
-0.21731320 0.88841313 1.54770231 15.0
1.33910108 0.47842905 0.56639796 15.0
-0.44667143 1.64184844 0.14054166 15.0
-0.73049736 -1.00307357 0.82153785 15.0
1.12497330 -0.16042627 1.11230409 15.0
0.19722255 1.66024625 -0.44430569 15.0
1.02449918 -1.47819459 0.30221915 15.0
-0.56470710 -1.00307357 0.83440357 15.0
1.24629951 -0.83048683 0.85461688 15.0
1.04641187 -1.51074529 -0.37575805 15.0
1.06456482 1.10978031 -1.30016744 15.0
-0.20356421 1.32042468 1.11057246 15.0
0.43395650 1.52835429 0.97649437 15.0
-0.77397287 -1.20959938 -1.02743924 15.0
1.23236990 -1.39353919 0.43919486 15.0
-1.06963086 0.64839661 -1.10127413 15.0
1.41667116 0.38587573 -0.45811084 15.0
-0.41253248 0.05768157 -1.05675459 15.0
-1.36596215 -1.26317000 -0.56939602 15.0
0.13410531 0.71020859 -1.04450369 15.0
0.42069888 1.09550440 1.23676288 15.0
0.26320019 -0.60134822 1.01382387 15.0
-0.23577011 -1.30454040 -0.99733019 15.0
-0.23051800 -0.35586345 -1.05024159 15.0
0.76765537 -1.07494104 0.78471857 15.0
-0.77525300 -0.95727706 -1.07524335 15.0
1.16268015 -1.46913326 -0.82825762 15.0
-1.42758811 -0.85517532 -0.28328067 15.0
-1.01144242 -1.44243813 0.38991848 15.0
-0.81529748 1.32042468 1.05903196 15.0
-0.45427251 1.46875060 1.02350223 15.0
1.11953187 1.44107246 -0.91595471 15.0
0.94578665 -1.18952429 -1.09343159 15.0
-0.08771731 -1.18952429 -1.00920188 15.0
0.72209430 0.03301658 1.86486685 15.0
0.43360567 0.79910785 1.65433264 15.0
0.25477949 1.05610776 1.29094374 15.0
1.29622090 1.30911469 0.47597885 15.0
-0.38614985 -1.03817868 0.82534623 15.0
0.26194167 0.70725131 1.74039781 15.0
-0.91336602 -0.92159611 -1.16803217 15.0
-0.05379829 -1.39819801 -0.98907328 15.0
-0.80657524 1.56023633 0.77912432 15.0
1.24609172 0.20990127 -1.08812892 15.0
-0.55984765 0.84368092 1.59374547 15.0
1.41297400 -0.40835992 0.34338659 15.0
0.59868658 -0.24511665 1.63198507 15.0
1.23999953 0.13814820 0.82254648 15.0
-0.41242903 0.34155968 -1.05667412 15.0
-0.56830066 -0.93314922 0.86333144 15.0
-0.38887915 0.88841313 1.54192412 15.0
0.43249431 0.84368092 1.60154998 15.0
0.81883043 0.13456671 -1.07742798 15.0
-0.78415132 0.75312459 1.65751469 15.0
0.69417882 1.32042468 1.08412433 15.0
-1.31545806 -1.38118839 -0.23076376 15.0
1.42316544 -1.21904254 -0.39476719 15.0
0.41885772 -1.56473398 0.26081061 15.0
0.35429206 1.60548985 -0.79131651 15.0
0.88382196 1.05610776 1.20871913 15.0
0.60719931 0.75321710 -1.06115806 15.0
0.87952471 0.19320835 1.82881033 15.0
-0.21632053 0.93242741 1.48162794 15.0
-1.21100509 -0.65796846 -1.07396114 15.0
-1.29484093 0.95780998 -1.43167186 15.0
-0.41031450 -0.45605016 -1.05503309 15.0
0.75434625 -1.54604447 -0.81566924 15.0
-0.41213843 -0.24236791 -1.05644858 15.0
0.35427037 -0.95727706 -1.03788984 15.0
0.60012943 0.88841313 1.53411984 15.0
-1.37798977 0.61282253 -0.27099794 15.0
-1.32829106 -0.24236791 -0.97403735 15.0
1.23329437 0.53210193 -1.08646286 15.0
-1.29548693 -0.81287432 0.82161629 15.0
-0.38717219 0.93242741 1.47585011 15.0
-0.98153055 0.78762150 -1.29921877 15.0
-0.84424675 -1.33939648 0.58800811 15.0
0.41427705 -1.57224119 -0.78705168 15.0
1.23228824 1.16108990 0.81293005 15.0
0.76414895 -1.55387914 -0.36415535 15.0
0.94493032 0.99769133 -1.20096076 15.0
1.43532288 -0.17929246 0.06331338 15.0
0.42618635 0.03301658 1.88553715 15.0
-1.15093291 -1.16470945 -1.29838252 15.0
0.81553006 0.26701722 1.85792708 15.0
1.40970266 0.78549856 -0.93997711 15.0
-1.15613258 1.11074710 -1.30764115 15.0
0.76637369 -1.53810167 -0.24566849 15.0
0.28487486 1.64647889 0.16877696 15.0
1.43289506 -0.17929246 -0.27664316 15.0
0.92901731 -1.30448365 -1.03914797 15.0
-0.60061961 0.28114820 -1.06455731 15.0
0.27355579 1.66004872 -0.23967212 15.0
1.00047159 -1.20954907 -1.11715519 15.0
1.41530311 0.74048382 0.37147745 15.0
0.81901532 0.88841313 1.50048923 15.0
1.04641187 -1.51074529 -0.37575805 15.0
0.64763904 0.48003331 -1.06347668 15.0
1.06896460 1.17518091 -1.11617458 15.0
-1.19004273 1.16108990 0.81293005 15.0
-1.37453628 1.20728993 0.16619773 15.0
-1.19231772 0.48003331 -1.08705449 15.0
-0.41213843 -0.24236791 -1.05644858 15.0
-1.20839238 -0.24236791 -1.08773303 15.0
0.70549417 1.59614909 0.51479226 15.0
-0.77861649 0.33650565 1.85017288 15.0
1.24942315 -0.54817295 -1.08334720 15.0
-0.03032256 -1.55089641 0.03091414 15.0
-0.21667784 1.30911469 -1.02366471 15.0
1.40914369 0.34007907 0.36075416 15.0
1.32005465 1.35790837 -0.45555416 15.0
0.79512405 0.64836603 -1.06152308 15.0
1.39948463 -0.75647593 -0.94028401 15.0
0.12996286 -1.18952429 -1.00920188 15.0
1.06215966 -1.26512671 -1.05569160 15.0
-0.76568234 0.03301658 1.84410226 15.0
-0.80730885 -0.40026572 1.30233741 15.0
1.23508251 -1.20702434 0.67198128 15.0
-0.91396958 -0.29992554 1.41644895 15.0
-0.21572597 -1.03817868 0.83112407 15.0
0.45256007 -0.45605016 -1.05503309 15.0
-0.21667784 1.30911469 -1.02366471 15.0
0.75738305 -1.20379221 0.70983374 15.0
-0.74491209 1.47119713 0.98444843 15.0
1.22468185 0.71223027 -1.18329227 15.0
0.10039333 0.44082454 1.88004780 15.0
-0.07890789 1.66019881 -0.22608972 15.0
1.44566524 -1.09783626 -0.30557016 15.0
0.59304929 0.03301658 1.87773263 15.0
1.23236990 -1.39353919 0.43919486 15.0
0.12708466 -1.23147655 -0.99859756 15.0
-0.07890789 1.66019881 -0.22608972 15.0
-1.38442636 0.82986021 0.36948416 15.0
0.27331433 0.05768157 -1.05097663 15.0
-1.19373107 0.42809799 -1.08757281 15.0
-1.05474031 0.75290149 -1.30931246 15.0
-0.71811515 -1.51937890 -0.94405955 15.0
-1.30616391 0.05773341 0.54638636 15.0
0.61221766 -0.89761347 0.87846774 15.0
-1.35393524 1.26218045 0.16455337 15.0
0.39413431 1.41003048 1.05940604 15.0
1.08719039 -0.88802195 -1.35428381 15.0
-0.05711281 -0.29678568 1.56615877 15.0
0.43728071 0.48349455 1.85824120 15.0
-1.12043464 -1.46913326 -0.82825762 15.0
0.43625382 0.63489866 1.78527153 15.0
-1.21835148 -1.00630891 0.78415352 15.0
-0.99688536 -1.33511603 0.57796389 15.0
-0.22087519 0.53609580 1.84579754 15.0
1.17201352 -1.45949316 0.26888213 15.0
0.54608327 1.52835429 0.96362865 15.0
-0.63084346 1.61138070 0.38858205 15.0
-0.94444907 0.71020859 -1.09794474 15.0
0.88394749 0.26701722 1.82662439 15.0
-0.93067515 -0.30410111 -1.09226739 15.0
-0.55329734 0.19320835 1.89374363 15.0
1.06456482 1.10978031 -1.30016744 15.0
-0.05690302 -0.24511665 1.64964628 15.0
-1.17085707 1.43908453 -0.27326834 15.0
1.00047159 -1.20954907 -1.11715519 15.0
-0.21385771 1.01627374 1.34791422 15.0
1.35471797 -1.38187194 -0.35787427 15.0
-0.49786910 1.21090245 -1.03470111 15.0
1.46116889 -0.99281496 -0.28594056 15.0
1.43742156 0.78512418 -0.44851732 15.0
-0.20205785 1.36733961 1.08715940 15.0
-0.37883103 -1.55239654 -0.09731010 15.0
-1.33764696 1.26218045 0.27580628 15.0
0.25739026 0.97514272 1.41273999 15.0
1.33551347 0.99769133 -1.40827191 15.0
-0.56997216 -0.89761347 0.87846774 15.0
-0.31605351 -0.80561501 -1.02000761 15.0
0.45478231 0.13456671 -1.05675781 15.0
-1.30332732 0.87388813 -1.42249918 15.0
1.45221877 0.82984614 -0.10145494 15.0
-0.06540795 1.26218045 -1.02203727 15.0
-0.86317360 1.52849329 0.88722873 15.0
-0.21856649 -0.35146543 1.45898509 15.0
1.39550173 1.26218045 -0.10110041 15.0
0.59554291 0.19320835 1.89374363 15.0
0.42069888 1.09550440 1.23676288 15.0
1.43239188 -0.40856251 -0.46345788 15.0
0.29073429 -1.54318833 0.35192853 15.0
1.02284133 -0.06700952 1.48714519 15.0
0.74166489 0.58882940 1.79383099 15.0
-1.38508368 0.13455036 0.06633264 15.0
1.44777501 1.07647145 -0.10127863 15.0
0.18908924 1.52835429 0.99007678 15.0
-0.27092746 -1.26516974 -0.99935704 15.0
0.72328007 0.11627274 1.87692010 15.0
0.17810737 -1.55776370 0.11752298 15.0
-0.13286583 -1.57462132 -0.77346927 15.0
1.45463347 -1.02399075 0.52232867 15.0
-0.90260994 1.07523584 -1.16419709 15.0
-0.54382658 -1.53899491 0.00038744 15.0
0.72463596 1.55736423 0.86478263 15.0
0.09914858 -0.24511665 1.64964628 15.0
1.45299983 0.99769133 -0.27023631 15.0
0.30681992 0.57762450 -1.04871547 15.0
1.11024582 -0.30410111 -1.10199022 15.0
1.34766722 0.13434964 0.55018640 15.0
0.25617999 -1.11552787 0.78938526 15.0
-0.41224065 0.38587573 -1.05652797 15.0
1.43651998 0.95782709 0.34575132 15.0
0.57655358 -1.23147655 -1.00845408 15.0
0.25897348 -0.24511665 1.64556742 15.0
-0.21385771 1.01627374 1.34791422 15.0
-0.54818189 1.03712845 -1.05335236 15.0
0.09905170 0.26701722 1.90921867 15.0
0.87720984 -0.12409851 1.73725450 15.0
-0.67422110 1.05610776 1.26449561 15.0
1.10430658 0.53210193 -1.10082960 15.0
1.28221858 -1.38234508 -0.96176666 15.0
0.84364837 0.53210193 -1.07573712 15.0
0.25856608 0.93242741 1.48162794 15.0
1.24751425 1.08031440 0.85111982 15.0
0.09975170 -0.35146543 1.46306396 15.0
0.45383102 -0.35586345 -1.05601943 15.0
-0.83271360 0.03301658 1.81279957 15.0
-0.90354115 -1.18952429 -1.09343159 15.0
-0.21545279 0.19320835 1.90732598 15.0
0.89867812 0.70725131 1.66188204 15.0
-0.41640809 0.48003331 -1.05567217 15.0
-1.34790838 -1.33562803 0.32942995 15.0
1.35175550 -0.30402610 0.52344400 15.0
1.26926684 -0.90084893 0.82828146 15.0
-1.35903132 -1.24376547 0.52899587 15.0
1.20841193 -0.61846805 0.89364469 15.0
-0.31744808 0.78763419 -1.06057787 15.0
1.41108203 0.13443309 0.36008361 15.0
-0.54936492 1.01627374 1.33433187 15.0
1.42590535 0.64912784 0.06701215 15.0
-0.60636413 -1.30454040 -1.01091266 15.0
-1.27436745 0.72321284 -1.21433938 15.0
-1.00018692 -0.36712492 1.18345845 15.0
-0.05379829 -1.39819801 -0.98907328 15.0
-0.77034438 1.03712845 -1.08290422 15.0
-1.38021982 0.61264127 0.21836026 15.0
-0.25821614 -0.65770251 -1.03741241 15.0
1.44917762 -1.09783626 0.19990619 15.0
0.32468018 0.61282253 -1.04825842 15.0
1.46690762 -0.91766667 0.55594236 15.0
0.89137954 -0.49273434 1.11906898 15.0
1.02728415 0.17604865 1.52911806 15.0
-0.78287053 0.82984614 -1.10116529 15.0
-0.31066096 -1.18952429 -1.01328039 15.0
-1.43069732 -0.85517532 0.04757267 15.0
-1.15195060 -1.06273639 -1.45781982 15.0
1.18794930 -1.45823336 0.08311018 15.0
-1.39033365 -0.30410111 -0.46341240 15.0
1.24258256 0.65220219 -1.08805442 15.0
-1.39422321 -0.54811972 -0.28692582 15.0
0.64067400 -0.40856251 -1.06337118 15.0
-1.15195060 -1.06273639 -1.45781982 15.0
-1.40587497 0.87388813 -0.44757289 15.0
1.02288330 0.01672380 1.50960052 15.0
0.12833147 1.17531300 -1.02744007 15.0
1.06608212 1.13759196 -1.22951686 15.0
-1.14117324 -1.46470428 -0.25181264 15.0
-0.91178650 0.87388813 -1.21798968 15.0
-1.36065114 0.87388813 -1.22108030 15.0
1.24942315 -0.54817295 -1.08334720 15.0
-1.19775403 0.13814820 0.82254648 15.0
-0.21856649 -0.35146543 1.45898509 15.0
-0.08748587 1.03712845 -1.04349577 15.0
-1.14337277 -1.45607007 -0.12971096 15.0
0.93627608 -0.75780749 0.89581954 15.0
-1.13764620 -1.47613132 -0.37205458 15.0
-1.39481521 -0.54811972 0.03992594 15.0
1.33194149 -1.02792060 -1.40001214 15.0
1.34872317 -0.35549566 0.51893461 15.0
-1.20620680 0.69140941 -1.12175918 15.0
-0.22035742 -0.49273434 1.16290987 15.0
-1.35385811 1.26218045 0.05350585 15.0
1.35258770 1.30884588 -0.70555729 15.0
1.18321872 1.15495944 -1.17692482 15.0
1.35096538 -1.22112238 0.62692583 15.0
-1.40618420 1.07647145 0.17420898 15.0
0.43223408 -0.93314922 0.87113601 15.0
-1.23695624 -1.43299329 -0.63345617 15.0
1.40059364 0.53210193 -0.72006565 15.0
-1.42230392 -0.99281496 0.15546694 15.0
-1.24868894 1.14255488 -1.20344472 15.0
0.43574941 0.67050850 1.76052916 15.0
0.72367144 -0.12409851 1.78932214 15.0
0.24966374 1.21554601 1.15766001 15.0
1.36761940 1.03713059 0.54601818 15.0
0.06011822 1.63280284 0.33028960 15.0
-1.37918127 0.42809799 -0.27115810 15.0
-0.39171097 1.52835429 0.97649437 15.0
-1.15758896 1.07550633 -1.37949026 15.0
1.25898349 1.35911381 0.47435784 15.0
0.25739026 0.97514272 1.41273999 15.0
1.19433308 -1.13249934 -1.36116326 15.0
-1.38491464 0.13450134 0.21613511 15.0
-1.37502170 -1.21888137 -0.54227698 15.0
-1.34512699 -0.79777992 0.73810560 15.0
-0.23106876 0.05768157 -1.05097663 15.0
-1.43108857 -0.92159611 0.38408798 15.0
0.09894484 -1.34614873 -0.99135953 15.0
-1.28393292 1.35752523 -0.26989883 15.0
0.43476444 0.39633462 1.88048267 15.0
1.41412508 -1.26339340 -0.43215850 15.0
-0.88157344 1.36418223 1.02925014 15.0
-0.05778821 -0.40026572 1.35237014 15.0
1.05412650 -1.48691559 0.06608390 15.0
-0.38066101 1.05610776 1.28516591 15.0
1.24609172 0.20990127 -1.08812892 15.0
-0.89382064 -1.47408974 -1.02511358 15.0
-0.76133007 1.09550440 1.19593513 15.0
0.84444523 -1.40615904 0.51476204 15.0
1.43931055 -0.65786022 0.29503861 15.0
0.70622724 1.46923983 0.99504775 15.0
-1.43080175 -0.88690400 -0.28277615 15.0
-0.50383765 1.52835429 0.96362865 15.0
-1.14037895 -1.20757914 -1.16593707 15.0
-0.08128777 1.66024625 -0.43852782 15.0
-1.33764696 1.26218045 0.27580628 15.0
-0.13552335 -1.55477667 -0.08372770 15.0
-1.30367982 1.15725017 0.51203001 15.0
1.03960562 1.15693498 1.10656178 15.0
1.25914752 -0.71149474 0.85007846 15.0
1.10028064 -0.93314922 0.82537323 15.0
-0.23037653 -0.38630745 -1.05005276 15.0
-1.41231561 -1.06273639 0.14249514 15.0
1.43469930 0.74048257 -0.27083972 15.0
0.52959102 1.57734454 0.68343157 15.0
1.45299983 0.99769133 -0.27023631 15.0
-1.14337277 -1.45607007 -0.12971096 15.0
0.76159996 -1.56405032 -0.50151724 15.0
1.37949371 -1.21577239 -0.93944752 15.0
0.58888370 -1.28659511 0.66173184 15.0
-0.69349635 0.79910785 1.63366234 15.0
-1.38185370 1.15719640 -0.44710481 15.0
-1.37798977 0.61282253 -0.27099794 15.0
1.40471160 0.61245197 0.36832407 15.0
-1.43058586 -0.92159611 -0.11211374 15.0
0.25713789 -1.07494104 0.81116670 15.0
-0.89978039 -1.06273639 -1.18033755 15.0
0.59304929 0.03301658 1.87773263 15.0
-1.42660379 -0.95727706 0.37699604 15.0
-1.07903671 1.17644835 1.01982653 15.0
-1.39885485 1.11557245 0.05524820 15.0
-1.41211188 0.91664833 0.21157934 15.0
0.30818057 1.52904010 -0.89907897 15.0
0.12965122 -1.13223636 -1.02086282 15.0
1.29267228 -1.42392325 0.23830399 15.0
1.03134239 0.24986728 1.53091085 15.0
0.12425333 -0.74997675 -1.02134347 15.0
-0.86016220 0.44082454 1.79745352 15.0
-1.43306422 -0.88690400 -0.11252879 15.0
-1.37187958 -1.26339340 -0.43215850 15.0
-1.37957060 0.57756007 0.06678075 15.0
-1.36456919 0.34155968 -0.72087711 15.0
-0.77142173 1.10939443 -1.07343507 15.0
0.36935401 1.43166935 -0.97749460 15.0
1.44334292 -1.13459063 0.06332939 15.0
1.43687642 -0.24236791 0.05867900 15.0
-0.98909688 0.24986728 1.53091085 15.0
-1.20785582 -0.30410111 -1.08749568 15.0
1.08451140 0.82984614 -1.44363832 15.0
-0.29325625 -0.74997675 -1.02542210 15.0
-0.13586180 -1.55776370 0.11752298 15.0
-1.06854832 0.05768157 -1.10251713 15.0
-1.34604681 -0.95049822 0.77059680 15.0
-1.38913822 -0.45605016 -0.12489277 15.0
-1.06633115 -0.38630745 -1.10159338 15.0
-0.32060879 -0.82766587 -1.02227867 15.0
-1.16251528 1.44100010 -0.46953827 15.0
-0.73725230 -0.89761347 0.86560202 15.0
-1.37628067 -0.17922160 0.35906896 15.0
-0.31354412 1.46875060 1.03130674 15.0
1.46445918 -0.81713974 0.16562282 15.0
-1.07630026 0.59555310 1.17758560 15.0
-1.37830162 0.20990127 -0.45816213 15.0
1.39720774 -1.30302596 -0.59155351 15.0
0.35601264 -0.92159611 -1.03509259 15.0
-1.34906030 0.74531204 -1.15012836 15.0
-0.05773991 0.75312459 1.70880616 15.0
-0.24694714 -1.58247554 -0.32811546 15.0
-1.41127527 0.91663659 -0.10139940 15.0
-1.41179287 1.03712869 0.05689330 15.0
-0.64716864 1.36733961 1.06071126 15.0
1.23229444 0.57764304 -1.08580375 15.0
0.43728071 0.48349455 1.85824120 15.0
1.40127683 -1.24376547 0.52899587 15.0
-1.12086606 -0.43625280 0.92509317 15.0
1.39182270 -1.33955061 -0.22095889 15.0
1.46514654 -0.92159611 -0.45410374 15.0
0.82193267 0.84368092 1.56011522 15.0
-0.07907182 1.65492189 -0.00856265 15.0
-1.19828677 0.21225864 0.82948136 15.0
0.35372692 1.15662503 -1.03458095 15.0
1.45456111 -1.06273639 0.14249514 15.0
0.32468018 0.61282253 -1.04825842 15.0
-1.40081620 -0.65770251 -0.28598067 15.0
-0.84428400 0.93242741 1.40311217 15.0
0.17996822 -1.54588044 -0.90185946 15.0
1.42384958 0.42794618 0.06617866 15.0
0.83277923 0.68596596 -1.06247282 15.0
0.43635941 -0.49273434 1.15713191 15.0
0.94590306 1.10939443 -1.14053810 15.0
0.84882075 1.56023633 0.77912432 15.0
0.63968819 -0.45605016 -1.06283760 15.0
0.07622339 1.52835429 0.99415535 15.0
-0.91396958 -0.29992554 1.41644895 15.0
-1.38315189 0.64915407 -0.10153942 15.0
-1.05790257 -0.86193722 0.85472852 15.0
-1.28525555 -1.16770744 -1.24811816 15.0
0.91850066 -1.11552787 0.74756742 15.0
0.97401077 0.20990127 -1.09281087 15.0
-1.29326797 0.99769133 -1.40827191 15.0
-1.39284098 -0.30410111 -0.11845139 15.0
-0.57090545 -0.49273434 1.14932740 15.0
0.41712484 -1.28659511 0.66953635 15.0
1.41457021 0.05768157 -0.72091764 15.0
-1.38274205 -1.21511555 0.40197170 15.0
-1.28401828 -1.29778528 0.56536233 15.0
-0.05680615 0.26701722 1.90921867 15.0
-1.29685557 0.47842905 0.56639796 15.0
-1.01787221 -1.16374969 -1.29000080 15.0
0.66369158 1.26218045 -1.03969848 15.0
-0.13570113 -1.55089641 0.02683557 15.0
-1.34062707 -0.87928426 0.79957479 15.0
-0.90350401 -0.99281496 -1.19003868 15.0
-0.57090545 -0.49273434 1.14932740 15.0
1.46363878 -0.95334738 0.54519790 15.0
-1.37485003 -0.10632697 -0.72086877 15.0
0.26152459 0.75312459 1.70472729 15.0
-0.92950439 0.42809799 -1.09224212 15.0
0.07455882 1.56516290 0.83224571 15.0
-0.92350382 0.70406836 1.59432912 15.0
1.42669892 -0.54816991 0.31660861 15.0
-0.90036398 1.26239979 1.07852447 15.0
1.44647980 1.03712845 -0.44642514 15.0
1.42924595 -0.40856251 0.20017359 15.0
1.43660176 0.74048257 -0.10150607 15.0
-0.72749490 1.58568549 -0.83628249 15.0
0.12965122 -1.13223636 -1.02086282 15.0
-0.77661628 0.20990127 -1.07744122 15.0
-1.34299064 -1.33955061 -0.47326607 15.0
0.39413431 1.41003048 1.05940604 15.0
1.25325060 -0.65796846 -1.07396114 15.0
1.44464910 -0.93762845 0.69208634 15.0
1.23228824 1.16108990 0.81293005 15.0
-1.38347006 0.64904928 0.21881837 15.0
1.19317842 -1.16470945 -1.29838252 15.0
-0.31150556 -1.20959938 -1.00775039 15.0
-0.68614739 0.26701722 1.87869167 15.0
0.42696193 -1.07494104 0.80538881 15.0
1.22080028 0.61584288 0.85955948 15.0
-0.31150556 -1.20959938 -1.00775039 15.0
-1.38021982 0.61264127 0.21836026 15.0
1.34840941 0.05773341 0.54638636 15.0
0.10022284 0.67050850 1.77038586 15.0
0.77274287 -1.00307357 0.82153785 15.0
1.43660176 0.74048257 -0.10150607 15.0
-1.38137805 -0.38630745 -0.71996832 15.0
1.44633281 0.95780998 -0.44701782 15.0
1.45799565 -0.85124695 0.57450050 15.0
-0.39136010 0.79910785 1.65433264 15.0
1.33282733 -0.83719188 -1.20822883 15.0
-1.35478640 1.20594561 -0.69061595 15.0
-1.20785582 -0.30410111 -1.08749568 15.0
0.43011832 -0.24511665 1.63978958 15.0
0.59657180 -0.18482557 1.72595859 15.0
-0.18139055 1.43166935 -0.97171670 15.0
0.86675161 1.26555967 1.08458471 15.0
-1.13847005 1.13797224 -1.23713529 15.0
-1.41105688 0.95780998 -0.10137104 15.0
0.93627608 -0.75780749 0.89581954 15.0
0.13071784 0.87388813 -1.06547427 15.0
-0.56106585 0.78763419 -1.06635582 15.0
1.06855679 1.15657020 -1.16620457 15.0
-0.23131022 1.66004872 -0.23967212 15.0
0.55097860 1.52899325 -0.91974914 15.0
-0.54663807 -1.28659511 0.66173184 15.0
0.09873027 0.19320835 1.91140461 15.0
0.17810737 -1.55776370 0.11752298 15.0
0.82035488 1.55460763 0.86091208 15.0
0.59161043 1.01627374 1.33433187 15.0
1.43217528 -0.10632697 -0.10278371 15.0
1.17059624 -1.48155260 -0.65832585 15.0
1.45964742 -1.02792060 0.15250175 15.0
0.60804129 0.44082454 1.86238682 15.0
1.43659115 -1.17516553 0.24976365 15.0
-1.36200166 0.57709771 0.36715236 15.0
1.40029514 0.82984614 -1.20402324 15.0
1.17570770 -1.48349798 -0.50508904 15.0
-1.01787221 -1.16374969 -1.29000080 15.0
0.17797366 -1.56866705 0.19886202 15.0
1.06456482 1.10978031 -1.30016744 15.0
-0.73510784 -0.93314922 0.85046571 15.0
0.99704486 1.03712845 -1.32864499 15.0
-1.32553971 -0.10632697 -0.97483283 15.0
-0.71811515 -1.51937890 -0.94405955 15.0
1.44918346 -0.95727706 -0.66915959 15.0
-0.53360313 1.35604227 -1.02564275 15.0
0.78155577 -0.86193722 0.87982100 15.0
1.38829219 -0.95049822 0.77059680 15.0
-1.38315189 0.64915407 -0.10153942 15.0
1.42590535 0.64912784 0.06701215 15.0
1.41103756 0.69569534 -0.69623435 15.0
0.79089069 1.26555967 1.09430754 15.0
0.61817509 -0.69416749 0.94268185 15.0
-1.15447152 -1.30368984 -1.03876209 15.0
-1.41738415 -1.02792060 0.04183241 15.0
-1.16477215 -0.95727706 -1.46070015 15.0
0.07455882 1.56516290 0.83224571 15.0
-0.05778938 0.39633462 1.89033914 15.0
0.34793347 1.17531300 -1.03151882 15.0
-0.06157690 -0.17929246 -1.04677367 15.0
1.22211671 -0.79876614 0.86398464 15.0
0.81631267 0.91663659 -1.10868073 15.0
0.10036267 -0.79553181 0.93174773 15.0
-0.78526455 1.59787822 0.38284987 15.0
-0.43245381 1.26218045 -1.03189385 15.0
0.70636934 1.21554601 1.13121188 15.0
0.54901320 1.41003048 1.05160153 15.0
0.13139817 0.82984614 -1.06175697 15.0
0.59887940 1.59686506 0.52451521 15.0
0.30046168 -0.65770251 -1.03741241 15.0
1.16151583 -1.38745999 -1.03607380 15.0
-1.42758811 -0.85517532 -0.28328067 15.0
1.19837809 1.11074710 -1.30764115 15.0
1.42975450 -0.40856251 -0.12363423 15.0
0.43395650 1.52835429 0.97649437 15.0
0.09894484 -1.34614873 -0.99135953 15.0
0.25668687 0.03301658 1.89131498 15.0
0.97418147 0.05768157 -1.09279442 15.0
-0.77317166 1.59745777 0.26913026 15.0
-0.90621275 -1.20959938 -1.06473327 15.0
1.42304313 0.34155968 -0.27119291 15.0
-0.08994716 -0.86101174 -1.02188730 15.0
1.44566524 -1.09783626 -0.30557016 15.0
-0.92350382 0.70406836 1.59432912 15.0
1.37515521 -1.05552530 0.72412181 15.0
-0.31564546 1.61617136 0.42654026 15.0
-1.31603754 1.30911469 0.27258295 15.0
-0.21643262 0.26701722 1.90513980 15.0
1.16110873 -0.69739896 0.89255512 15.0
-1.30228078 0.82984614 -1.38678932 15.0
-0.74425066 1.43198609 -1.01332390 15.0
-1.26231599 1.35828543 -0.70620173 15.0
1.43188381 -0.40856251 -0.28691423 15.0
1.09020412 -1.03817868 0.77958345 15.0
-0.94306362 -0.49273434 1.10125375 15.0
-0.72648114 -1.54009867 0.15700081 15.0
1.36355364 0.13456671 -0.97491717 15.0
-0.38306925 -1.11552787 0.78360742 15.0
-0.93500686 -0.82766587 -1.08207321 15.0
0.81901532 0.88841313 1.50048923 15.0
-0.96046698 -0.95727706 -1.34122539 15.0
0.94929713 0.91663659 -1.22395492 15.0
1.23597658 0.42809799 -1.08757281 15.0
-1.07630026 0.59555310 1.17758560 15.0
0.60804129 0.44082454 1.86238682 15.0
1.34840941 0.05773341 0.54638636 15.0
-0.22000268 0.67050850 1.76630700 15.0
1.42669594 0.05768157 -0.27119893 15.0
0.09907405 -1.00307357 0.85206467 15.0
1.36077023 0.28114820 -0.97491306 15.0
1.12873828 0.44414249 1.18851376 15.0
1.41906393 -0.17929246 -0.72067344 15.0
1.33142722 0.87391484 0.59084135 15.0
-1.39021385 -1.04308808 0.64891344 15.0
-1.39944136 -0.97316569 0.67801982 15.0
-0.71210074 -1.54604447 -0.81566924 15.0
-1.38320684 0.34137860 0.06614237 15.0
-0.89541370 -0.79553181 0.88585132 15.0
0.43121797 -0.29678568 1.55630231 15.0
-0.08740567 -1.13223636 -1.02086282 15.0
-1.37905765 0.57762450 -0.10155822 15.0
-1.01445377 -0.69416749 0.90472382 15.0
-0.03098572 -1.54588044 -0.89778084 15.0
1.39511561 -0.82729995 -1.10569024 15.0
0.17794669 -1.55089641 0.02683557 15.0
1.39781260 0.95780998 -1.22435665 15.0
1.41906393 -0.17929246 -0.72067344 15.0
-0.86187804 1.30911469 -1.06548250 15.0
0.26313877 0.48349455 1.86401916 15.0
-0.54983485 -1.24496078 0.69331551 15.0
-1.38491464 0.13450134 0.21613511 15.0
0.67272604 1.41003048 1.03873610 15.0
-0.66412371 1.21554601 1.13121188 15.0
-1.39890540 -0.88683528 -0.91728926 15.0
-0.06153230 -0.24236791 -1.04659212 15.0
1.23228824 1.16108990 0.81293005 15.0
-0.78422773 -0.88807118 -1.06133223 15.0
1.42292047 0.47955024 0.21639296 15.0
-0.77525300 -0.95727706 -1.07524335 15.0
-0.71055233 1.52943802 -0.94419515 15.0
1.45149100 -0.75228173 -0.28460887 15.0
-0.99240416 -0.34422135 1.21786129 15.0
-1.38359022 -0.10632697 -0.45856968 15.0
-1.20384622 0.20990127 -1.08812892 15.0
-1.32797229 -1.09228539 0.70412153 15.0
1.44324458 -1.13459063 0.28699371 15.0
-1.37559044 1.03712845 -0.93610835 15.0
0.97292072 -0.30410111 -1.09226739 15.0
1.12799251 0.22752747 1.18209970 15.0
-1.34596598 1.26191163 -0.45133984 15.0
1.42213714 0.61282253 -0.10154912 15.0
-1.09466875 0.97708118 1.08394945 15.0
-0.72190344 -1.55387914 -0.36415535 15.0
-1.38320684 0.34137860 0.06614237 15.0
0.41410977 1.21554601 1.15188205 15.0
0.26260298 -0.49273434 1.16290987 15.0
-0.38748211 -1.00307357 0.84220809 15.0
1.43086255 0.69460392 0.21926913 15.0
-0.03834696 -1.50565445 -0.96910715 15.0
1.12239492 -0.60454106 0.94413376 15.0
0.96416283 -1.26516116 -1.04453301 15.0
-1.42985046 -0.85517532 -0.11294488 15.0
0.26260298 -0.49273434 1.16290987 15.0
0.93114561 -0.96825510 0.82057858 15.0
1.06245029 -1.18981552 -1.22549438 15.0
