0.23509163 0.63260555 1.88620353 50.0
-1.00672328 0.73008722 1.69573617 50.0
0.53896314 -1.06969881 -1.11712241 50.0
-1.33573222 -1.17347872 -0.29615250 50.0
0.09815523 -0.96782839 -1.16773677 50.0
-0.57179880 0.94064385 1.64991832 50.0
-1.32800102 0.44110036 -0.07316893 50.0
-0.68771273 1.45066977 -0.32158551 50.0
-0.66682661 1.40950763 -0.67573178 50.0
1.33240390 -0.45171770 0.04200371 50.0
-0.37973264 -1.57696807 -0.91191906 50.0
-1.39699483 0.60849130 0.07188766 50.0
-0.74250573 0.05088327 -1.09711564 50.0
1.32977021 -0.17844015 0.75062698 50.0
-1.34289992 -0.10725924 0.62524766 50.0
1.29700875 -1.22236693 0.22610502 50.0
-1.38212740 -0.93335801 -0.25623083 50.0
1.33045661 -1.08702648 -0.71549964 50.0
1.26832855 -0.10725968 -0.81099826 50.0
1.28810978 1.22932374 -0.46516424 50.0
1.35336936 -0.86449516 -0.24930513 50.0
-0.25668177 0.94277745 1.67393041 50.0
0.97312158 -0.12402770 1.89041185 50.0
-0.97605288 -0.91525567 -1.60708249 50.0
-1.37767458 -0.82949525 0.50522089 50.0
1.36576664 0.47869706 0.63615769 50.0
0.56650358 -0.69272840 1.10386395 50.0
1.34303904 0.92956996 0.45401230 50.0
1.33001244 -1.13097739 -0.29063976 50.0
1.33160508 -0.89906931 -0.81057775 50.0
0.65139318 1.45190382 1.13061988 50.0
-1.27658880 0.30548888 0.47103846 50.0
-1.19389117 0.98779333 1.30868578 50.0
-0.05670036 1.51146924 0.67047870 50.0
0.54581463 0.80727893 1.74893236 50.0
-1.38287354 -0.89906931 0.32650810 50.0
-1.35931396 -1.13097739 -0.02711681 50.0
0.77839035 1.21671939 1.44684088 50.0
-0.99362856 0.94899100 -1.60160422 50.0
-0.29231071 1.48565090 -0.06773760 50.0
-0.71610570 1.10290027 1.53451002 50.0
-0.71243358 0.44406164 1.93248093 50.0
-0.35489693 1.40590286 1.32814670 50.0
0.22333422 0.27591822 2.04679155 50.0
-0.72911125 0.62856263 1.85050035 50.0
-1.35521245 0.76002991 -0.61922371 50.0
1.33453774 0.67215055 -0.78474170 50.0
1.05254149 -1.44838417 -0.79616427 50.0
-0.62254947 1.44509137 -0.00780430 50.0
-0.39783409 -1.62839127 -0.27879000 50.0
0.54401886 1.46521842 1.13480818 50.0
-1.18806422 0.49744761 1.36004174 50.0
1.12890792 1.35340655 -0.04676990 50.0
-0.78885072 -1.52927518 -0.90234125 50.0
-0.93418276 -0.25682259 1.85635722 50.0
-0.86483145 -1.16148341 -1.07832158 50.0
1.34789813 0.75999504 0.07196154 50.0
-1.27658880 0.30548888 0.47103846 50.0
1.28977013 -0.31121305 -0.34795365 50.0
-1.36052728 1.08493519 -0.34261531 50.0
0.89345592 1.34849393 -0.90127379 50.0
-1.23276865 0.06619649 1.27745712 50.0
0.86788517 1.37176692 -0.83830810 50.0
1.31867826 -0.79435438 -0.95803756 50.0
-1.36938977 0.96883869 -0.07238481 50.0
-0.58848572 -0.70356852 -1.11652720 50.0
0.55130285 0.69244212 1.82526779 50.0
0.42236522 -1.61467278 -0.34694564 50.0
1.22883713 0.30657351 -0.16216579 50.0
-1.34606290 -0.37510738 0.86416763 50.0
0.04382103 1.48753130 -0.07813679 50.0
0.51956707 1.41848409 -0.67751688 50.0
0.03687917 1.49182785 0.75650513 50.0
0.57426012 -1.57301342 0.20189165 50.0
1.23742270 -0.83157575 -1.46650803 50.0
-0.41553283 -0.33036554 1.80835474 50.0
0.29712924 -1.62710035 0.07869147 50.0
0.05646529 1.37798548 -0.95204580 50.0
1.26339662 -1.28100991 -0.38218117 50.0
0.64515114 -1.58166325 -0.26868626 50.0
-0.72115368 -0.97458929 0.90494496 50.0
1.23130620 -1.34022021 -0.31571749 50.0
0.95529723 -1.05183041 -1.37968659 50.0
-1.14964616 -0.74082863 -1.39395809 50.0
-0.71846533 -1.01589251 0.89537305 50.0
-1.18289828 -1.38776970 0.41539088 50.0
1.34272587 0.96883869 -0.16075377 50.0
-1.37096727 0.96883965 0.26694775 50.0
1.33399713 -1.13097739 -0.02711681 50.0
-0.99362856 0.94899100 -1.60160422 50.0
0.10352591 1.12817883 -1.14588106 50.0
-0.08965085 -1.26847982 -1.12241876 50.0
0.91565758 0.92166579 1.64201987 50.0
1.19495535 1.31494820 -0.15127501 50.0
0.72843379 -1.09416509 -1.11001623 50.0
0.65352458 -1.40000319 0.55558616 50.0
-0.16309001 -1.62366760 -0.36830688 50.0
0.04140655 -1.59356129 -0.70579630 50.0
1.35350156 -1.04408526 -0.34834081 50.0
1.12398612 0.77718812 1.42004991 50.0
-1.35195041 1.12598193 -0.46710950 50.0
0.78390098 -1.54325914 0.08242872 50.0
0.64890444 1.22506082 1.44815612 50.0
-1.34984255 -0.44836086 0.83358943 50.0
-0.80191857 -1.54150164 -0.13232726 50.0
-0.82748902 0.35975018 1.95800626 50.0
1.34897053 0.45981950 0.63381970 50.0
-1.26919675 -0.03171313 -0.62971544 50.0
-1.32516313 1.22932374 0.40829584 50.0
-0.89233786 -0.78442091 -1.22763574 50.0
-0.93608952 -1.51860571 -0.39640981 50.0
-0.75296521 0.79235655 -1.14074314 50.0
0.91575897 -1.51403606 -0.47391969 50.0
-1.37082982 0.75999504 -0.16150652 50.0
0.40524399 0.05149121 -1.12059879 50.0
1.31433165 0.55342758 -0.97480303 50.0
-0.96585917 -0.71904379 -1.18535686 50.0
-1.37625241 -0.72847378 -0.21789706 50.0
1.32370567 0.84690970 -0.61751038 50.0
-0.79476404 -1.31380486 -1.06685758 50.0
-0.78726643 -1.37445354 -1.06065643 50.0
-0.25878569 0.69405061 1.85286546 50.0
1.09358704 0.89906967 -1.62241602 50.0
-0.56310737 -1.03782892 -1.12470400 50.0
-0.12416177 -1.09746706 -1.14114392 50.0
-1.32214463 1.22932374 -0.15946008 50.0
-1.36301780 1.08493519 -0.24193358 50.0
-0.27534822 1.47421801 0.89599049 50.0
-1.34906578 0.47841951 0.83266151 50.0
1.30721712 0.71994001 -1.13666785 50.0
-0.49658713 1.49273384 0.66375208 50.0
1.09204125 -0.20503132 1.58562219 50.0
1.12432921 -0.74082863 -1.39395809 50.0
-0.79221529 -1.52868438 -0.82737660 50.0
0.02793837 -1.65117490 -0.06902900 50.0
0.99630141 1.20103633 -1.07704115 50.0
0.39092356 0.89706248 1.68875480 50.0
1.26602650 -0.10746823 -0.98027474 50.0
1.33668995 -0.68728632 0.74879432 50.0
1.28664804 1.22974646 0.72197789 50.0
-0.63268799 1.42355394 -0.58532041 50.0
0.51418656 -1.10953462 0.85430253 50.0
0.27513164 -1.17157948 -1.11318660 50.0
1.28709555 -0.31143400 -0.80893791 50.0
1.16614258 -1.39938331 0.31543165 50.0
-1.32458425 1.22932374 0.07237697 50.0
-1.29698193 -0.17870387 -0.97981244 50.0
1.32619524 0.80353445 -0.61828500 50.0
1.24999797 -1.00543296 -1.37156689 50.0
-0.25639179 0.89772624 1.70194733 50.0
-0.78726643 -1.37445354 -1.06065643 50.0
1.30807650 -0.76007736 -1.16940939 50.0
1.35328889 -0.72856861 -0.13236976 50.0
1.34162629 0.75999504 -0.34542838 50.0
0.71727955 -0.03061355 -1.09709096 50.0
-1.39312339 0.60849130 -0.24436897 50.0
0.50268835 -1.54575896 -1.01159477 50.0
0.23453797 -0.76373476 0.98745900 50.0
-0.79934835 1.33540356 -0.96271944 50.0
1.28651178 -0.82472199 0.89243823 50.0
-0.87049329 0.72609973 -1.15515709 50.0
1.33535361 -0.24589962 0.74159110 50.0
1.33905637 -0.62540644 -0.20114152 50.0
0.70477194 1.46519184 0.45052084 50.0
0.90944982 0.70550644 -1.15779793 50.0
-1.32217026 0.12545435 0.76789993 50.0
-1.37631369 -0.96792656 -0.48679775 50.0
-1.31349432 0.04707654 0.27559468 50.0
0.40685514 -0.18297116 -1.12024760 50.0
-1.31563258 -0.37846968 -0.47111741 50.0
-0.95407528 -1.30283046 -1.06685758 50.0
0.87791866 -0.95672858 -1.45382547 50.0
-1.26270115 -1.33796680 0.40005618 50.0
-0.67993593 -1.57357109 -0.49215016 50.0
0.86564910 -0.03085485 -1.09496367 50.0
-1.01678014 0.70124692 -1.18410397 50.0
0.28242341 -1.55331409 -1.03380084 50.0
0.64150977 1.40950763 -0.67573178 50.0
0.79321909 0.19038203 2.02904153 50.0
0.16740379 1.42711151 -0.70746243 50.0
-0.93795961 -0.82631844 0.91957009 50.0
0.09874856 -1.07091105 -1.14760578 50.0
1.10044086 1.28276825 -1.00251901 50.0
1.33542788 0.84690970 -0.34478024 50.0
1.34066427 0.71730042 0.65466422 50.0
1.02551556 1.14889348 1.46421683 50.0
1.34531701 -0.69029540 -0.20948546 50.0
-1.25630212 0.89283615 1.10668659 50.0
1.07593274 1.36450636 -0.20976688 50.0
1.33994293 0.92956102 -0.16091099 50.0
-0.68272001 0.63176793 -1.10271418 50.0
-1.36361957 0.96884638 0.58304030 50.0
-0.34579685 -1.07038760 -1.13444340 50.0
0.92782545 -0.75267088 -1.31225801 50.0
1.31507957 0.48114657 -0.98012978 50.0
0.28666860 1.22918522 -1.11104703 50.0
0.54581463 0.80727893 1.74893236 50.0
0.06820211 1.15057123 1.54081178 50.0
-1.09836209 0.41152430 1.60549462 50.0
-0.47760239 -1.57094646 -0.83149970 50.0
-1.29673171 0.12553206 0.07182883 50.0
1.34668589 -1.08729792 -0.28287175 50.0
-1.26272368 1.23004103 -0.94196153 50.0
-1.33784831 -0.03171426 0.76232183 50.0
1.16672850 0.47501028 1.34587467 50.0
1.16781521 -1.40191495 0.21697205 50.0
-1.37757564 -0.79435438 0.53151661 50.0
0.88568538 -0.93157119 0.90800041 50.0
-1.33357835 -1.12915266 -0.84763110 50.0
-1.37321508 0.75999504 0.07196154 50.0
1.19221747 0.37735966 -1.07365417 50.0
1.35652602 -0.76014382 0.43304917 50.0
0.81992251 0.88595945 1.66929102 50.0
-0.85421956 -1.50851750 -1.00216174 50.0
-1.25234687 0.54814970 1.13783383 50.0
1.28888035 -1.04724872 0.83480144 50.0
-1.37153959 -0.62600911 0.02837650 50.0
-0.84765500 1.01523781 1.59448850 50.0
1.34110284 -0.45182818 0.43062425 50.0
-1.33212674 0.92956102 -0.94383657 50.0
-0.30867785 1.45942008 1.26287103 50.0
1.08483899 -0.71351027 0.98051661 50.0
-0.13060158 -0.72709435 -1.15205657 50.0
0.69078887 1.10290027 1.53451002 50.0
0.57348603 1.46834254 -0.05901942 50.0
0.89656603 -0.55153751 -1.08975899 50.0
0.26048484 1.47912335 -0.33458483 50.0
0.54095942 1.40724158 -0.76279086 50.0
1.25781059 0.20774952 0.07182883 50.0
1.32241035 0.50714868 0.84601021 50.0
-0.34425908 -0.93172276 -1.15571690 50.0
0.56570596 -0.03047587 -1.10559928 50.0
1.36860716 0.54985827 -0.47386658 50.0
1.34418607 0.80353445 0.07199030 50.0
-1.25523591 0.20649225 -0.81163937 50.0
0.32960156 1.37623763 -0.92523479 50.0
1.37060726 0.60849130 -0.07301041 50.0
-1.36617804 -0.72500956 0.74227518 50.0
-1.34266698 0.51053691 -0.97904891 50.0
0.06282754 1.28446364 1.44232273 50.0
-1.28792500 0.20762044 0.27525768 50.0
-1.31243086 -0.37839547 -0.62593961 50.0
0.87883925 -0.75688368 -1.19885671 50.0
1.35325301 -0.79435438 0.09548589 50.0
-1.35247505 -0.82949525 -0.80597270 50.0
1.31836653 -0.82949525 -0.96270812 50.0
-1.32436907 1.17336988 -0.77682757 50.0
0.18643954 -1.47372007 0.44774717 50.0
-1.38290834 -0.89906931 0.02922338 50.0
-1.36034346 -0.62549710 -0.27877495 50.0
0.84724844 1.42988074 0.66315359 50.0
-0.95979196 0.57651114 1.83294725 50.0
0.31894222 -0.93172276 -1.15571690 50.0
-1.40166152 0.47921628 0.47019911 50.0
1.16672850 0.47501028 1.34587467 50.0
-0.77094167 -1.54111731 0.21058826 50.0
-0.09602623 -0.69437671 1.12582028 50.0
0.59723258 1.44509137 -0.00780430 50.0
1.22208560 -0.71394122 -1.25329137 50.0
-0.91517520 -0.72294927 -1.13841963 50.0
-0.27020812 1.48009312 1.00448060 50.0
1.35530961 -0.76013440 -0.02309225 50.0
1.30244422 -0.10712314 0.06635828 50.0
0.10475374 -0.74131787 -1.15521657 50.0
-1.20336938 -1.34240007 -0.98308390 50.0
-1.35224044 0.96883869 -0.61513412 50.0
1.00247097 0.67454982 -1.12252808 50.0
-0.38105562 -1.57647872 -0.83857119 50.0
1.16781521 -1.40191495 0.21697205 50.0
0.07215615 -0.25329670 -1.15037930 50.0
-0.57870519 1.17260683 -1.10096955 50.0
-1.17959356 -1.39501095 -0.87872684 50.0
-0.52517134 -1.33930385 0.64929694 50.0
1.32105219 -0.62959337 -0.80130422 50.0
0.37151822 1.51184702 0.57148796 50.0
1.06441844 0.97219503 1.49520326 50.0
1.25536215 -1.28094244 -0.64178514 50.0
0.68711674 0.44406164 1.93248093 50.0
-1.31241250 -0.31143400 -0.80893791 50.0
-0.91096371 0.02798024 2.03234315 50.0
-0.12340855 0.71566385 -1.14796484 50.0
-1.39203024 0.54872966 0.64537239 50.0
0.56316882 -0.70356852 -1.11652720 50.0
-0.38219723 -1.58209574 -0.76020348 50.0
1.00266898 -1.47109818 0.20069635 50.0
1.18514645 -0.17954792 -1.07322705 50.0
-0.34313059 0.75838333 -1.14298284 50.0
0.77761894 1.43380392 0.82547331 50.0
1.30864096 -1.17347872 -0.37233552 50.0
-0.25205624 1.32500613 -1.06201494 50.0
1.35673547 -0.76014090 0.31781736 50.0
-0.93795961 -0.82631844 0.91957009 50.0
0.06384566 1.23324502 1.48156846 50.0
-1.34953928 0.92956102 -0.61594784 50.0
-0.55369973 -1.52889299 0.32950535 50.0
-0.40044367 1.45710778 -0.47805113 50.0
-1.26214659 -1.34058452 -0.06573333 50.0
-1.07091916 0.46717644 -1.09474134 50.0
-1.37993526 -0.62610877 0.39166552 50.0
-0.75605059 -0.85774451 -1.15633583 50.0
1.04805017 -1.44864535 -0.88942516 50.0
0.35202098 1.47420073 0.81926507 50.0
-0.66682661 1.40950763 -0.67573178 50.0
-1.11850071 1.36142325 0.26309183 50.0
-1.35931396 -1.13097739 -0.02711681 50.0
-1.33347344 0.45976296 -0.98039049 50.0
-1.34110916 -0.17831388 0.26714155 50.0
-0.91893190 -1.44475114 0.44791779 50.0
1.33439541 1.00767875 -0.46904808 50.0
-1.10341549 -0.81963831 0.91957009 50.0
-1.37187040 -1.00412440 -0.59185475 50.0
-1.38122523 -1.00412440 -0.33980599 50.0
-1.37546086 -1.08729792 -0.01661237 50.0
0.10873760 -1.65034306 -0.06461255 50.0
0.70569605 -0.86620951 0.91510689 50.0
-1.36560321 -0.96792656 -0.69524348 50.0
0.91269481 -1.50503802 -0.64674175 50.0
1.34311759 -1.08729792 -0.42942256 50.0
0.30834135 -1.13648260 -1.11770678 50.0
0.03687917 1.49182785 0.75650513 50.0
1.36927593 0.60849130 -0.16187194 50.0
1.37977123 0.54985827 0.07186479 50.0
-0.58519989 1.10017991 -1.11895585 50.0
1.31337118 -0.54108721 -0.80519694 50.0
1.34924650 -0.82949525 -0.31136838 50.0
-0.12382647 -0.89622241 -1.17034888 50.0
-1.05793178 0.75626856 1.60542667 50.0
1.34750259 -0.82949525 -0.38100892 50.0
0.98086351 -0.19198407 1.83735847 50.0
-1.05700564 -0.45988280 -1.09154725 50.0
0.06756821 -0.19264078 2.02825356 50.0
-0.97574860 1.40848374 0.27242550 50.0
-0.07161740 1.45802724 0.08057382 50.0
0.10297375 1.09319723 -1.14831161 50.0
0.39665759 -0.76325661 0.98195285 50.0
1.33536255 0.46011227 -0.81146777 50.0
-0.62466717 -1.58885252 -0.18056834 50.0
-1.37513340 -0.79435438 -0.28251612 50.0
0.56869793 -0.74050403 -1.12459016 50.0
-1.36067045 -0.24589962 0.74159110 50.0
0.31976524 -0.89579004 -1.15700185 50.0
1.32614732 -0.17834313 0.62091619 50.0
-1.35666418 -0.84544522 0.82821989 50.0
1.07219470 0.16720396 1.65160620 50.0
-0.09437183 0.76000082 1.82429111 50.0
0.09834018 0.79492706 -1.16292560 50.0
1.06129909 -1.45555270 -0.52814364 50.0
-1.02120924 0.48329398 1.78826988 50.0
-0.12709381 1.01050591 -1.15310168 50.0
1.35365188 0.71823311 0.27621144 50.0
-0.29829592 -0.55676287 -1.13260210 50.0
0.10166181 1.17326868 -1.13102758 50.0
1.16401601 -1.39548504 -0.68052834 50.0
-0.93397158 0.83327675 1.70070362 50.0
-1.31270194 0.43452328 0.81231612 50.0
-0.18763575 1.46319008 -0.02103013 50.0
0.76689845 -1.52868438 -0.82737660 50.0
0.69094336 -0.32903105 1.78874803 50.0
1.35530961 -0.76013440 -0.02309225 50.0
1.23762727 0.39469224 -0.24480304 50.0
1.32827628 -1.13097739 -0.36613101 50.0
1.26099765 -0.03171586 -0.98053968 50.0
-1.33367682 -0.93335801 -1.20459414 50.0
-1.36023235 0.92957795 0.61120993 50.0
0.45372635 -1.57654297 -0.75355363 50.0
0.32512221 0.92661452 -1.16055942 50.0
1.33379197 1.12598193 0.54359621 50.0
-0.08965085 -1.26847982 -1.12241876 50.0
-1.37235820 -0.82574576 0.69678819 50.0
1.33601367 0.92956102 -0.34411344 50.0
-0.85614747 -0.40250510 1.63845062 50.0
-1.38104320 -0.89906931 -0.25353855 50.0
-1.36859262 0.46128076 -0.47440916 50.0
1.09648335 -0.83749855 -1.59409690 50.0
0.23608468 -0.72727954 1.05260694 50.0
1.30807650 -0.76007736 -1.16940939 50.0
0.69142812 1.43119478 -0.47163644 50.0
-0.90647769 -1.02704716 -1.36523533 50.0
0.76322663 1.32651091 1.36272490 50.0
-1.35182071 -1.13097739 -0.43859491 50.0
-1.31434762 -0.54305863 -0.97093982 50.0
-1.38032711 -0.86449516 0.49689755 50.0
1.35710537 -0.89906931 -0.13550854 50.0
0.19402812 1.40691638 1.33741796 50.0
0.24087068 -0.39133763 -1.13568819 50.0
0.73236245 -0.46519172 -1.09368634 50.0
-0.78854346 1.32651091 1.36272490 50.0
-0.91322935 -0.89607686 0.91059792 50.0
-0.41544455 1.10888684 1.55032063 50.0
-1.29153526 -0.60739541 0.92927438 50.0
-1.24727106 -0.15949468 1.24235857 50.0
-1.02161825 1.20103633 -1.07704115 50.0
-0.93737614 1.03970778 -1.40360284 50.0
-1.22711492 0.43170244 -1.07356310 50.0
-0.89876634 1.12955034 -1.18336463 50.0
-1.36637759 -0.37877458 0.71305150 50.0
-0.09947135 0.53248328 -1.14999330 50.0
-1.26305485 0.12567233 -0.34688124 50.0
0.10177695 1.01050591 -1.15310168 50.0
-1.06254256 1.23989403 1.39764118 50.0
-0.47731483 -1.47075295 0.44830576 50.0
0.95279568 -0.98545402 -1.52874994 50.0
1.28658962 0.12542167 0.62505156 50.0
-1.09650600 0.24657644 1.63566458 50.0
-1.03582120 -1.45809197 0.29262671 50.0
1.35501063 -0.93335801 -0.32973921 50.0
-1.37914121 -0.76011336 -0.16090773 50.0
0.37766209 0.02996069 2.09721422 50.0
-0.56428003 -1.06969881 -1.11712241 50.0
1.23898363 -0.90133995 -1.48533547 50.0
-1.29643595 -0.10695297 -0.34727642 50.0
0.86293036 -1.19552922 0.78206348 50.0
-0.08445437 -1.40843368 0.55833304 50.0
1.33936012 -0.93335801 -0.69199240 50.0
1.33246565 -1.06789100 0.75441259 50.0
1.16867018 1.11882865 -1.21382797 50.0
1.18514645 -0.17954792 -1.07322705 50.0
0.04253116 1.49382520 -0.18467134 50.0
1.30719984 -0.37794951 -0.25322706 50.0
-0.71926719 0.75479305 1.77949548 50.0
1.35722852 0.46064523 0.46988696 50.0
0.53103483 1.46251392 0.99497336 50.0
1.33498216 -1.13097739 0.12538587 50.0
1.11066985 1.08916795 1.43136561 50.0
-1.32964778 -1.17347872 -0.53240341 50.0
-0.49160424 1.47582138 0.27757019 50.0
0.40222782 1.42395580 -0.68375540 50.0
1.30627263 0.44093853 0.07183047 50.0
-1.39108336 0.47869706 0.63615769 50.0
0.23159727 1.02859902 1.62509835 50.0
0.56272525 1.15758097 -1.10820174 50.0
-0.08780135 -1.15703344 0.83478868 50.0
-1.36804271 0.96883869 -0.16075377 50.0
0.32366410 0.88285893 -1.16062558 50.0
-1.36048210 0.71840733 -0.62064308 50.0
-1.28655875 0.38548231 0.79823589 50.0
-0.30380264 1.44034386 -0.60266608 50.0
1.33471096 -0.37861612 0.44332483 50.0
1.04535913 1.37173879 0.41098294 50.0
0.97553813 -1.43513751 0.43538454 50.0
-1.32065439 1.22932374 -0.24078795 50.0
0.55940425 1.47455883 -0.16187587 50.0
1.26621830 -0.60739541 0.92927438 50.0
1.33625627 -0.53719729 -0.10519803 50.0
0.74037224 -0.82130015 -1.14996982 50.0
-1.32058668 -0.24509010 -0.25272271 50.0
-0.75652337 0.47543886 -1.09686840 50.0
-0.26195163 -0.69404978 1.12054813 50.0
0.46464491 1.37418032 -0.91209298 50.0
0.20741546 -1.62933481 0.07493264 50.0
-0.19272065 1.42711151 -0.70746243 50.0
-0.91096371 0.02798024 2.03234315 50.0
-1.38567591 -1.00410569 0.30379009 50.0
-1.03170729 0.56722164 1.75782502 50.0
0.31976524 -0.89579004 -1.15700185 50.0
-0.55339813 0.27519229 2.01530814 50.0
-1.12367499 -0.78495800 0.92866611 50.0
-0.56933570 1.46521842 1.13480818 50.0
1.24991477 0.04734025 -0.34688124 50.0
1.11925387 -0.64026546 1.06316435 50.0
-0.69347185 -1.51953912 0.32961419 50.0
-1.01569259 1.16666830 -1.11252689 50.0
0.56786388 -0.18280745 -1.10527635 50.0
0.37971684 1.50232232 0.66400665 50.0
0.64010054 1.27595735 1.41021395 50.0
1.11204553 0.77046919 -1.47190440 50.0
-0.57521319 -0.40591598 1.65607238 50.0
-1.40455079 0.50858819 -0.16206250 50.0
-1.03487206 -0.39959863 1.52419424 50.0
-0.67884147 -1.40000319 0.55558616 50.0
-1.34950674 -0.93335801 -0.96331018 50.0
1.20660591 0.46229041 -1.07341516 50.0
-1.35332680 -0.81074792 0.83607060 50.0
0.26757407 1.45928347 -0.48708260 50.0
1.27561104 1.17904389 1.00832117 50.0
1.30732358 -0.31075296 -0.17786917 50.0
0.22399110 -0.83567148 0.93171567 50.0
1.33516538 0.71840733 -0.62064308 50.0
-1.35990441 0.80354828 0.64649189 50.0
-1.25953662 1.01061785 -1.41626692 50.0
-0.08859096 -1.06684256 0.89098865 50.0
-0.50207144 1.45151472 -0.47291952 50.0
1.31655729 -1.17347872 0.38846070 50.0
1.22883713 0.30657351 -0.16216579 50.0
1.28972960 -0.92763835 0.87571311 50.0
-0.98743844 0.02391938 1.93125188 50.0
-1.02935791 0.60798454 1.73863447 50.0
-0.22539014 1.51957536 0.57291925 50.0
1.27323902 -1.28117716 0.32833260 50.0
1.35323071 -0.79435438 0.37691784 50.0
-0.85685444 -0.96216917 -1.26897192 50.0
1.04555607 -1.46369135 -0.27188390 50.0
1.25540364 -0.10720953 -0.62894028 50.0
1.24157679 -0.79633886 -1.42943084 50.0
0.64626265 1.44821799 0.81611025 50.0
-0.40297866 0.02996069 2.09721422 50.0
1.33466184 -0.31154576 0.60621035 50.0
-0.93418276 -0.25682259 1.85635722 50.0
0.10297375 1.09319723 -1.14831161 50.0
1.35865831 -0.93335801 0.02270820 50.0
0.40529591 -0.03042227 -1.12057364 50.0
-1.35774660 -0.62269378 0.76689875 50.0
0.39921883 -0.72682661 1.04639995 50.0
0.25338131 -1.61121345 -0.43083802 50.0
-0.06925483 1.46113205 -0.50550789 50.0
0.99943924 -1.47219121 0.04403511 50.0
0.62252951 -1.59179783 0.01478787 50.0
-0.91269928 -0.58139104 1.27677202 50.0
-0.56622946 0.83715701 -1.13853550 50.0
0.88880056 -0.04901247 2.02324462 50.0
1.24887133 1.27554750 -0.46424332 50.0
1.06233120 -0.85407436 0.91451234 50.0
-0.92390007 0.62535667 -1.09494507 50.0
-0.55278307 0.02982114 2.08200169 50.0
1.17585874 0.12706500 -1.07365608 50.0
1.02666676 1.37553847 0.51843494 50.0
1.33819222 -0.89906931 -0.69042009 50.0
1.34086120 -0.72500956 0.74227518 50.0
0.07159354 0.13326044 -1.15114880 50.0
0.20788887 -1.63640773 -0.29005471 50.0
0.87412483 1.41294098 0.09359700 50.0
-0.99473870 0.82146126 1.67823470 50.0
1.34981656 -0.79435438 -0.28251612 50.0
0.86564910 -0.03085485 -1.09496367 50.0
-0.81694543 1.22169983 -1.07344747 50.0
-1.35577333 -1.08702648 -0.71549964 50.0
0.52856249 1.19079363 -1.09711075 50.0
0.16159043 -1.53737569 0.32571056 50.0
-1.32943428 -0.86449516 -1.21554804 50.0
0.40729365 -0.25307274 -1.11984384 50.0
0.76834583 -0.73954606 -1.12328672 50.0
-0.79940772 1.44675410 -0.16408737 50.0
0.06870714 -0.33068302 1.83386147 50.0
-1.39723980 0.60830116 0.47370657 50.0
-1.31602752 -0.96386069 0.86866742 50.0
-0.69395119 -1.33464158 0.64836246 50.0
0.22913745 1.14993513 1.53217435 50.0
-0.73771107 -0.49335873 1.47660100 50.0
-1.29576528 -1.28109872 -0.04843032 50.0
1.35318744 0.60896391 -0.62584382 50.0
1.28405845 -1.22236693 -0.53887904 50.0
-0.27782980 1.28182805 -1.09909832 50.0
-1.37854743 -0.79435438 0.37691784 50.0
0.91987801 1.15819657 -1.14719033 50.0
-1.28158712 0.38659641 -0.81163532 50.0
-1.34132278 -0.53744465 -0.48219597 50.0
1.35257649 -0.79435438 -0.07752852 50.0
-0.06682185 -1.60050833 -0.61141062 50.0
-0.75465602 -0.58472419 1.29770255 50.0
-1.35224044 0.96883869 -0.61513412 50.0
-1.26727557 -0.43307212 1.06365526 50.0
-1.31505299 -0.10647497 -0.16679895 50.0
1.31419659 -1.04202688 -1.13637638 50.0
0.36662212 -0.97922426 0.91135526 50.0
1.29102957 -1.00390458 0.85579789 50.0
-1.27418816 1.27554750 -0.46424332 50.0
1.02382994 0.12895359 -1.09498835 50.0
-1.05198383 1.37553847 0.51843494 50.0
0.76312876 -0.75941938 -1.13020980 50.0
-1.16981363 1.34469938 -0.59783077 50.0
1.18835330 0.31060007 1.28978181 50.0
1.34086120 -0.72500956 0.74227518 50.0
-0.99924833 1.35871851 1.30472565 50.0
-0.27225357 0.53216982 -1.13681149 50.0
0.07000805 -0.76409805 0.99164307 50.0
0.06883213 1.06996536 1.60286999 50.0
0.06883720 0.85298359 1.74752688 50.0
-0.09402400 -0.33068302 1.83386147 50.0
-1.21366990 0.31060007 1.28978181 50.0
0.91663063 0.96447432 1.61989975 50.0
0.96228534 -1.12163174 -1.11900365 50.0
1.30244422 -0.10712314 0.06635828 50.0
-0.57196707 0.92593110 -1.14295745 50.0
-0.68066317 1.46324790 -0.16187587 50.0
1.26260793 0.20762044 0.27525768 50.0
1.10360205 0.81269479 -1.54967952 50.0
0.54581463 0.80727893 1.74893236 50.0
-1.05198383 1.37553847 0.51843494 50.0
-1.31434762 -0.54305863 -0.97093982 50.0
0.36331451 -1.06563509 0.88318825 50.0
1.34286666 0.92956322 0.27102101 50.0
-0.42544642 -0.69361955 1.11361003 50.0
-1.08314073 -0.88878220 0.91059792 50.0
1.29193020 1.04670870 -1.15492737 50.0
-1.34266698 0.51053691 -0.97904891 50.0
0.92017627 1.04561579 1.56395471 50.0
-1.22785580 0.55736727 -1.07093561 50.0
-0.69957036 1.31696784 -1.02309513 50.0
-1.36753368 0.71823299 -0.47264481 50.0
-0.12000608 -1.13883233 -1.12932992 50.0
0.20788887 -1.63640773 -0.29005471 50.0
0.28336099 1.45942008 1.26287103 50.0
-1.37307858 -0.76012200 -0.41213524 50.0
-1.05514896 -1.40686023 -1.03502214 50.0
1.33208716 -1.13097739 -0.17874154 50.0
0.62252951 -1.59179783 0.01478787 50.0
0.92836058 -0.68642223 1.05825889 50.0
1.34107113 -0.79435438 -0.54922676 50.0
1.33134735 -0.84544522 0.82821989 50.0
-0.94519502 1.15819657 -1.14719033 50.0
-0.79816264 -1.54711413 -0.57044905 50.0
-0.79479861 -1.53384376 -0.74870801 50.0
-0.17769055 1.49300992 -0.17931680 50.0
1.18173683 -0.10781285 -1.07349420 50.0
-0.54672539 -0.97792625 0.90726763 50.0
-1.04318810 -1.46843100 -0.16140749 50.0
-1.00433099 1.06820679 -1.44839406 50.0
-1.21366990 0.31060007 1.28978181 50.0
0.22586563 1.51136601 0.45214075 50.0
-1.35577333 -1.08702648 -0.71549964 50.0
0.67097962 -1.55970907 0.20231690 50.0
-0.57346576 -0.82237464 -1.13695753 50.0
-0.39964062 1.48343778 -0.06263998 50.0
1.29828882 -0.37831175 -0.34778288 50.0
0.07147124 0.21604334 -1.15115285 50.0
-0.57233101 1.02628434 1.60206497 50.0
1.34424663 0.61085409 -0.79683012 50.0
-0.82579911 1.44080925 -0.06184867 50.0
0.05392343 -1.47445405 0.44751933 50.0
-0.50459033 0.63280767 -1.11740100 50.0
-0.56309664 -0.89522123 -1.13943827 50.0
-0.58731931 -0.58662617 1.31173015 50.0
-0.93737614 1.03970778 -1.40360284 50.0
-0.88803601 0.21243583 -1.09499228 50.0
0.69142812 1.43119478 -0.47163644 50.0
-1.36938977 0.96883869 -0.07238481 50.0
-1.30870008 0.04718959 0.07182883 50.0
1.32706690 -0.24575807 0.46179110 50.0
0.86675668 -0.10857254 -1.09486532 50.0
1.34924650 -0.82949525 -0.31136838 50.0
-1.36369956 0.88901103 -0.16106331 50.0
0.60371000 0.57301146 -1.10364234 50.0
0.91205913 1.03970778 -1.40360284 50.0
-0.94366217 1.11590314 -1.28820872 50.0
-0.30118561 -1.53636527 0.32732329 50.0
0.23107375 0.80913037 1.77496886 50.0
-1.27210915 0.30573234 0.27523056 50.0
-0.42289144 0.63212407 1.87102866 50.0
-0.61486870 1.27897894 -1.06754351 50.0
-0.89422643 -1.14320350 0.82238942 50.0
0.54465812 -1.56176138 -0.90265274 50.0
-0.72566789 -0.90145320 0.91118693 50.0
-0.81694543 1.22169983 -1.07344747 50.0
-0.72349328 -0.93717802 0.90858614 50.0
-0.71734011 1.06280816 1.56542885 50.0
1.20745158 0.06619649 1.27745712 50.0
-1.07336724 -1.44864535 -0.88942516 50.0
1.35000122 -0.86068505 0.68856192 50.0
1.27506399 -0.24627545 -0.97928685 50.0
0.24087068 -0.39133763 -1.13568819 50.0
-0.41303214 1.14909816 1.52080834 50.0
-1.00118077 1.10300076 -1.35842013 50.0
1.24195874 -0.43307212 1.06365526 50.0
0.54986560 0.96804547 -1.13488364 50.0
-1.28072035 -0.10720953 -0.62894028 50.0
0.50288761 -1.61707151 -0.05022606 50.0
0.77354556 -1.54509223 0.02121807 50.0
-0.85994637 -0.89101350 -1.28060019 50.0
0.22724232 -0.19257572 2.01566362 50.0
-1.36636865 1.04642618 -0.16041450 50.0
1.33286059 -0.53689098 -0.18857887 50.0
-1.40163565 0.47968161 0.27502269 50.0
1.14008355 0.56330043 1.40081680 50.0
-0.35491842 1.37623763 -0.92523479 50.0
-1.10391176 0.52049971 1.60857427 50.0
1.27981865 -0.17802292 -0.34773564 50.0
-0.41725466 0.75899982 1.79896390 50.0
0.95082837 -0.95021224 -1.57850003 50.0
-1.03625238 1.38853347 0.99682176 50.0
-1.22027218 1.31494820 -0.15127501 50.0
0.54989636 -0.40591598 1.65607238 50.0
0.98113585 0.77806586 -1.46285415 50.0
1.09371769 1.33354354 1.26222777 50.0
-1.39739072 0.60844380 0.27590877 50.0
1.19777167 -0.65061957 0.99202615 50.0
0.81288069 -1.12947547 -1.09412313 50.0
-1.35216951 -0.69176441 -0.79334325 50.0
-0.86546892 -0.85484827 -1.27237999 50.0
0.48297694 1.22829366 -1.09397757 50.0
-1.11671650 1.36216509 -0.12027124 50.0
1.25804305 0.29891273 0.99181694 50.0
-1.37153959 -0.62600911 0.02837650 50.0
0.39794180 -1.62135553 0.08082746 50.0
1.26621830 -0.60739541 0.92927438 50.0
0.98437065 0.74326468 -1.36906433 50.0
-1.01678014 0.70124692 -1.18410397 50.0
-1.34900701 -0.72874701 -0.94714630 50.0
-0.23640685 1.35265541 -1.00213122 50.0
1.18956852 1.30725729 -0.75318152 50.0
-0.93777823 0.87755561 1.66929102 50.0
1.27621067 0.12541905 0.27535540 50.0
-1.34006667 1.12598193 0.75253808 50.0
1.31178355 -0.69505417 -0.95735836 50.0
-0.47731483 -1.47075295 0.44830576 50.0
-1.40695727 0.50858819 0.07184910 50.0
-1.35754621 1.04642618 -0.46844816 50.0
1.27111924 -0.10695297 -0.34727642 50.0
-1.05781591 -0.55020219 -1.08969367 50.0
-1.31434762 -0.54305863 -0.97093982 50.0
-0.84663987 1.05551338 1.56395471 50.0
0.62859166 -1.38293576 -1.06273735 50.0
-0.48562649 -0.55642700 -1.11530089 50.0
0.81389821 -1.47572839 -1.03226912 50.0
1.38056767 0.50858819 -0.07311697 50.0
-0.56062937 -1.60455346 -0.27776957 50.0
-0.39103991 1.48148859 0.27649841 50.0
-0.46245745 1.47221839 0.99670047 50.0
-1.32852376 -0.17786095 -0.08633855 50.0
0.36181316 -1.57540476 -0.97628057 50.0
-1.33269286 0.43862647 0.63214785 50.0
0.26048484 1.47912335 -0.33458483 50.0
-0.65900743 -1.32189357 -1.06894684 50.0
-1.29153526 -0.60739541 0.92927438 50.0
1.01678276 1.39223480 -0.02170737 50.0
-1.36659813 0.92956102 -0.07247274 50.0
-1.28232205 -0.73271042 -1.31333339 50.0
-1.08343315 1.37556219 -0.59014249 50.0
-0.79940772 1.44675410 -0.16408737 50.0
1.28066790 0.12541679 0.47153628 50.0
-1.38032770 -0.93335801 -0.32973921 50.0
-0.76123244 0.88085204 -1.15926540 50.0
1.36005199 0.67077541 -0.07293981 50.0
1.20674109 0.20711054 -0.62991107 50.0
-1.36067927 0.46011227 -0.81146777 50.0
1.29256082 -1.22236693 -0.18789837 50.0
-1.33983958 1.08493519 0.76415348 50.0
0.36181316 -1.57540476 -0.97628057 50.0
-0.35489693 1.40590286 1.32814670 50.0
1.36005831 -0.69083941 0.48698568 50.0
0.79334319 0.10979432 2.05253196 50.0
-1.37914860 -0.96792656 -0.40318272 50.0
-0.88041341 0.96277529 -1.27536345 50.0
-0.42577991 -0.65436620 1.19251299 50.0
1.34405422 0.75999504 -0.24382640 50.0
-1.18289828 -1.38776970 0.41539088 50.0
-0.08780135 -1.15703344 0.83478868 50.0
0.46093041 1.40380323 1.32014918 50.0
-1.14964616 -0.74082863 -1.39395809 50.0
0.32366410 0.88285893 -1.16062558 50.0
-0.98052597 -1.02010381 -1.46185291 50.0
0.03188405 -1.63831496 -0.30470887 50.0
-0.17462188 -1.59970844 -0.60259598 50.0
-0.09747300 -0.25329670 -1.15037930 50.0
-1.24953163 0.12531398 -0.47448695 50.0
-0.10133605 1.28253305 -1.11197186 50.0
-0.36041528 -0.70400554 -1.13384163 50.0
-1.36650240 -0.72863263 -0.51092267 50.0
-1.20491183 -0.03152295 -1.07362366 50.0
0.03687917 1.49182785 0.75650513 50.0
1.29329371 0.80353445 -1.19140053 50.0
1.32942951 -0.86449516 -0.80937201 50.0
1.35191691 -0.69073606 0.02293046 50.0
1.30320704 -0.17786095 -0.08633855 50.0
-1.27523184 0.04734025 -0.34688124 50.0
0.39199328 0.98577434 1.63855827 50.0
-1.08035433 -0.96080637 0.90436447 50.0
0.33614221 -0.76088172 -1.14335752 50.0
0.35573876 -1.57647872 -0.83857119 50.0
-0.78747910 -0.70266318 -1.10493004 50.0
-1.34399641 1.17526424 -0.34157854 50.0
1.31088507 -0.45152050 -0.35010272 50.0
-1.23276865 0.06619649 1.27745712 50.0
0.84800613 0.83255267 -1.25671363 50.0
1.01050425 -1.45809197 0.29262671 50.0
0.91925097 1.16365767 1.47642088 50.0
-1.36650240 -0.72863263 -0.51092267 50.0
-0.56637889 -0.85887110 -1.14033413 50.0
-1.38257992 0.67077541 -0.24418104 50.0
-1.33980024 -1.16964793 0.55369633 50.0
0.74799454 -0.69043738 1.08541751 50.0
-0.58793473 1.13511920 -1.11657083 50.0
-0.74421978 -1.52366424 -1.00957239 50.0
-1.36525989 0.92956102 -0.16091099 50.0
-0.43238619 -0.32138628 -1.11922181 50.0
-1.37854743 -0.79435438 0.37691784 50.0
-0.59095091 0.05132097 -1.10562420 50.0
0.77141237 -1.54072464 -0.66160333 50.0
-0.34425908 -0.93172276 -1.15571690 50.0
-0.41710520 1.02784550 1.61273253 50.0
-0.92654717 1.31422579 1.36272490 50.0
0.97472465 0.82050979 -1.53844833 50.0
1.07891190 0.49778011 1.60769963 50.0
0.96831173 0.94899100 -1.60160422 50.0
0.72764838 0.79235655 -1.14074314 50.0
-1.29705596 -1.13400364 0.77551234 50.0
-1.25478375 -1.34014022 -0.39565641 50.0
-1.35748243 -1.04308462 -0.82291567 50.0
0.69583678 -0.97458929 0.90494496 50.0
-0.57623339 -1.58104634 -0.57388318 50.0
-1.31349432 0.04707654 0.27559468 50.0
0.06327411 -1.06684256 0.89098865 50.0
0.69577771 0.50037599 1.91185939 50.0
0.90691155 0.67909718 -1.11258268 50.0
1.31484210 -1.17347872 -0.03598208 50.0
-0.81707191 1.43463600 -0.32209671 50.0
-1.33357835 -1.12915266 -0.84763110 50.0
-0.56882977 1.45924568 0.81678486 50.0
0.67350596 -1.26760733 0.72436780 50.0
-0.09175360 -0.04859686 2.11882615 50.0
-1.35515237 -0.76020843 -0.79235595 50.0
-0.36145905 -0.76088172 -1.14335752 50.0
0.21058048 1.34371150 1.38699448 50.0
0.15229970 1.48018730 -0.34339583 50.0
-1.34187400 -1.17347872 0.38846070 50.0
0.79686826 1.43894470 0.27713710 50.0
0.91264260 -0.82631844 0.91957009 50.0
0.64867026 -1.54812253 -0.82979810 50.0
1.21468735 1.14488947 1.25971687 50.0
-0.39063391 1.47691965 -0.32698399 50.0
-1.33489108 0.96883869 -0.94100291 50.0
-0.09414899 1.06996536 1.60286999 50.0
-0.88542581 1.42316771 0.94723666 50.0
-1.26599801 0.38056526 1.01696050 50.0
1.28752148 0.12933476 0.96191537 50.0
-0.39039972 -1.02073872 0.90164047 50.0
1.33327913 -0.87977791 0.82094997 50.0
0.56869793 -0.74050403 -1.12459016 50.0
1.37588930 0.54985827 -0.24453665 50.0
0.75250912 0.57066053 -1.09514439 50.0
0.33483055 1.15603828 -1.12509549 50.0
-0.52517134 -1.33930385 0.64929694 50.0
0.99146348 0.70124692 -1.18410397 50.0
1.35187912 0.55189741 -0.80614412 50.0
-0.36803490 -1.63621342 -0.19253185 50.0
-1.31270194 0.43452328 0.81231612 50.0
-0.09602623 -0.69437671 1.12582028 50.0
-1.31505299 -0.10647497 -0.16679895 50.0
1.35740244 0.47985205 -0.62964660 50.0
1.28942764 1.12528348 -0.93553478 50.0
-0.26988772 0.47859302 -1.13770390 50.0
-0.34313059 0.75838333 -1.14298284 50.0
-0.12000608 -1.13883233 -1.12932992 50.0
-0.32691354 1.39913821 -0.86144704 50.0
-0.88803601 0.21243583 -1.09499228 50.0
1.32619524 0.80353445 -0.61828500 50.0
1.32105219 -0.62959337 -0.80130422 50.0
0.64515114 -1.58166325 -0.26868626 50.0
-1.38100696 -1.00006890 0.65347606 50.0
-1.35754621 1.04642618 -0.46844816 50.0
-0.56102818 0.71271706 -1.11674511 50.0
-0.05405290 -1.64956951 -0.01802764 50.0
0.63369060 -1.32189357 -1.06894684 50.0
-0.25255919 -0.19257572 2.01566362 50.0
0.98790050 -0.25820461 1.76109779 50.0
0.26048484 1.47912335 -0.33458483 50.0
-0.12406542 -1.07091105 -1.14760578 50.0
1.32715821 -0.82949525 -0.80597270 50.0
1.12432921 -0.74082863 -1.39395809 50.0
0.40529591 -0.03042227 -1.12057364 50.0
-1.37546086 -1.08729792 -0.01661237 50.0
-0.88824719 -1.19552922 0.78206348 50.0
-0.07225399 -1.55511189 -1.06268978 50.0
-0.95516479 -0.39955848 1.60731947 50.0
-0.12355114 -0.93217379 -1.16905332 50.0
-0.90610361 0.44021919 -1.09489286 50.0
-1.01302958 0.71830583 -1.27094281 50.0
-0.91096371 0.02798024 2.03234315 50.0
-0.34608471 -1.09672701 -1.12819135 50.0
0.31066814 -0.64635873 -1.13146925 50.0
1.03019512 -0.31626505 -1.09363353 50.0
-0.50919884 -1.44554758 -1.05816543 50.0
-1.34804451 0.88901103 -0.61673552 50.0
1.02709842 -0.10821529 -1.09486532 50.0
-1.37108469 0.96884280 0.43769574 50.0
1.29287970 1.22932374 -0.34091371 50.0
1.30677295 1.17488527 -0.61389565 50.0
1.01738322 -1.24936950 0.72403151 50.0
1.31026435 -0.17474630 0.92660397 50.0
-1.36212718 -0.94848442 0.80568755 50.0
-0.95516479 -0.39955848 1.60731947 50.0
-0.12783928 -0.78895509 -1.16097426 50.0
-1.37757564 -0.79435438 0.53151661 50.0
-1.14930320 0.77718812 1.42004991 50.0
1.09515643 0.94004595 -1.61469603 50.0
-0.91159689 1.21316898 -1.07454193 50.0
-0.74966478 -0.92989969 -1.15600944 50.0
1.34826660 0.75999832 0.47405207 50.0
-0.90127718 0.38447049 -1.09498632 50.0
0.49985448 -1.33930385 0.64929694 50.0
-0.57253802 0.75782180 1.78654933 50.0
1.33247340 -1.12710106 0.58488506 50.0
0.39665759 -0.76325661 0.98195285 50.0
-1.07067585 1.37173879 0.41098294 50.0
-1.33916128 1.17526424 -0.46620199 50.0
-1.25020814 1.19416332 1.22792244 50.0
0.86675668 -0.10857254 -1.09486532 50.0
1.19118559 1.31446195 -0.33850691 50.0
0.51927829 -1.01938164 0.89764404 50.0
0.56200248 -0.58662617 1.31173015 50.0
-1.05705023 -1.18559659 0.78206348 50.0
0.23107494 0.89772624 1.70194733 50.0
-0.75116581 0.38740841 -1.09711373 50.0
1.26602650 -0.10746823 -0.98027474 50.0
-0.29984024 -1.64538133 -0.00421315 50.0
1.34880269 -1.04408526 -0.50372207 50.0
0.96228474 0.18253091 1.90023088 50.0
-1.31634629 -1.00390458 0.85579789 50.0
1.34028637 -0.96792656 -0.69524348 50.0
-0.89609623 -1.12781799 -1.10752332 50.0
-0.71537697 -1.06056058 0.87719244 50.0
-1.35388935 -0.45137733 -0.09791344 50.0
0.39178833 1.02784550 1.61273253 50.0
1.30366993 -0.45240900 -0.80730367 50.0
1.33873689 -0.37864962 0.59240925 50.0
1.32815218 -0.53698605 -0.26475716 50.0
1.32021153 -0.37816364 -0.09586634 50.0
-1.04966128 1.19024408 1.43516076 50.0
0.84768873 1.26505160 -1.05718815 50.0
0.92875826 -1.30283046 -1.06685758 50.0
-1.36320722 -0.31166154 0.73008841 50.0
-1.07287502 0.84602547 1.56730759 50.0
-1.20300448 -0.71054125 0.95578486 50.0
-1.08035433 -0.96080637 0.90436447 50.0
-1.38236916 -1.04408526 -0.16150358 50.0
-1.36598134 0.71730042 0.65466422 50.0
-0.25703794 0.98649907 1.65120482 50.0
1.28879619 0.92956102 -1.20868981 50.0
-0.77782595 0.57066053 -1.09514439 50.0
-0.92408782 1.39797115 -0.58608788 50.0
-0.75465602 -0.58472419 1.29770255 50.0
-0.09513579 0.53682959 1.95002615 50.0
1.01093566 1.38853347 0.99682176 50.0
1.28610814 -0.85883361 0.88624269 50.0
-1.27847183 -1.18445361 0.73293501 50.0
-0.23583768 -1.20943618 0.79044694 50.0
-1.26686656 -0.93572229 -1.46293259 50.0
-0.09157819 0.27609780 2.05963612 50.0
0.08744160 1.22986257 -1.12401807 50.0
-1.39067376 0.60849130 -0.34623539 50.0
-0.59021407 -0.76040560 -1.12594056 50.0
-0.87031877 0.75291336 -1.19188046 50.0
1.34086120 -0.72500956 0.74227518 50.0
1.37577450 0.47984016 0.07183864 50.0
-1.38439465 -0.72870648 0.36288404 50.0
-0.99969816 1.13033545 -1.25913894 50.0
0.91055983 0.43627626 1.89165652 50.0
1.02382994 0.12895359 -1.09498835 50.0
-1.36771798 0.84692037 0.47042006 50.0
0.91269481 -1.50503802 -0.64674175 50.0
-0.93795961 -0.82631844 0.91957009 50.0
-0.80293578 1.43380392 0.82547331 50.0
0.06926616 0.50397342 1.96120262 50.0
0.96571440 -0.05234725 1.92194414 50.0
-0.42816815 -1.21407235 -1.09363985 50.0
1.33625627 -1.08729792 -0.60962367 50.0
1.21589601 0.76194680 1.16472614 50.0
1.32619524 0.80353445 -0.61828500 50.0
-0.74601889 1.42815077 0.09421214 50.0
-1.36767602 0.92956102 0.07208182 50.0
-1.32065439 1.22932374 -0.24078795 50.0
-0.35134414 -0.82289338 -1.15449429 50.0
1.32685280 -0.69176441 -0.79334325 50.0
-0.91893190 -1.44475114 0.44791779 50.0
1.04555607 -1.46369135 -0.27188390 50.0
0.69094336 -0.32903105 1.78874803 50.0
-0.34305483 0.73209125 -1.13761878 50.0
0.89858317 0.62535667 -1.09494507 50.0
-0.09175360 -0.04859686 2.11882615 50.0
1.13919401 -1.13832653 -1.06108248 50.0
0.25003135 1.47421801 0.89599049 50.0
-0.55030203 -0.90452105 0.91354352 50.0
0.66239589 1.45066977 -0.32158551 50.0
1.24399674 -1.28108191 -0.86690664 50.0
-1.25403905 -0.22696173 1.21257043 50.0
0.60711992 -1.53630066 -1.00958085 50.0
0.09914232 0.83825260 -1.16942871 50.0
-1.04764175 0.20996517 -1.09499228 50.0
0.09468922 -1.13883233 -1.12932992 50.0
0.77408880 1.39894712 -0.67483062 50.0
0.72933912 -0.58472419 1.29770255 50.0
1.07104051 0.33247083 1.61757576 50.0
-1.35044551 -0.31151307 0.25197750 50.0
0.92353433 1.41472673 -0.17895661 50.0
1.24957764 0.48217097 1.08405912 50.0
0.27927211 1.45618248 0.08799276 50.0
1.29905224 1.17336988 -0.77682757 50.0
-0.88047785 -1.25986898 0.72403151 50.0
0.26050752 1.48366261 0.27461278 50.0
1.07023215 -1.36998141 0.54491997 50.0
-0.47593278 -1.57143414 -0.90445292 50.0
0.54483861 -0.32999182 1.79585195 50.0
-1.19398689 1.11882865 -1.21382797 50.0
1.14823711 1.21817136 1.34831297 50.0
1.24017692 -1.34097636 0.28233048 50.0
0.92574358 -0.64012206 -1.09612346 50.0
-0.42099214 -1.55119848 -1.01964056 50.0
-1.30484056 0.68791479 -1.11463392 50.0
-0.47143373 1.46637332 0.88980609 50.0
0.06394202 -0.98032707 0.91969460 50.0
0.04158195 -1.60648990 -0.52675503 50.0
-0.69629645 -1.55970907 0.20231690 50.0
-1.37637174 -1.00412440 -0.49424154 50.0
1.27166510 -0.17870387 -0.97981244 50.0
-0.71738368 0.84719104 1.70528090 50.0
0.86911750 1.09478867 -1.21450162 50.0
-1.37637174 -1.00412440 -0.49424154 50.0
-1.38292789 -0.89906931 0.18869458 50.0
-0.87830406 1.41034758 1.24005294 50.0
0.06740026 1.32573342 -1.07458532 50.0
0.51927829 -1.01938164 0.89764404 50.0
1.35280466 -0.82949525 0.33996895 50.0
0.15077059 -1.57859325 -1.00596929 50.0
-1.36067045 -0.24589962 0.74159110 50.0
0.23453797 -0.76373476 0.98745900 50.0
-0.06682185 -1.60050833 -0.61141062 50.0
-0.05710515 -1.63123333 0.06726366 50.0
1.29926753 1.22932374 0.07237697 50.0
-0.72984892 0.58646154 1.87369227 50.0
1.25904143 -0.03172849 -0.81150895 50.0
-0.25996879 -0.49582735 1.50800252 50.0
-0.85058677 1.43590069 0.55139852 50.0
1.25282860 -1.04050612 -1.30400038 50.0
-0.56622946 0.83715701 -1.13853550 50.0
1.33379197 1.12598193 0.54359621 50.0
-0.21935812 1.37723088 -0.94046915 50.0
-0.38429940 -1.60244131 -0.49870375 50.0
1.33668995 -0.68728632 0.74879432 50.0
0.72715378 -1.11148405 -1.10002482 50.0
1.07593274 1.36450636 -0.20976688 50.0
0.80166292 1.17460454 1.47642088 50.0
-1.35931396 -1.13097739 -0.02711681 50.0
-1.07091916 0.46717644 -1.09474134 50.0
1.34241021 1.04642618 -0.07219458 50.0
-0.56384331 -1.11359394 -1.10654700 50.0
-1.29153526 -0.60739541 0.92927438 50.0
1.33846581 0.92956102 -0.24294193 50.0
-1.35247505 -0.82949525 -0.80597270 50.0
1.35461843 -0.62610877 0.39166552 50.0
-1.32901156 -0.45165458 -0.47314095 50.0
1.35344183 -0.79435438 0.25099334 50.0
1.35461843 -0.62610877 0.39166552 50.0
-0.76814657 0.96656960 -1.15260696 50.0
-0.54787147 0.68680322 -1.11634481 50.0
1.35963261 -0.96792656 0.01421489 50.0
-0.94456780 1.16365767 1.47642088 50.0
0.88504934 0.52491379 -1.09387159 50.0
-1.36212718 -0.94848442 0.80568755 50.0
-0.41303214 1.14909816 1.52080834 50.0
0.56869793 -0.74050403 -1.12459016 50.0
-0.36492327 -1.63855183 -0.10767233 50.0
0.88568538 -0.93157119 0.90800041 50.0
-1.26727557 -0.43307212 1.06365526 50.0
-1.30643499 -0.31138837 -0.47138444 50.0
1.12400615 1.15098929 -1.10556316 50.0
-0.78551179 1.15730286 -1.10542607 50.0
1.03618658 1.33641708 -0.88733065 50.0
1.34407306 0.96883869 -0.07238481 50.0
1.37453830 0.47985086 -0.07314605 50.0
0.46458763 1.48400223 -0.16273941 50.0
1.25848508 1.27597022 0.51382172 50.0
-1.36843789 0.80353445 -0.07272572 50.0
1.31864905 0.80353445 -0.76864547 50.0
0.80166292 1.17460454 1.47642088 50.0
1.33790767 0.80353445 -0.34511051 50.0
-1.07785833 -1.44838417 -0.79616427 50.0
1.17913795 1.30455935 1.15523458 50.0
-0.99473870 0.82146126 1.67823470 50.0
-1.38242233 -0.89906931 -0.13550854 50.0
0.03764850 -1.62448156 -0.37520611 50.0
0.94550300 1.40505505 -0.32553455 50.0
-1.26273942 -0.83157575 -1.46650803 50.0
-0.90566939 -1.00977802 0.89480531 50.0
1.32533824 -0.37850434 0.04403609 50.0
1.11290407 -0.72260493 -1.31026781 50.0
1.23584819 -0.35982016 1.12357318 50.0
1.35722852 0.46064523 0.46988696 50.0
-1.36301780 1.08493519 -0.24193358 50.0
1.30884671 -0.74113917 0.85370243 50.0
1.29071069 -0.96386069 0.86866742 50.0
-1.37307858 -0.76012200 -0.41213524 50.0
-0.95979196 0.57651114 1.83294725 50.0
-1.34138083 -1.17347872 0.11231463 50.0
1.33936012 -0.93335801 -0.69199240 50.0
0.56847030 -0.25280917 -1.10487616 50.0
-1.30547440 -1.22236693 -0.63519007 50.0
1.31600606 -0.53744465 -0.48219597 50.0
0.81798202 1.13509560 1.50403905 50.0
-0.67671007 1.45190382 1.13061988 50.0
1.31087494 -0.96792656 -1.18797708 50.0
-1.28269482 1.27554750 -0.15919207 50.0
0.39757457 0.63212407 1.87102866 50.0
-1.30092800 1.17904389 1.00832117 50.0
-1.36937094 0.75999504 -0.24382640 50.0
0.40706933 -0.32138628 -1.11922181 50.0
0.05392343 -1.47445405 0.44751933 50.0
-0.82697982 1.17460454 1.47642088 50.0
-0.90852493 -0.96874112 0.90436447 50.0
-1.37144232 1.00767910 0.26405835 50.0
0.88526803 -1.41969872 -1.04783344 50.0
-1.37807143 -0.82949525 0.04942396 50.0
1.31735027 0.51053691 -0.97904891 50.0
-0.94778848 0.49173436 1.87106276 50.0
1.25592148 1.27554750 -0.24039051 50.0
-1.37187040 -1.00412440 -0.59185475 50.0
0.18814734 -1.64663601 -0.11638168 50.0
1.07809842 -0.81963831 0.91957009 50.0
0.72618455 -1.03644753 -1.13389301 50.0
0.23663476 -0.69404978 1.12054813 50.0
0.76944715 -1.31380486 -1.06685758 50.0
-1.37807143 -0.82949525 0.04942396 50.0
-1.02475595 -1.47219121 0.04403511 50.0
0.07415449 0.53248328 -1.14999330 50.0
-0.38220587 -1.20865190 0.78706008 50.0
-0.84329885 1.13509560 1.50403905 50.0
-0.28122422 -1.60463011 -0.50793070 50.0
1.35000122 -0.86068505 0.68856192 50.0
-1.25025797 -1.32556057 0.51089412 50.0
-0.87281644 -1.32647085 0.64812875 50.0
0.09850962 -0.89622241 -1.17034888 50.0
0.39488745 0.69352686 1.83804917 50.0
1.04560232 0.46717644 -1.09474134 50.0
-1.14988077 -1.39804375 -0.97921169 50.0
-1.12767875 -1.01195097 -1.47090089 50.0
1.35710537 -0.89906931 -0.13550854 50.0
0.22884183 -0.26085001 1.93404853 50.0
1.33242989 -0.62269378 0.76689875 50.0
0.40012956 -0.69361955 1.11361003 50.0
0.31057030 0.68779415 -1.13383269 50.0
0.05913751 -1.40843368 0.55833304 50.0
-0.71749556 0.89215344 1.67090762 50.0
-1.32232547 -1.22236693 0.22610502 50.0
-1.37350929 -0.79435438 -0.35480371 50.0
0.06617751 0.11208155 2.11696601 50.0
1.35350633 0.71823359 0.47488227 50.0
-0.09744287 -0.39150649 -1.14886093 50.0
1.33566737 -0.72866035 -0.64763403 50.0
-1.12536943 0.97973639 -1.58117914 50.0
0.94092518 -1.24293244 -1.06756675 50.0
0.64834273 -1.58001232 -0.41629431 50.0
0.35104612 -1.34111738 0.65094131 50.0
-0.34706435 -0.85941494 -1.15790761 50.0
0.54351294 1.45924568 0.81678486 50.0
-1.40535355 0.54949582 0.47239819 50.0
1.19524050 -0.84981644 0.90924019 50.0
0.46030962 -0.55642700 -1.11530089 50.0
1.28663373 -1.20389736 0.64706385 50.0
1.27952361 0.68791479 -1.11463392 50.0
0.06965068 0.69444859 1.86412430 50.0
-1.39392388 0.54985827 -0.47386658 50.0
-0.17171580 1.47741461 0.82629174 50.0
0.15229970 1.48018730 -0.34339583 50.0
1.34683442 0.75999504 -0.07280613 50.0
-0.34706435 -0.85941494 -1.15790761 50.0
-1.28123832 1.27554750 -0.24039051 50.0
1.34483635 -0.45186505 0.57121897 50.0
0.96179879 1.37568974 -0.75719249 50.0
1.24017692 -1.34097636 0.28233048 50.0
-1.12575793 1.28276825 -1.00251901 50.0
-1.27883875 1.27554750 -0.34032342 50.0
-1.24334800 1.08705139 -1.28621769 50.0
1.35534453 -0.86449516 0.19322479 50.0
0.81596339 -1.52743912 0.16939221 50.0
0.68652159 -1.48795927 -1.03233087 50.0
1.33647513 -0.45182866 0.24138774 50.0
-0.55369973 -1.52889299 0.32950535 50.0
1.34327567 0.46128076 -0.47440916 50.0
1.10236204 -1.01195097 -1.47090089 50.0
1.32202053 -0.62649399 -0.64082146 50.0
0.86010897 1.42316771 0.94723666 50.0
-0.53950340 -1.10953462 0.85430253 50.0
-0.47902560 -1.58281088 0.20141412 50.0
-1.19246864 -1.40153682 0.12402321 50.0
0.04253116 1.49382520 -0.18467134 50.0
-1.26757669 1.12351012 -1.09772789 50.0
-1.08321857 0.93160796 1.51852489 50.0
-1.30684721 -0.10656922 -0.24743095 50.0
-0.56669480 1.14736438 1.51100302 50.0
1.32422233 0.92956102 -0.61594784 50.0
0.96179879 1.37568974 -0.75719249 50.0
0.06868924 1.11031127 1.57088888 50.0
1.25145638 0.20809050 -0.07317416 50.0
-1.35774660 -0.62269378 0.76689875 50.0
1.28104174 1.22897899 -0.61370885 50.0
1.35868156 -0.93335801 0.18133514 50.0
-1.36469007 1.00768030 0.56365067 50.0
-1.36681974 0.88902259 0.46573690 50.0
1.37631857 0.47968161 0.27502269 50.0
-0.74507833 1.38271582 -0.83965719 50.0
-1.28555703 1.27554750 0.25775561 50.0
-1.01569259 1.16666830 -1.11252689 50.0
-1.13094413 0.71208650 -1.27682030 50.0
1.02290726 -1.45279598 -0.97475272 50.0
-0.21761988 -1.64764547 -0.00875708 50.0
0.86984712 -0.25094378 -1.09424543 50.0
-1.38287354 -0.89906931 0.32650810 50.0
-0.09587588 -0.58799452 1.33824909 50.0
-1.14058983 -0.41141066 1.33563590 50.0
-1.34478641 -0.31140146 0.04677088 50.0
-0.43551958 0.38973686 -1.12059677 50.0
1.23319745 1.27404976 -0.77434987 50.0
-0.72587281 0.53302544 1.90105414 50.0
0.05392343 -1.47445405 0.44751933 50.0
-0.86236089 -1.09069562 -1.15596116 50.0
-1.01321721 -0.25820461 1.76109779 50.0
1.31836653 -0.82949525 -0.96270812 50.0
1.35657108 -0.72877908 0.59521955 50.0
0.87568736 -0.46277553 -1.09156024 50.0
-0.09725584 0.30676052 -1.15116918 50.0
1.34312081 0.80353445 -0.07272572 50.0
0.54351294 1.45924568 0.81678486 50.0
-0.28314412 0.57436734 -1.13593519 50.0
-0.47612637 -1.61827683 -0.27776957 50.0
1.37869763 0.54985827 -0.07307349 50.0
-0.23583768 -1.20943618 0.79044694 50.0
1.26410782 1.17427039 -0.94613403 50.0
0.88294750 -0.70033562 -1.10980189 50.0
-1.00672328 0.73008722 1.69573617 50.0
-1.23412979 -1.28336930 -0.98543429 50.0
-0.35491842 1.37623763 -0.92523479 50.0
-1.29673171 0.12553206 0.07182883 50.0
0.55502123 0.63112676 1.85793817 50.0
0.83626038 -1.06460357 -1.19016826 50.0
0.43714058 1.47221839 0.99670047 50.0
-1.35985935 -0.79435438 -0.67109531 50.0
0.45637947 -1.59681380 -0.49346098 50.0
1.26019645 -0.10719467 -0.47361130 50.0
-1.36218083 1.12598193 -0.07197657 50.0
0.80771911 -0.19105814 1.96688235 50.0
-0.98743844 0.02391938 1.93125188 50.0
-0.24288693 -1.26772642 -1.10955906 50.0
1.30864096 -1.17347872 -0.37233552 50.0
0.86553991 0.05011623 -1.09498835 50.0
-1.34368348 -0.82949525 -0.96270812 50.0
1.32983553 -0.76020843 -0.79235595 50.0
-0.59957701 -1.57301342 0.20189165 50.0
-0.57113421 0.89568770 1.67737412 50.0
-1.32009137 0.44098505 -0.34686196 50.0
-1.38104320 -0.89906931 -0.25353855 50.0
1.34350479 1.04642618 0.07218249 50.0
-0.82748902 0.35975018 1.95800626 50.0
1.10005248 0.97973639 -1.58117914 50.0
-0.12314843 0.73344964 -1.15115297 50.0
0.90013915 0.91485810 -1.47818959 50.0
1.30701125 1.17526424 0.73835588 50.0
1.31459212 -0.24564499 0.05198290 50.0
0.74178386 -0.65138364 1.16465688 50.0
-0.18154763 1.48671949 -0.07364647 50.0
1.36134493 0.67072785 0.47474009 50.0
1.32422233 0.92956102 -0.61594784 50.0
-0.34457529 0.79438072 -1.14960408 50.0
1.34179759 0.80353445 -0.16136271 50.0
-0.97574860 1.40848374 0.27242550 50.0
1.34286308 0.67105043 -0.62294787 50.0
0.46464491 1.37418032 -0.91209298 50.0
-0.59375077 -1.49710882 -1.03438890 50.0
-1.10188663 0.46612450 1.60478830 50.0
-1.29083765 -0.17821729 -0.62774205 50.0
-0.44768208 -1.61467278 -0.34694564 50.0
-1.36804271 0.96883869 -0.16075377 50.0
1.33000135 -0.37861574 0.24608855 50.0
-1.34552824 -0.37816364 -0.09586634 50.0
1.33439541 1.00767875 -0.46904808 50.0
-1.37687469 -0.53768575 0.54093492 50.0
-1.35385680 -0.53422397 0.79903507 50.0
1.37977123 0.54985827 0.07186479 50.0
-1.25454032 1.28473115 0.95295238 50.0
0.96571440 -0.05234725 1.92194414 50.0
-1.34396577 0.80353445 -0.76864547 50.0
-1.05110586 -0.03118228 -1.09496367 50.0
1.25700521 -0.73271042 -1.31333339 50.0
1.11925387 -0.64026546 1.06316435 50.0
0.51956707 1.41848409 -0.67751688 50.0
-1.00417638 1.14875138 -1.17453551 50.0
1.30680990 0.92956102 -0.94383657 50.0
0.46628737 1.47582138 0.27757019 50.0
1.28066790 0.12541679 0.47153628 50.0
-1.36238623 1.04642618 -0.34301734 50.0
0.24031137 0.30656490 -1.13797784 50.0
-1.33733785 1.00768077 0.77437884 50.0
1.31655729 -1.17347872 0.38846070 50.0
1.33937323 1.00768030 0.56365067 50.0
1.22168791 -1.33980298 -0.65646124 50.0
0.67425352 1.31696784 -1.02309513 50.0
-1.36884558 -0.75636381 0.73083234 50.0
1.03158283 1.38774002 0.08945968 50.0
0.21306626 1.28375769 1.43448377 50.0
1.34441161 -1.04408526 -0.60019118 50.0
-1.08321857 0.93160796 1.51852489 50.0
0.51683134 -1.06421411 0.87936503 50.0
0.70635504 1.38894558 1.31446850 50.0
-1.33067191 0.88901103 -0.94546872 50.0
-0.08978090 -0.90672809 0.92615098 50.0
0.69368899 1.02227116 1.59600377 50.0
-1.10080814 0.54932404 1.60780478 50.0
-1.37617612 -1.08729792 0.13950466 50.0
0.96571440 -0.05234725 1.92194414 50.0
0.79321909 0.19038203 2.02904153 50.0
1.24399674 -1.28108191 -0.86690664 50.0
0.86892599 -0.18164872 -1.09464288 50.0
-0.25763634 0.50367486 1.94915640 50.0
-1.24334800 1.08705139 -1.28621769 50.0
1.31351340 -0.31106073 -0.09483937 50.0
1.23966229 -1.34086955 0.17478073 50.0
0.35898253 -1.60244131 -0.49870375 50.0
-1.38257575 -0.62614971 0.50799590 50.0
-1.19347167 0.44409582 1.32738543 50.0
-1.32311809 0.04706927 0.62569380 50.0
-1.31915009 -0.37850660 -0.80835497 50.0
-0.98760206 -1.12163174 -1.11900365 50.0
1.34688306 -0.86449516 -0.47475463 50.0
1.27655101 -0.31214082 -0.97870862 50.0
-0.59092343 -0.65353096 1.18232596 50.0
1.33647513 -0.45182866 0.24138774 50.0
-0.52343130 1.43267143 -0.58680254 50.0
1.09204125 -0.20503132 1.58562219 50.0
0.25251293 1.28182805 -1.09909832 50.0
-0.91411728 -0.04901247 2.02324462 50.0
1.14728439 1.18519974 -1.05451727 50.0
-1.12329507 -0.27085996 1.52323914 50.0
1.20760381 0.59926450 1.17520833 50.0
1.30639768 -0.89906931 -1.21456373 50.0
-0.90647769 -1.02704716 -1.36523533 50.0
0.74799454 -0.69043738 1.08541751 50.0
0.54465812 -1.56176138 -0.90265274 50.0
-0.53950340 -1.10953462 0.85430253 50.0
0.02873604 -1.64956951 -0.01802764 50.0
1.03173316 -1.18559659 0.78206348 50.0
1.04074049 0.56293482 -1.09298193 50.0
-0.16290326 -1.59162199 0.19429328 50.0
0.75326681 -0.78705788 -1.13937700 50.0
1.29533744 1.22932374 -0.24078795 50.0
0.75290167 -0.75972015 0.96773565 50.0
-1.37546086 -1.08729792 -0.01661237 50.0
-0.11275846 1.22986257 -1.12401807 50.0
-1.13007557 1.01898468 -1.52846205 50.0
1.01787126 -1.46843100 -0.16140749 50.0
-0.75310093 -1.06827188 -1.12147427 50.0
0.33509842 -0.70400554 -1.13384163 50.0
-0.19475569 1.41580403 -0.79495102 50.0
-1.34649539 -0.24575676 0.25977755 50.0
0.32047999 -1.07038760 -1.13444340 50.0
-0.25255919 -0.19257572 2.01566362 50.0
0.04712655 1.46126902 1.27793801 50.0
0.70569605 -0.86620951 0.91510689 50.0
1.25848508 1.27597022 0.51382172 50.0
-0.89944172 1.41294098 0.09359700 50.0
1.25869811 1.27554750 -0.07150917 50.0
1.27217400 -1.28113353 0.08993296 50.0
1.31459212 -0.24564499 0.05198290 50.0
-1.36378264 0.92956102 -0.24294193 50.0
1.27962923 -0.37936312 -0.97796392 50.0
-1.25415397 0.30657351 -0.16216579 50.0
0.81596339 -1.52743912 0.16939221 50.0
1.31433165 0.55342758 -0.97480303 50.0
1.25282860 -1.04050612 -1.30400038 50.0
1.32452571 -0.44836086 0.83358943 50.0
-0.95407528 -1.30283046 -1.06685758 50.0
0.07320767 0.44675663 -1.15105009 50.0
-1.24953163 0.12531398 -0.47448695 50.0
-1.27793491 0.39422238 0.07182883 50.0
-1.36846101 -0.76012611 -0.52593166 50.0
0.25795284 -1.57755494 -0.99003023 50.0
-1.37571573 -0.76010054 -0.31925863 50.0
0.28886440 1.41478419 -0.78128213 50.0
-1.38643551 0.67077541 0.07191316 50.0
-1.18806422 0.49744761 1.36004174 50.0
-1.31550109 -1.22236693 -0.29923978 50.0
0.76216227 -0.70266318 -1.10493004 50.0
-1.09751153 0.16720396 1.65160620 50.0
0.56816006 -0.32102537 -1.10426021 50.0
1.34566474 -0.79435438 -0.44279712 50.0
0.34283230 -1.40681326 0.55677986 50.0
-1.36469007 1.00768030 0.56365067 50.0
0.65367222 -1.56771755 -0.57388318 50.0
1.32439685 -0.45106992 -0.18023951 50.0
0.85168868 -0.81853753 -1.25394690 50.0
0.94054216 -0.71904379 -1.18535686 50.0
0.10354769 1.15486610 -1.13793325 50.0
1.30864096 -1.17347872 -0.37233552 50.0
1.15353179 1.27529466 1.30535650 50.0
1.34350479 1.04642618 0.07218249 50.0
1.07463932 1.13798165 -1.18349063 50.0
1.21809936 0.12518243 -0.62990910 50.0
-1.06605721 0.56293482 -1.09298193 50.0
-1.17355406 1.21817136 1.34831297 50.0
-0.77796853 -1.16451275 -1.07830417 50.0
-0.19272065 1.42711151 -0.70746243 50.0
1.00247097 0.67454982 -1.12252808 50.0
-0.37915245 -1.27374041 0.72808188 50.0
1.33720541 0.75981444 0.65089065 50.0
0.71806800 1.18900061 -1.08491766 50.0
-0.99843860 -0.12402770 1.89041185 50.0
0.23453797 -0.76373476 0.98745900 50.0
-0.06782773 1.48546362 0.27076539 50.0
1.35093558 -0.72847378 -0.21789706 50.0
-0.54672539 -0.97792625 0.90726763 50.0
1.35130274 -0.79435438 -0.20462938 50.0
-1.38436282 -0.96792656 -0.14509550 50.0
1.37634456 0.47921628 0.47019911 50.0
1.26774001 -1.28105617 -0.19206674 50.0
0.56316882 -0.70356852 -1.11652720 50.0
1.31850255 -0.45116386 -0.25546339 50.0
0.06363118 -1.02189171 0.90979385 50.0
0.39938468 -0.58736593 1.32204926 50.0
1.07463932 1.13798165 -1.18349063 50.0
0.83626038 -1.06460357 -1.19016826 50.0
1.09648335 -0.83749855 -1.59409690 50.0
0.66239589 1.45066977 -0.32158551 50.0
-1.24789393 1.25024009 1.19089150 50.0
-0.83819759 -1.12947547 -1.09412313 50.0
-1.06145024 1.37496400 0.66551280 50.0
-1.27650046 0.72570997 -1.29993689 50.0
0.53442293 0.73030365 -1.11980855 50.0
-1.31069911 -0.79031599 0.89959830 50.0
-1.32065439 1.22932374 -0.24078795 50.0
-1.31342673 1.22932374 -0.46516424 50.0
-0.41672069 0.94208270 1.66103888 50.0
1.09835815 -0.78495800 0.92866611 50.0
-1.21878922 -1.03940380 0.86884493 50.0
0.86543369 1.04975128 -1.23583949 50.0
-1.37187040 -1.00412440 -0.59185475 50.0
1.06267405 1.31081641 -0.94687760 50.0
-1.37723362 -0.69073606 0.02293046 50.0
0.27586874 -1.53636527 0.32732329 50.0
-0.09400610 1.11031127 1.57088888 50.0
0.35202098 1.47420073 0.81926507 50.0
-1.31787753 -1.22236693 -0.18789837 50.0
0.15623078 1.48671949 -0.07364647 50.0
1.04685724 -1.08993840 0.85175532 50.0
-0.99473870 0.82146126 1.67823470 50.0
-0.99969816 1.13033545 -1.25913894 50.0
-1.37719607 0.55189741 -0.80614412 50.0
0.04712655 1.46126902 1.27793801 50.0
-0.26614252 -0.32156050 -1.13656569 50.0
-0.93397158 0.83327675 1.70070362 50.0
0.70379436 0.62856263 1.85050035 50.0
-0.58848572 -0.70356852 -1.11652720 50.0
-0.43113986 -0.10904448 -1.12047362 50.0
-1.02161825 1.20103633 -1.07704115 50.0
0.06884973 0.80958843 1.78559101 50.0
0.66901827 0.02946229 2.07335806 50.0
1.26552057 -0.17821729 -0.62774205 50.0
0.35441577 -1.57696807 -0.91191906 50.0
0.51927829 -1.01938164 0.89764404 50.0
1.33286059 -0.53689098 -0.18857887 50.0
-0.85054827 0.49670926 1.90214586 50.0
0.74266952 -1.43165576 -1.04784560 50.0
1.25781059 0.20774952 0.07182883 50.0
-0.91104680 0.10822787 2.02144861 50.0
1.34171939 0.84690970 0.07202069 50.0
0.31419858 1.19165945 -1.11421418 50.0
0.21084985 -1.32917082 -1.10905743 50.0
0.88240701 0.47193307 -1.09474134 50.0
1.37634456 0.47921628 0.47019911 50.0
-1.22786307 -0.81566620 0.91451007 50.0
0.74130267 -0.79602611 0.93314630 50.0
-0.85773087 -0.99788862 -1.24943185 50.0
-0.57970452 0.55875367 1.89804423 50.0
-0.48018095 -1.58396673 -0.66655535 50.0
1.03075266 -0.24933235 -1.09424543 50.0
0.89076161 -1.49916327 -0.96738148 50.0
0.22884183 -0.26085001 1.93404853 50.0
-1.29784286 -0.24561095 -0.62682372 50.0
-0.82748902 0.35975018 1.95800626 50.0
-1.11850071 1.36142325 0.26309183 50.0
1.02807927 0.29874131 -1.09500790 50.0
-0.18154763 1.48671949 -0.07364647 50.0
-0.56600034 1.45698464 0.88892651 50.0
0.23019375 -0.80025136 0.94641590 50.0
-0.71537697 -1.06056058 0.87719244 50.0
0.38802493 0.44667971 1.95423377 50.0
-1.37812161 -0.82949525 0.33996895 50.0
-1.36252248 0.75981444 0.65089065 50.0
-0.27603102 1.47637892 0.82251918 50.0
-1.01302958 0.71830583 -1.27094281 50.0
0.51379782 -1.26495004 -1.07803690 50.0
0.06926616 0.50397342 1.96120262 50.0
0.68323189 -1.15018427 0.82285917 50.0
-1.24654913 0.80735266 1.14440954 50.0
1.23762727 0.39469224 -0.24480304 50.0
0.34373853 1.47788811 0.99951929 50.0
0.20203136 -1.40773404 0.55766237 50.0
-0.64784634 -1.59179783 0.01478787 50.0
-0.93476671 0.70550644 -1.15779793 50.0
-1.37389112 -0.72850442 -0.29611817 50.0
0.75265169 -1.16451275 -1.07830417 50.0
1.29193020 1.04670870 -1.15492737 50.0
-0.05562228 1.52097702 0.57478136 50.0
-0.65822917 1.33556521 1.36392641 50.0
1.34319782 1.00767875 -0.16058838 50.0
0.05454003 -1.50615382 -1.08626699 50.0
-1.30937541 -1.22236693 -0.53887904 50.0
-1.27611184 0.29669380 -0.98062301 50.0
-0.17763029 1.48468614 0.27242678 50.0
-0.36803490 -1.63621342 -0.19253185 50.0
-1.22711492 0.43170244 -1.07356310 50.0
-1.31985545 0.84693605 0.85767895 50.0
-0.75116581 0.38740841 -1.09711373 50.0
-0.61944026 1.48244762 0.45251760 50.0
-0.90127718 0.38447049 -1.09498632 50.0
1.24922574 -0.76247174 -1.37805617 50.0
-0.43061277 -0.03042227 -1.12057364 50.0
0.96222031 0.10340858 1.92160249 50.0
-1.09650600 0.24657644 1.63566458 50.0
-1.37215590 0.66906559 0.65554672 50.0
-0.67046803 -1.58166325 -0.26868626 50.0
-1.35997868 -0.31154576 0.60621035 50.0
0.23509163 0.63260555 1.88620353 50.0
-1.35501921 0.88901103 -0.47068545 50.0
0.94136459 -0.69666874 -1.12831521 50.0
-1.35807312 -0.93335801 -0.81099039 50.0
-0.89469236 -0.31847137 -1.09363353 50.0
0.17712824 1.40014744 -0.87598765 50.0
-0.74966478 -0.92989969 -1.15600944 50.0
1.23306561 0.80591577 -1.43430877 50.0
-1.26262987 -0.86667126 -1.48661101 50.0
1.23226106 -0.29270917 1.17332995 50.0
-1.13598669 1.08916795 1.43136561 50.0
-1.34147096 0.84690970 -0.76759398 50.0
1.35817301 -0.93335801 -0.13961187 50.0
1.33373642 -0.96792656 -0.81271017 50.0
-1.36937094 0.75999504 -0.24382640 50.0
-1.20720017 -0.63734233 -1.07637727 50.0
1.24957764 0.48217097 1.08405912 50.0
1.30045128 0.60175335 0.88479966 50.0
-1.18738627 1.32934105 0.91626722 50.0
-0.82133526 -0.04884352 2.05432796 50.0
1.28405845 -1.22236693 -0.53887904 50.0
1.04074049 0.56293482 -1.09298193 50.0
-1.37546086 -1.08729792 -0.01661237 50.0
0.72618455 -1.03644753 -1.13389301 50.0
-0.87300557 1.26505160 -1.05718815 50.0
0.38827372 1.45995831 -0.01107807 50.0
1.33122349 0.92956102 -0.47016022 50.0
-0.34697425 0.83777952 -1.15608931 50.0
1.35093558 -0.72847378 -0.21789706 50.0
0.55583292 -1.56022763 -0.96657807 50.0
-0.27970526 -1.58425546 -0.77190697 50.0
1.34728694 -1.08335948 0.61364728 50.0
-1.14733732 1.12772441 1.41098297 50.0
1.29018414 -1.22236693 -0.29923978 50.0
-1.13822103 -0.72260493 -1.31026781 50.0
-1.32412374 -0.03165817 0.27519590 50.0
-0.25633812 1.06937134 1.59372950 50.0
-1.22991526 0.30442610 -0.62991858 50.0
0.07185933 -0.10909412 -1.15102148 50.0
-1.27636147 1.27766085 0.70071107 50.0
0.29141164 1.50800800 0.66502583 50.0
-1.28269482 1.27554750 -0.15919207 50.0
-1.10341549 -0.81963831 0.91957009 50.0
-1.28203595 0.04720410 -0.98060584 50.0
1.30235565 -0.82949525 -1.20728183 50.0
-1.10188663 0.46612450 1.60478830 50.0
-0.56600034 1.45698464 0.88892651 50.0
-0.94001162 -1.36294472 -1.06065643 50.0
-1.36133075 0.92956102 -0.34411344 50.0
1.35572636 -0.89906931 -0.25353855 50.0
-1.31349432 0.04707654 0.27559468 50.0
1.32853997 -0.53422397 0.79903507 50.0
0.92984796 -0.39955848 1.60731947 50.0
0.53777981 -0.89522123 -1.13943827 50.0
-1.37618756 0.71823299 -0.16163105 50.0
-1.31661761 0.05088550 0.95449579 50.0
-0.47375098 1.46855390 0.81741601 50.0
-1.35044551 -0.31151307 0.25197750 50.0
-0.56601763 -0.26044300 1.90482414 50.0
-0.05670036 1.51146924 0.67047870 50.0
0.22304009 0.19356926 2.07952356 50.0
0.69094336 -0.32903105 1.78874803 50.0
-1.18136036 0.67361021 -1.11791420 50.0
0.23172107 0.98649907 1.65120482 50.0
1.25627041 0.38659641 -0.81163532 50.0
-0.92906803 1.25552440 1.40894997 50.0
0.82233816 1.01523781 1.59448850 50.0
-1.04966128 1.19024408 1.43516076 50.0
0.66979414 0.27393359 2.00702333 50.0
1.31326318 0.67688209 -0.95671380 50.0
0.24069647 -0.18305023 -1.13760281 50.0
0.80048221 1.44080925 -0.06184867 50.0
-1.12864780 -1.04428279 -1.38500464 50.0
-0.77821851 -0.75972015 0.96773565 50.0
-0.76661950 -0.79602611 0.93314630 50.0
0.35743374 -1.32830405 -1.09200954 50.0
0.86078227 1.41857290 -0.00960428 50.0
1.21589601 0.76194680 1.16472614 50.0
-0.58793473 1.13511920 -1.11657083 50.0
-1.40548992 0.54976767 0.27557734 50.0
-0.17393458 -1.58529818 -0.78547388 50.0
-1.33548462 1.00767875 -0.93724096 50.0
0.54866910 0.50246817 1.91962934 50.0
-0.92855060 0.82707304 -1.42489052 50.0
1.29682779 1.22932374 -0.15946008 50.0
0.39092356 0.89706248 1.68875480 50.0
1.00145435 -1.31538475 0.64812875 50.0
-1.35265481 1.00767875 -0.61428005 50.0
-0.34422687 1.50926101 0.45236105 50.0
-0.61486870 1.27897894 -1.06754351 50.0
1.02983212 -1.40686023 -1.03502214 50.0
0.88699460 0.26873466 1.96609783 50.0
0.56847030 -0.25280917 -1.10487616 50.0
0.75326681 -0.78705788 -1.13937700 50.0
-1.35045719 1.17526424 0.07231552 50.0
-1.32800102 0.44110036 -0.07316893 50.0
-1.03634214 -1.44001675 0.38335982 50.0
-0.18763575 1.46319008 -0.02103013 50.0
-1.34110916 -0.17831388 0.26714155 50.0
-0.86236089 -1.09069562 -1.15596116 50.0
0.38374454 1.32404852 -1.04547298 50.0
0.98140639 0.73008722 1.69573617 50.0
-1.15615571 -1.37276208 0.49989447 50.0
-1.13279498 0.67384911 1.44851530 50.0
-1.33883035 -0.31106073 -0.09483937 50.0
-0.69662762 -0.04871901 2.06424761 50.0
-0.52607906 1.34965670 -0.97251934 50.0
1.09515643 0.94004595 -1.61469603 50.0
0.54665017 0.92593110 -1.14295745 50.0
-1.17934358 0.52593267 1.37782073 50.0
1.30433071 -1.17347872 -0.53240341 50.0
1.28880477 -1.17190945 -0.86038166 50.0
0.04053311 1.47820175 0.82915860 50.0
0.50265050 -1.61126804 0.08149064 50.0
0.92782545 -0.75267088 -1.31225801 50.0
-0.08916252 1.23324502 1.48156846 50.0
-0.06219603 1.49182785 0.75650513 50.0
-1.05097687 0.04907552 -1.09498835 50.0
1.34128153 0.92956102 -0.07247274 50.0
0.32960156 1.37623763 -0.92523479 50.0
1.34235930 0.92956102 0.07208182 50.0
0.98086351 -0.19198407 1.83735847 50.0
0.60121381 -1.59343731 -0.03690184 50.0
0.79686826 1.43894470 0.27713710 50.0
-0.26215297 -0.65476942 1.20030880 50.0
1.07104051 0.33247083 1.61757576 50.0
-1.35774660 -0.62269378 0.76689875 50.0
-0.60311580 1.44226873 -0.47163644 50.0
-1.38242233 -0.89906931 -0.13550854 50.0
-1.32311809 0.04706927 0.62569380 50.0
-1.26730430 0.30592570 0.07182851 50.0
0.56643528 -0.10898603 -1.10550034 50.0
-0.08952944 -0.94267899 0.92346060 50.0
0.23168766 0.75956863 1.81335497 50.0
0.04069390 1.48489189 1.15946317 50.0
-1.36320722 -0.31166154 0.73008841 50.0
0.04755730 1.42789245 -0.71713436 50.0
0.35688904 -1.20865190 0.78706008 50.0
0.86937553 -0.31847137 -1.09363353 50.0
1.28903091 -0.54305863 -0.97093982 50.0
-1.34373045 -0.30798531 0.88959658 50.0
-0.86010212 0.62406909 1.84086955 50.0
-0.05375459 -1.64620352 -0.21548715 50.0
1.18592024 -0.54633081 -1.06753290 50.0
-0.93255687 -1.49579537 -0.81650639 50.0
-0.74711126 -1.56906545 -0.34011307 50.0
0.88393372 -1.08513641 -1.23517740 50.0
0.15623078 1.48671949 -0.07364647 50.0
-1.33834791 1.04642618 0.76976949 50.0
0.69880253 -0.40467677 1.64887631 50.0
0.09783157 0.73344964 -1.15115297 50.0
-0.06782326 1.48099601 -0.35009146 50.0
-1.32048786 -1.21867299 0.51582241 50.0
-0.99439836 -0.80850124 -1.53325868 50.0
0.37769014 0.11186385 2.08614230 50.0
0.33159602 1.05357599 -1.13429654 50.0
-1.14457059 -0.64026546 1.06316435 50.0
0.93447524 0.57651114 1.83294725 50.0
-0.25082573 -0.12251163 2.07219028 50.0
-1.28988004 1.05021095 1.05510056 50.0
-1.12864780 -1.04428279 -1.38500464 50.0
0.76194984 -1.37445354 -1.06065643 50.0
-0.54214817 -1.06421411 0.87936503 50.0
1.30604625 -1.15432405 0.69064593 50.0
-0.37915245 -1.27374041 0.72808188 50.0
-0.26988772 0.47859302 -1.13770390 50.0
-0.91943753 -0.86106068 0.91451234 50.0
0.14639893 1.47741461 0.82629174 50.0
-1.12699068 -0.74920398 0.94776452 50.0
-0.25639060 0.80913037 1.77496886 50.0
-1.12699068 -0.74920398 0.94776452 50.0
1.23869312 0.12524819 -0.81163663 50.0
0.54989636 -0.40591598 1.65607238 50.0
1.35775065 -1.00412440 -0.26578838 50.0
1.30132377 -0.10360251 0.93974811 50.0
1.16206956 1.32934105 0.91626722 50.0
1.34566474 -0.79435438 -0.44279712 50.0
1.29383337 -0.37850660 -0.80835497 50.0
-1.12367499 -0.78495800 0.92866611 50.0
1.30922914 -0.17820174 0.05910669 50.0
0.56826270 -0.39065522 -1.10340023 50.0
1.20674109 0.20711054 -0.62991107 50.0
-1.33359981 0.96884888 0.79139942 50.0
1.34564245 1.00767875 0.07214719 50.0
-0.35043907 0.92661452 -1.16055942 50.0
1.25540364 -0.10720953 -0.62894028 50.0
0.80048221 1.44080925 -0.06184867 50.0
-1.26262987 -0.86667126 -1.48661101 50.0
1.34223723 1.08493519 0.41825444 50.0
1.04755831 0.84602547 1.56730759 50.0
-0.34898096 0.88285893 -1.16062558 50.0
0.55395776 1.01004076 -1.12262905 50.0
-1.03270400 -0.71458900 -1.21989846 50.0
1.34128153 0.92956102 -0.07247274 50.0
-0.50459033 0.63280767 -1.11740100 50.0
-1.36650240 -0.72863263 -0.51092267 50.0
1.31864905 0.80353445 -0.76864547 50.0
0.33843735 -0.74096644 -1.14199245 50.0
0.87077934 -1.12781799 -1.10752332 50.0
1.17135704 -1.39744830 -0.41836870 50.0
0.81489158 0.44075826 1.92273962 50.0
-1.37914860 -0.96792656 -0.40318272 50.0
1.36303604 0.50870305 -0.62925375 50.0
1.33222938 1.04642618 -0.46844816 50.0
-1.37363982 0.75999582 0.27600846 50.0
0.54989427 -1.57418752 -0.66501045 50.0
1.23869312 0.12524819 -0.81163663 50.0
-0.37915245 -1.27374041 0.72808188 50.0
-1.02677131 -1.31538475 0.64812875 50.0
0.24485038 0.50193298 -1.13739717 50.0
1.34985054 0.46143425 -0.24476969 50.0
0.81936318 0.79844314 1.73745382 50.0
0.13777314 -1.62366760 -0.36830688 50.0
1.35473359 -0.86449516 -0.13072371 50.0
-1.38063478 -1.04408526 -0.27392313 50.0
-1.40535355 0.54949582 0.47239819 50.0
0.72843379 -1.09416509 -1.11001623 50.0
0.77660173 -1.54150164 -0.13232726 50.0
-1.02778780 0.67454982 -1.12252808 50.0
-1.03455281 1.07107437 1.51747870 50.0
0.82526994 1.43590069 0.55139852 50.0
1.34259343 -0.62569231 -0.11615648 50.0
1.28903091 -0.54305863 -0.97093982 50.0
0.79328144 0.02883347 2.06342626 50.0
-0.67157948 1.44821799 0.81611025 50.0
0.06698860 -0.12254006 2.08524251 50.0
0.74888825 1.17113328 -1.09269345 50.0
1.30639768 -0.89906931 -1.21456373 50.0
0.97553813 -1.43513751 0.43538454 50.0
1.33669746 -0.76013166 -0.65664494 50.0
0.88985837 -0.72294927 -1.13841963 50.0
0.64515114 -1.58166325 -0.26868626 50.0
0.96831173 0.94899100 -1.60160422 50.0
1.06441844 0.97219503 1.49520326 50.0
0.92782545 -0.75267088 -1.31225801 50.0
-0.72911125 0.62856263 1.85050035 50.0
-1.19204533 0.47501028 1.34587467 50.0
-1.30494595 -0.37936312 -0.97796392 50.0
-1.25677431 0.39219889 -0.62990826 50.0
1.29477453 0.44098505 -0.34686196 50.0
1.34897053 0.45981950 0.63381970 50.0
-1.21503592 -1.08345520 0.84345847 50.0
-1.35151219 0.80353445 -0.61828500 50.0
0.52928287 -0.04864798 2.07284188 50.0
1.25911367 -1.28097582 -0.54734391 50.0
0.26050752 1.48366261 0.27461278 50.0
0.87596029 0.38447049 -1.09498632 50.0
0.56869793 -0.74050403 -1.12459016 50.0
1.27252603 -0.24561095 -0.62682372 50.0
-1.35154438 -1.00387847 -0.95986873 50.0
-1.31915009 -0.37850660 -0.80835497 50.0
0.06740026 1.32573342 -1.07458532 50.0
-0.40429151 -0.04862035 2.08796763 50.0
0.63369060 -1.32189357 -1.06894684 50.0
-0.41623804 0.80852747 1.76099062 50.0
1.35004389 0.67077541 -0.47303948 50.0
1.27655101 -0.31214082 -0.97870862 50.0
0.14639893 1.47741461 0.82629174 50.0
1.29697931 0.88903952 0.84337902 50.0
-0.72984892 0.58646154 1.87369227 50.0
0.87319803 -1.09902084 0.85175532 50.0
0.63291228 1.33556521 1.36392641 50.0
0.06208655 -1.32982945 -1.12201238 50.0
0.22932449 0.44703370 1.97031331 50.0
-0.43261051 -0.25307274 -1.11984384 50.0
-0.75167054 0.71090519 -1.10750616 50.0
0.75599718 1.10145104 -1.12818694 50.0
-1.05689991 1.38774002 0.08945968 50.0
-1.00645256 0.77806586 -1.46285415 50.0
-1.32002723 -0.02794221 0.94849867 50.0
1.35755670 -0.89906931 0.32650810 50.0
-1.25403905 -0.22696173 1.21257043 50.0
0.46437404 1.47125363 -0.32266527 50.0
-0.06083129 1.51296937 0.45169130 50.0
-1.07217431 -1.08993840 0.85175532 50.0
0.22304009 0.19356926 2.07952356 50.0
0.31066814 -0.64635873 -1.13146925 50.0
0.54581732 0.89568770 1.67737412 50.0
-1.27611184 0.29669380 -0.98062301 50.0
-1.37219977 -0.86449516 -0.47475463 50.0
-0.74968594 1.42859447 1.24919307 50.0
-1.14478397 -0.71051335 -1.22923052 50.0
-1.23755896 0.20747235 -0.47448826 50.0
-0.90925044 -1.08513641 -1.23517740 50.0
-0.88640934 1.42940104 0.43709531 50.0
-1.28522992 -1.26400113 0.58692855 50.0
0.86564910 -0.03085485 -1.09496367 50.0
-0.21614298 -1.64428329 -0.20250811 50.0
0.68323189 -1.15018427 0.82285917 50.0
1.31452262 1.08493519 0.76415348 50.0
-0.81694543 1.22169983 -1.07344747 50.0
-0.88595057 1.00461221 -1.25627506 50.0
-1.22880459 1.31319666 -0.06648673 50.0
0.53703552 -0.19231282 1.98480403 50.0
0.77951318 -1.50704336 0.32926020 50.0
0.21720792 -0.94222242 0.91982925 50.0
-0.35843095 1.09621227 -1.13563609 50.0
1.13078630 1.16882372 1.38421237 50.0
-1.27636147 1.27766085 0.70071107 50.0
-1.37760329 -0.89521104 0.68190879 50.0
0.83462954 -0.89101350 -1.28060019 50.0
-0.93737614 1.03970778 -1.40360284 50.0
0.68572098 -0.25973734 1.89713395 50.0
0.41140968 1.50353789 0.45248654 50.0
-0.93777823 0.87755561 1.66929102 50.0
-1.32767236 -0.82949525 -1.20728183 50.0
-1.12699068 -0.74920398 0.94776452 50.0
0.77198398 -0.72535998 -1.11459112 50.0
-0.79928243 -1.55261230 -0.48875022 50.0
-0.55986512 0.75718391 -1.12533772 50.0
1.18188334 -0.63734233 -1.07637727 50.0
-0.57172602 -1.59345436 -0.41629431 50.0
1.29905224 1.17336988 -0.77682757 50.0
-0.97574860 1.40848374 0.27242550 50.0
-1.19313204 -1.40191495 0.21697205 50.0
-1.02036476 0.66688079 1.71396017 50.0
-1.37472785 0.71823299 -0.24401140 50.0
0.92849571 1.12449682 1.50403905 50.0
-0.39452380 -0.90571421 0.91769034 50.0
-1.32852376 -0.17786095 -0.08633855 50.0
-1.37614846 -0.82949525 -0.23671111 50.0
0.06938787 -0.40680754 1.69027472 50.0
0.80788976 1.30796731 -1.02107286 50.0
-1.37976348 -0.62631369 0.62479722 50.0
-1.36067927 0.46011227 -0.81146777 50.0
-0.41553283 -0.33036554 1.80835474 50.0
1.35528660 -0.86449516 0.33019665 50.0
-1.33796656 -1.17347872 -0.18480437 50.0
0.74720913 1.35991156 -0.90246189 50.0
1.35257649 -0.79435438 -0.07752852 50.0
-1.36382174 -1.04388511 -0.70717853 50.0
-0.81694543 1.22169983 -1.07344747 50.0
1.35225880 -0.79435438 0.53151661 50.0
-1.05606937 -0.24933235 -1.09424543 50.0
1.23773801 0.12567233 -0.34688124 50.0
-0.29984024 -1.64538133 -0.00421315 50.0
-0.26013196 0.56007940 1.92712963 50.0
-0.35485220 1.01030505 -1.13994384 50.0
0.10166181 1.17326868 -1.13102758 50.0
-0.28582439 1.48366261 0.27461278 50.0
-1.32776093 -0.10712314 0.06635828 50.0
-0.58731931 -0.58662617 1.31173015 50.0
-1.36767602 0.92956102 0.07208182 50.0
1.27849603 0.20945933 0.97375143 50.0
-1.40455079 0.50858819 -0.16206250 50.0
0.65534633 1.46324790 -0.16187587 50.0
0.90691155 0.67909718 -1.11258268 50.0
1.30369473 -0.45165458 -0.47314095 50.0
-0.75116581 0.38740841 -1.09711373 50.0
0.91032326 -1.49977529 -0.73482388 50.0
0.31066814 -0.64635873 -1.13146925 50.0
-0.25639179 0.89772624 1.70194733 50.0
1.34107113 -0.79435438 -0.54922676 50.0
-0.78131402 1.10145104 -1.12818694 50.0
1.33838284 0.88901103 -0.16106331 50.0
1.29754961 -0.17755339 -0.17244111 50.0
0.12053557 -1.63749158 -0.29838130 50.0
-0.58793473 1.13511920 -1.11657083 50.0
0.72456419 -1.00131142 -1.14543045 50.0
0.81992251 0.88595945 1.66929102 50.0
-0.56933570 1.46521842 1.13480818 50.0
-1.21186328 -0.31387088 -1.07220006 50.0
-1.34772742 0.50714868 0.84601021 50.0
0.81798202 1.13509560 1.50403905 50.0
0.73875338 0.92451519 -1.16060495 50.0
1.25976300 1.27554750 0.07243155 50.0
1.36005199 0.67077541 -0.07293981 50.0
1.24894381 0.12608550 -0.24480337 50.0
-0.43781623 0.44613439 -1.12050176 50.0
0.73236245 -0.46519172 -1.09368634 50.0
0.03935689 1.48196697 1.01460230 50.0
-0.77094167 -1.54111731 0.21058826 50.0
-0.26627824 -0.25319999 -1.13719440 50.0
1.35681069 -0.93335801 -0.25623083 50.0
0.07004623 -0.49605075 1.51644218 50.0
1.17979789 0.29595858 -1.07367527 50.0
-1.27448046 -0.03166223 -0.47431174 50.0
-0.58268666 1.05518925 -1.11730385 50.0
0.52326250 -0.94037730 0.91092837 50.0
-1.12891889 0.81269479 -1.54967952 50.0
-1.21836686 1.31298399 -0.46424317 50.0
-1.27549744 0.46073639 1.06650937 50.0
1.35225880 -0.79435438 0.53151661 50.0
-1.31915569 -0.03154515 0.07073452 50.0
1.34319782 1.00767875 -0.16058838 50.0
-0.05562228 1.52097702 0.57478136 50.0
0.69368899 1.02227116 1.59600377 50.0
1.33854425 1.12598193 0.41474926 50.0
0.34002525 -0.72675037 -1.13885808 50.0
1.33789039 -0.31166154 0.73008841 50.0
1.32514024 1.17526424 0.07231552 50.0
0.88113409 -0.88600588 -1.47637510 50.0
-1.35332680 -0.81074792 0.83607060 50.0
-0.75733179 0.49864411 -1.09656930 50.0
1.23130620 -1.34022021 -0.31571749 50.0
1.26456308 1.05021095 1.05510056 50.0
-0.06219603 1.49182785 0.75650513 50.0
1.23738444 -1.33796680 0.40005618 50.0
0.24489124 1.48009312 1.00448060 50.0
1.05782390 -0.88878220 0.91059792 50.0
1.13359308 1.33185911 -0.82835358 50.0
1.31423235 0.54671603 0.86356491 50.0
1.35014677 -0.62611109 0.22483650 50.0
-0.05670036 1.51146924 0.67047870 50.0
1.36441112 0.47982678 -0.47431502 50.0
-1.35997868 -0.31154576 0.60621035 50.0
-1.34500086 1.00767875 -0.76320887 50.0
-0.24930795 -0.83567148 0.93171567 50.0
1.35710537 -0.89906931 -0.13550854 50.0
-1.33232796 1.17526424 0.73835588 50.0
1.27050889 1.08871818 1.04925895 50.0
0.60350716 1.36889112 -0.90462583 50.0
0.88320792 -0.96874112 0.90436447 50.0
1.23421979 1.01061785 -1.41626692 50.0
-0.28582439 1.48366261 0.27461278 50.0
-0.06584997 1.47820175 0.82915860 50.0
-1.36503077 0.88901103 -0.07255805 50.0
0.56377679 0.21529581 -1.10562813 50.0
0.70379436 0.62856263 1.85050035 50.0
1.31326318 0.67688209 -0.95671380 50.0
-1.28299999 0.12618002 -0.16216415 50.0
0.25438839 -1.58425546 -0.77190697 50.0
0.81389821 -1.47572839 -1.03226912 50.0
1.22493684 -1.24611926 0.67277813 50.0
1.24922574 -0.76247174 -1.37805617 50.0
-1.38395488 -0.93335605 0.31959972 50.0
-1.28631461 -0.03171586 -0.98053968 50.0
1.13359308 1.33185911 -0.82835358 50.0
-1.35045719 1.17526424 0.07231552 50.0
0.77033490 1.26728773 1.40894997 50.0
0.23107375 0.80913037 1.77496886 50.0
-0.40722385 0.36472878 1.99007559 50.0
-1.31283176 -0.03120428 -0.07434659 50.0
-0.47612637 -1.61827683 -0.27776957 50.0
-0.92470413 -0.81397086 -1.42067099 50.0
0.31977180 -1.03849590 -1.14210749 50.0
-1.37063384 -0.69029540 -0.20948546 50.0
-0.47401854 1.47512519 1.13674963 50.0
-0.94456780 1.16365767 1.47642088 50.0
1.35382426 -0.76011336 -0.16090773 50.0
-0.88640934 1.42940104 0.43709531 50.0
-1.31283855 0.12933476 0.96191537 50.0
-1.36350894 -0.89906931 -0.69042009 50.0
0.51152921 1.22982073 1.45341754 50.0
-0.08731332 1.34444880 1.39444482 50.0
0.04393797 1.46113205 -0.50550789 50.0
0.07215615 -0.25329670 -1.15037930 50.0
1.30061209 0.43603218 -0.81157142 50.0
1.35722852 0.46064523 0.46988696 50.0
-1.05606937 -0.24933235 -1.09424543 50.0
1.35100412 -1.08729076 0.27830756 50.0
1.23024988 0.97167170 -1.45631039 50.0
1.23966229 -1.34086955 0.17478073 50.0
0.49334723 1.45435464 -0.00845899 50.0
0.37810627 0.27568185 2.02988911 50.0
1.30701125 1.17526424 0.73835588 50.0
-0.79258221 -1.55865943 -0.41258582 50.0
0.83993340 1.41587341 -0.47139639 50.0
0.66815495 -1.51953912 0.32961419 50.0
0.86937553 -0.31847137 -1.09363353 50.0
-1.22009468 1.06534982 1.29332066 50.0
-0.24142732 1.23256576 1.47341156 50.0
1.27981865 -0.17802292 -0.34773564 50.0
0.74037224 -0.82130015 -1.14996982 50.0
-1.25710070 0.30093029 -0.81164998 50.0
-0.08925887 -0.98032707 0.91969460 50.0
0.56847030 -0.25280917 -1.10487616 50.0
-0.06601076 1.48489189 1.15946317 50.0
0.03138349 1.51146924 0.67047870 50.0
1.32101762 -0.10733051 0.75801420 50.0
1.24171233 0.76332313 -1.37565958 50.0
-0.25985482 -0.76373476 0.98745900 50.0
-0.29238442 -1.64698064 -0.05378713 50.0
0.83536994 -1.10912693 -1.12174964 50.0
-1.37812161 -0.82949525 0.33996895 50.0
-1.38537502 -0.69083941 0.48698568 50.0
0.32006863 -1.50441539 -1.05693543 50.0
1.12400615 1.15098929 -1.10556316 50.0
0.54572874 0.85055989 1.71193337 50.0
0.56489724 -0.76040560 -1.12594056 50.0
-1.29820740 -1.28115582 0.20598780 50.0
0.10166181 1.17326868 -1.13102758 50.0
0.31891000 1.50926101 0.45236105 50.0
-0.81866008 0.10979432 2.05253196 50.0
-0.55459970 -0.04864798 2.07284188 50.0
1.00015962 -1.47322738 0.12209869 50.0
1.35216630 -0.76009440 -0.24338940 50.0
1.35872638 0.67077541 -0.16174546 50.0
1.34465683 0.80353630 0.27562377 50.0
1.21527588 0.30603969 -0.34688517 50.0
1.22257721 1.25024009 1.19089150 50.0
0.90691155 0.67909718 -1.11258268 50.0
-0.78500944 1.13634050 -1.12006724 50.0
-1.33868814 -0.54108721 -0.80519694 50.0
0.66768456 1.45515764 0.27783787 50.0
-1.28871369 -1.28100991 -0.38218117 50.0
-1.14597154 0.61460686 1.42918682 50.0
0.04693713 -1.55511189 -1.06268978 50.0
-1.36638820 -0.79435438 -0.54922676 50.0
0.84749961 -1.32647085 0.64812875 50.0
1.13766968 1.35118842 0.08089185 50.0
0.06248449 -1.15703344 0.83478868 50.0
-1.36843443 -1.08729792 -0.42942256 50.0
-0.71610570 1.10290027 1.53451002 50.0
0.56316882 -0.70356852 -1.11652720 50.0
0.56471050 1.46642208 0.27783787 50.0
-1.29698193 -0.17870387 -0.97981244 50.0
-1.33489108 0.96883869 -0.94100291 50.0
-0.36492327 -1.63855183 -0.10767233 50.0
-1.21488523 1.30725729 -0.75318152 50.0
0.51956707 1.41848409 -0.67751688 50.0
0.10246604 1.05235028 -1.14720941 50.0
0.19082612 -1.64428329 -0.20250811 50.0
1.34824455 -0.53764504 0.41230276 50.0
0.18643954 -1.47372007 0.44774717 50.0
-1.35985470 0.67215055 -0.78474170 50.0
-1.26549375 -1.34097636 0.28233048 50.0
-1.30233693 -0.17829634 -0.81018126 50.0
1.28837204 -1.22236693 -0.37647381 50.0
-1.27107406 0.20619015 -0.98060930 50.0
1.36860716 0.54985827 -0.47386658 50.0
1.06233120 -0.85407436 0.91451234 50.0
0.57249594 0.38908485 -1.10562217 50.0
1.07023215 -1.36998141 0.54491997 50.0
-1.06605721 0.56293482 -1.09298193 50.0
1.22521067 0.85073471 1.12577593 50.0
-1.30643499 -0.31138837 -0.47138444 50.0
-0.47401854 1.47512519 1.13674963 50.0
-1.35680711 1.12598193 -0.34216002 50.0
0.04107155 -1.61308181 -0.44818678 50.0
-0.52479160 -1.32650888 -1.07730305 50.0
-0.40300700 0.11186385 2.08614230 50.0
-0.56062937 -1.60455346 -0.27776957 50.0
-1.30092800 1.17904389 1.00832117 50.0
1.34352887 -0.75636381 0.73083234 50.0
-0.34608471 -1.09672701 -1.12819135 50.0
-1.30337775 -0.31133333 -0.62634867 50.0
0.35698837 1.34274137 1.37718987 50.0
-1.33756042 -0.53804052 -0.63247913 50.0
0.38827372 1.45995831 -0.01107807 50.0
-1.31196499 1.22974646 0.72197789 50.0
-1.37914121 -0.76011336 -0.16090773 50.0
-0.06623210 -1.58094943 -0.95186687 50.0
1.23731315 -0.86667126 -1.48661101 50.0
0.72179443 -1.56906545 -0.34011307 50.0
-0.08178215 1.37798548 -0.95204580 50.0
0.04382103 1.48753130 -0.07813679 50.0
0.71806800 1.18900061 -1.08491766 50.0
1.34704113 -0.82574576 0.69678819 50.0
-0.57623339 -1.58104634 -0.57388318 50.0
1.25692797 0.30431163 0.62772554 50.0
