-1.14706695 0.80830079 1.35745430
0.06600823 -1.32184100 -1.06498992
0.31589180 1.19739640 -1.17842364
0.95354003 -0.70787358 -1.19793713
-0.79988450 1.19739640 -1.18342876
1.16620088 1.06832564 1.29380167
-0.23094311 1.22732365 1.47170913
-1.11634815 0.38075706 0.99725008
0.91350907 1.27351820 1.35610139
-0.99289012 1.42351949 -0.85948390
-1.16986835 -1.29396105 0.21197605
1.38072419 -1.02757549 -0.99315184
-0.40321067 1.47522640 0.40002376
-1.42521286 1.01107669 -0.02550382
-0.62816966 -0.00260630 -1.18661094
-0.37286055 -1.23213673 0.94594991
-0.07550748 -1.23213673 0.94594991
0.78806174 -0.84367943 -1.24033856
0.84343159 -0.42792207 1.65599906
0.92958891 -1.19523168 0.89914042
-0.78754389 -1.23215079 0.90906805
0.39607587 1.36436856 -1.06563497
1.41503179 0.83248496 -0.96168417
-1.43850279 0.16332369 0.72969258
-1.42029512 0.42532176 -0.65619308
-1.05746961 1.13309669 -1.46276438
0.58760518 -0.58758694 1.80921495
-1.10008335 1.37537861 1.10078299
-1.41792560 -0.91756576 -0.65794986
-0.23973118 0.48280728 -0.02361020
-0.07996663 1.44561839 -0.90751600
0.39271849 -0.96586657 1.20278454
-0.92942905 0.79884553 0.52804208
0.07204617 -1.21442854 -1.15264750
1.24135673 0.61204827 -1.11687744
-1.39679658 1.25787914 -0.02440553
-0.39934015 1.18198168 1.50089109
1.29167867 -1.14695573 0.69564140
0.21762581 1.51813030 -0.55062544
-0.08362337 0.73237485 0.11640747
0.38893637 1.49722242 0.15425403
-1.32632732 -1.16733742 -0.29286841
-0.70189536 -1.46812809 0.03064517
1.41312683 -0.69609106 -0.64382452
1.04740429 0.92133456 1.45400262
1.41952169 0.16332369 -0.65619415
1.40005171 -0.31933218 -0.65469611
-1.32720506 -1.16733742 0.40295479
-1.43417346 -0.73485494 -0.32618910
-1.42594326 0.42467052 0.72882414
-0.63809419 -1.48241651 0.13917132
0.97115952 -0.91703856 -1.50347817
-0.94838023 -1.39112782 0.17546730
-1.42466927 -0.51854324 -0.05630724
1.15448558 -1.08559883 -1.35063779
-0.99409789 0.96832049 -1.51327896
-0.23922896 0.93901199 1.80969214
-1.42400396 0.61214918 -0.28667617
-0.51924175 1.26727188 -1.14711261
-1.17889750 1.40384746 -0.76648432
0.38828829 1.50886691 -0.07211274
0.70962030 1.27380109 1.40764475
-0.08166984 1.06583250 1.59814644
-0.79286337 -1.41351652 0.40313885
-1.24468839 -0.46266714 -1.11578476
-0.55983514 1.37174177 1.30818033
-0.11450170 -0.74371350 -1.19993436
-0.24117257 0.79884553 0.52805525
0.69965214 -1.44393146 0.40724054
-1.25270271 -0.15946773 -1.11931908
-1.20598209 1.23128414 -1.15273845
1.31240332 1.13386929 -1.48083675
1.34096694 0.34170270 1.16246879
-1.36476958 -0.51484126 1.02193189
1.39530396 -0.56403989 0.84419155
-1.37145495 0.67187351 1.11633837
0.72099394 1.13867795 1.49870789
0.21553497 -1.35137618 -1.00452483
-1.26142108 -0.45524898 1.24063611
-1.26571178 0.08055543 -1.11980569
-1.42349684 -0.51854324 0.74480700
0.92274231 -0.43407789 1.55708241
0.70962030 1.27380109 1.40764475
-1.40895271 -0.69887632 -0.98266023
0.09756538 -0.95319271 -1.21261382
-1.33043504 -1.16733742 0.03108690
-0.07996663 1.44561839 -0.90751600
-1.07910240 1.08657765 1.38573611
-1.41668606 1.17490375 0.72366273
0.91755801 -0.95319271 -1.33128190
1.22745478 0.01091084 1.11140704
1.39737475 1.17490375 -0.58319211
0.89436448 -1.21442854 -1.08129430
1.38876736 -0.15946773 1.07499468
-1.07737088 1.12552607 1.37113762
1.24129176 0.42532176 -1.11980355
1.03354716 -1.00813448 1.07580531
-0.97556549 0.88983208 1.49967444
-1.06506968 0.47964811 0.67094588
-1.11136627 -1.30032742 0.50031960
0.22015592 -1.00801361 1.17566848
0.99359685 -1.35050023 -0.90080643
1.41602182 0.73838192 -0.27964130
-0.22959997 1.27380109 1.43024433
-1.07128930 -0.80662674 -1.55243063
0.31473750 -1.02536428 -1.19850028
1.25959074 1.22011948 1.05843377
1.11034465 1.40959787 0.43216923
1.19925284 -1.25300217 0.46452194
-1.15457654 0.85233009 1.39086962
0.56143737 1.50481296 -0.55470365
0.73195750 -1.00801361 1.15870607
0.58450967 -0.78938991 1.28875732
1.41964316 -0.77349192 -0.32460305
1.40322959 1.09344590 0.74200004
-0.88568693 1.47716594 -0.30809128
0.53984946 1.44504893 1.09589887
0.65251428 -1.40794230 0.61956519
1.40317762 -0.95319271 0.51798368
1.37687159 0.51864493 1.10378599
-1.07910240 1.08657765 1.38573611
0.53588611 1.47112823 0.93033475
-0.57406086 0.72675610 -1.18930662
-1.22346485 1.38912106 0.48125708
-0.70207572 -1.15239239 1.02633584
0.09952803 -0.77181321 -1.20491946
0.10009632 -0.74371350 -1.19993436
1.08992577 -0.60429633 -1.10415256
0.90367264 -0.85671568 1.20267260
-1.33042574 0.52169633 1.17999434
-1.16553736 -0.71516335 1.36054265
-0.73699093 1.48580825 -0.67290604
0.22202893 0.14184806 -0.02276645
0.84491175 1.13867795 1.46725202
-1.42567623 -0.46266714 0.17630771
-0.86168033 -0.43136561 1.96132362
-1.03267539 0.72680813 -1.13981485
0.62179428 -1.48400080 0.04156459
-0.11226246 1.16848826 -1.18718672
-1.11739361 -0.43213129 1.29834604
-0.40855575 0.30816242 -0.02255514
0.21519460 1.27380109 1.43024433
1.23982882 0.52104282 -1.11953020
0.39232859 0.03843896 -0.01995469
-0.98879689 -0.88058347 -1.50488496
-1.34138441 1.21184897 -1.18980229
-0.25176597 -0.31933218 -1.19211066
1.40228069 1.17490375 0.72366273
0.79478616 0.63038027 -0.02705589
0.55545813 1.01107669 -1.21030438
-0.59534150 -0.12237110 -0.00780971
0.88245785 -1.35094666 -0.93201262
0.83024937 1.32246006 1.33067441
-0.39183587 1.32274294 1.37927270
1.40305877 -0.98964196 -0.21600030
0.39461383 -0.92769098 1.22379851
-1.20486283 -0.97047639 1.02507889
-0.83479804 0.61190003 -1.15596700
0.97969246 0.96832049 -1.51327896
1.24129176 0.42532176 -1.11980355
1.19082248 1.39683521 0.80840915
-0.98879689 -0.88058347 -1.50488496
1.04285419 -1.34895515 0.26168504
1.09799314 0.08055543 -1.11163878
1.24003041 1.36396468 -0.57796299
0.93620533 0.87819368 -1.32000291
0.39415038 0.30816242 -0.02255514
-1.07910240 1.08657765 1.38573611
-0.98145247 1.43590319 0.76858437
1.41430295 1.09344423 0.21109948
-0.11521497 0.79861885 -1.19990408
1.40224528 1.09344423 -0.58527857
0.92553753 -1.38755190 0.28726456
0.51527280 -1.40092170 -0.92770487
1.37950981 0.48349652 1.10432565
-1.42916393 -0.56406903 0.39486775
0.31589180 1.19739640 -1.17842364
-0.62146956 -1.45588851 0.50768298
1.20232809 -0.77161562 -1.53638983
0.56601381 1.10054719 1.54801488
0.98780590 1.13622510 1.41528761
1.40405202 0.57083917 0.95541483
-0.96836859 1.44196594 0.80764180
0.42005911 0.54415286 -1.19309711
-1.04632699 0.67097175 0.29241481
-1.42573404 -0.31933218 0.43508971
-0.84115100 0.93901199 1.67226195
-0.16139758 -1.49214303 0.36342964
-1.13746774 1.35026252 -0.99349290
1.05884993 1.43243277 -0.73608088
-1.01086485 -0.58758694 1.67786574
-0.33088925 -1.10570133 -1.17443705
-0.08394466 -0.46080756 2.10987353
-1.35328436 -0.08505750 1.12777388
-1.31461847 -0.67436177 1.13946366
-1.37124527 -1.11695111 0.43158150
0.06955311 -0.58758694 1.81544030
1.11040378 -0.44607329 1.47918010
-0.77605838 -1.44377148 -0.77204859
-1.21883845 1.38596559 0.87879246
1.38770926 1.21553695 -0.59288448
-1.00906444 -0.43920255 1.43155992
-0.32522798 1.23561549 -1.16335249
-0.59688413 0.30816242 -0.02367773
0.22676720 0.79884553 0.52805525
-1.42712724 1.01107669 0.21101543
-1.33335340 1.01107669 -1.63315940
1.23118317 0.35755849 1.14276087
-0.59023803 -0.92769098 1.22019303
-0.70452207 -0.56406903 -1.17986965
-1.42973971 0.33916986 0.46417391
-1.24801779 -0.23858924 -1.11883903
1.03609800 -0.12020498 0.68040437
-0.73873329 1.10054719 1.52775884
0.40131992 -0.42327043 1.76237154
0.06352500 1.41285658 1.22345734
-0.59023803 -0.92769098 1.22019303
0.06937752 0.57807875 -0.02413430
1.24135673 0.61204827 -1.11687744
-0.74870193 1.45733249 0.48034784
-0.95733422 -0.74371350 -1.25995827
-0.74870193 1.45733249 0.48034784
-1.35703135 -1.11328065 -0.99892777
-0.62805969 0.48599443 -1.18652785
1.40352035 -0.91756576 -0.65794986
0.06903031 0.54287499 -0.02396047
0.55421370 -0.91703856 -1.21411169
1.28486419 -0.62845916 1.17254305
1.39423323 -0.91727817 -0.99713784
-1.36713016 -0.55993783 0.99864990
-1.43074203 -0.77260470 -0.62442362
0.58093613 -0.12237110 -0.00780971
1.37887561 0.67754298 -0.98434359
-1.32803547 1.09344423 -1.54906511
-1.10331619 0.56047702 1.00517201
1.04175615 1.30229068 1.24571466
0.55469483 1.05249107 -1.19590604
0.76473182 -0.41873714 0.51171690
1.21154606 -1.17038107 0.76578170
-0.74431825 -1.44494784 -0.81612837
0.48039243 -1.50337052 -0.73008060
0.31644490 0.96832049 -1.21966660
0.79345381 0.52104282 -1.15795112
0.30567122 -1.12986302 -1.16725099
0.70628828 1.32274294 1.35780180
-1.42016399 -0.39591911 -0.29558203
0.99966401 -0.74366236 -1.33743739
0.51948673 -1.23213673 0.94357502
-0.22584684 1.37143075 1.31408751
-1.11247385 1.38490975 -0.92977172
1.24678242 -0.72996950 1.25135660
-1.20052874 0.96832049 -1.70650709
0.58217961 -0.82245785 1.25898230
-1.42918229 -0.64973772 -0.32357925
-0.46353146 -0.51854324 -1.18815589
0.93120247 -0.80662674 -1.31528282
0.37483999 -1.50536633 0.02341800
1.35321867 -0.39591911 -0.99522698
-1.11239851 0.08055543 -1.11163878
-0.80675739 -0.80662674 -1.23322225
-0.63619965 -1.48400080 0.04156459
-0.58196896 1.46647608 0.48162869
1.41516995 0.33891532 0.72910577
0.31482545 -0.91703856 -1.21411169
0.97382838 -0.56406903 -1.11402047
-1.43139005 0.78835726 -0.27638382
-0.06528316 -1.46657979 -0.87057996
-0.54983485 1.47874355 0.82115930
0.98539811 0.92392868 -1.49604547
1.10142148 -1.31629539 0.38384777
1.38301337 -1.06994390 0.45501676
1.32589769 -0.75370896 1.06586909
-1.03626823 0.73237485 0.38885608
0.81184697 0.77288133 -1.19895792
0.32198086 -0.68643391 -1.18764377
0.90610987 -0.67287862 1.53457940
1.26939750 1.20292342 -1.30353355
1.36667931 -0.70790684 -1.22523701
1.18424404 1.39308536 0.72016215
-0.57047808 1.19739640 -1.17842364
-0.24024190 -0.43391857 1.18074691
-0.82158333 0.79861885 -1.21040928
1.41499841 -0.81189829 -0.62439644
1.40042830 -0.39591911 -0.65412354
1.36348748 0.42532176 -0.99862999
-1.42598999 -0.91780537 0.15381138
-1.42524767 0.54415286 0.21070282
-0.23203118 1.51813030 -0.55062544
0.65251428 -1.40794230 0.61956519
-1.43867683 0.16332369 0.46432066
-0.06243024 -1.45669866 0.52254361
-1.12709546 -0.63675314 1.51223886
-1.11289287 -0.37508336 1.04579437
1.41874206 0.87819368 0.21089780
0.07803941 -0.51854324 -1.18815589
-1.32124579 1.30264068 0.82078302
-1.17299485 1.19816446 -1.31485975
1.33887899 -0.08505750 1.12777388
0.74426210 -0.92769098 1.20577013
-0.25246316 0.52104282 -1.19344914
-1.43963110 -0.69536984 0.53117055
1.41633677 -0.77260470 -0.62442362
-0.05909216 -1.47966361 0.44310701
0.90610987 -0.67287862 1.53457940
0.06522372 1.27380109 1.43024433
-0.61018312 0.60169870 -0.02548341
-0.08117335 1.46242535 0.57515675
0.57088506 -1.25775647 -1.12335646
-1.42989242 0.24712773 0.95197177
1.34852493 -0.46118352 1.05044305
0.58611178 -0.75234228 1.36409497
-1.39679658 1.25787914 -0.02440553
-0.77681446 -1.12986302 -1.16299808
-1.00200009 1.45292687 -0.05016861
-1.26437008 -0.00260630 -1.11976898
-1.34514093 0.42630914 1.17581344
0.24947709 1.31396413 -1.11616921
-0.23270407 -1.29521155 -1.10027182
-0.88927180 -1.25775647 -1.05984843
1.41533434 0.33916986 0.46417391
-1.43586469 -0.81429452 0.38079408
0.06776994 0.30816242 -0.02255514
1.38072419 -1.02757549 -0.99315184
1.04556370 0.57561094 0.67027634
1.40517116 1.01107669 -0.58713335
0.23820819 0.42532176 -1.19373775
-0.62782425 0.52104282 -1.18635011
0.94458503 0.72675610 -1.16437101
0.72100478 0.93901199 1.75060058
1.17781043 1.13329744 -1.51494026
-0.41781044 0.62996727 -0.02077432
1.34852493 -0.46118352 1.05044305
0.78547901 1.19739640 -1.18342876
0.06949802 -0.63345027 1.70042217
1.42543542 0.08055543 0.46460283
1.41191912 -0.46266714 0.62350196
1.26437318 -1.21425831 0.25297186
0.61326581 -0.15946773 -1.18623447
-0.25255620 0.48599443 -1.19362772
0.08382331 -0.56406903 -1.18693984
1.16343129 -1.21321404 0.71323866
-1.43396580 0.16332369 -0.28839764
-0.91154277 0.89313102 1.54180503
0.20805040 1.46649933 0.96746165
-0.93574053 -1.08485460 -1.21677303
0.90365565 -1.12986302 -1.14598489
0.09756538 -0.95319271 -1.21261382
-1.41646767 1.05249929 0.76561636
-0.22782809 1.32274294 1.37927270
-0.64016879 -1.45616186 -0.81194746
0.95082736 0.54415286 -1.11989653
-0.10285146 1.26727188 -1.14711261
-1.05181932 0.83142745 1.36110520
-1.07238853 -0.54575890 1.65750110
-1.41497040 -0.98964196 -0.41260749
0.51527280 -1.40092170 -0.92770487
-1.43114567 -0.60429633 0.16344067
1.18424404 1.39308536 0.72016215
-1.28309655 0.67561865 1.20071220
-1.18237865 1.35803974 1.01657426
0.99330288 0.87819368 -1.45300424
1.02390695 0.75481075 -1.18772113
1.17781043 1.13329744 -1.51494026
1.40835583 -0.15946773 0.94898909
0.38593119 -1.29521155 -1.10027182
-0.23999776 0.89313102 1.73602116
-0.05721366 -1.51043952 -0.75588948
1.39160883 0.33812767 1.09651840
-1.16553736 -0.71516335 1.36054265
1.02668357 -1.16913736 -1.08820570
0.64652985 -1.25847769 0.90119320
1.42093158 -0.00260630 -0.02797107
1.18195355 -0.60527849 1.41369987
1.09806836 1.38490975 -0.92977172
-0.65612060 -1.39979064 -0.90390825
0.56593841 -1.48714578 0.35953593
1.21320307 -1.21362817 -1.00095201
1.31240332 1.13386929 -1.48083675
-1.42441750 -0.65076327 -0.65546727
-0.76525313 -0.54242927 1.89380312
-1.42870820 1.09344423 0.21109948
1.10690343 -1.32028723 0.28689611
1.34571326 0.08459243 1.13359392
0.23815084 0.48599443 -1.19362772
0.08942227 -0.60429633 -1.18584991
-1.42612112 -0.39591911 0.66709912
-0.15992099 -1.49988389 0.27427119
1.42284155 -0.00260630 0.20931345
-0.84920186 1.43989801 0.97528750
-1.37050164 -0.86833006 0.92304283
1.30840111 -1.16630733 -0.73694569
-1.14715576 1.41571677 -0.06278593
0.22688338 0.54287499 -0.02396047
-0.57750022 0.87819368 -1.21453893
-1.05274713 -1.02543819 -1.47743261
-1.31938791 1.33603084 0.42461258
0.31507838 1.13301659 -1.18995249
-0.66063893 0.61190003 -1.18433011
-0.40319178 1.46876168 0.48194891
-1.06046605 -1.34898412 0.18490402
0.78414142 -1.42502797 0.31598607
0.21994729 1.47543609 0.40002376
1.42421544 -0.69536984 0.14903939
0.72891742 -0.60429633 -1.17878461
-1.04795265 -1.00813448 1.07580531
-0.39183587 1.32274294 1.37927270
0.68413460 -1.47107899 -0.10864563
0.57287073 -0.70787358 -1.19372916
-0.80044472 -1.44139862 -0.29591534
-0.81601572 0.83435899 -1.22329223
-0.11204649 -1.02536428 -1.19850028
1.41422987 0.61151785 0.73070812
0.53874779 -1.15239239 1.03750813
0.79174501 1.31493604 -1.08096135
-0.73168027 1.18198168 1.47672713
-1.38212979 -0.69066137 0.92844445
-1.40723336 -0.46266714 0.92138427
1.03800714 -0.98964196 -1.54738927
-0.57740670 1.13867795 1.51843750
-0.08339787 0.79884553 0.52805525
1.41202295 -0.88417768 -0.36682087
0.06877884 -0.78938991 1.29266775
-0.23213254 1.18198168 1.50089109
-0.08390430 0.60155314 -0.02428810
0.06566884 1.50467682 -0.68440068
1.18596411 -0.86820394 1.10193026
-0.39094585 -1.50265527 0.19811390
0.32198086 -0.68643391 -1.18764377
-0.38576216 1.41406262 1.21867049
0.75913393 -0.67287862 1.56995463
-0.24272767 0.60155314 -0.02428810
-0.40334177 1.49722242 0.15425403
-0.82625240 0.77288133 -1.19895792
-0.74951643 -0.43008161 2.02983379
-1.37681127 -1.06655836 -1.25799084
-0.92810273 -0.71176898 1.42887163
-1.36202431 -1.11287320 0.59036022
1.24701560 -0.45524898 1.24063611
1.38430834 1.25787914 0.21131523
-1.02891767 -0.63345027 1.58422673
-0.94576555 0.84912795 1.19278157
-1.26595199 1.36372912 -0.27228490
-1.42562497 0.54349875 0.72811639
-1.40973890 -0.98964196 -0.67405266
-0.21043101 -1.28822494 0.86951435
1.41481555 0.33925471 0.21068947
0.38249061 1.43567061 -0.93663907
-0.41258743 0.48280728 -0.02361020
0.55406034 -1.02536428 -1.19850028
-1.33075070 -1.16733742 0.27638149
-0.85035676 1.22732365 1.41868913
1.36832738 1.17553759 -1.23578453
0.57693982 0.75476801 -1.19047534
-1.02796078 -0.68648571 -1.14542460
-0.77353936 -0.67287862 1.56995463
0.10061919 -0.72326612 -1.19815969
1.36172211 -0.64475161 0.95473474
-0.26799464 -1.51549625 -0.41035348
1.39379585 -0.51854324 0.87097865
1.24507201 -0.08242658 -1.11962235
1.41555703 0.73906171 -0.61539179
1.15574765 -1.29396105 0.10836141
-1.30115497 -0.84883386 1.05597007
-0.33088925 -1.10570133 -1.17443705
0.73336369 1.48867309 -0.06144507
1.10690343 -1.32028723 0.28689611
1.41371512 1.17490375 0.21119241
0.92006469 1.09344423 -1.29500806
-0.83479804 0.61190003 -1.15596700
-1.05616164 1.30229068 1.24571466
1.11686027 -1.21432483 -1.08558118
0.38370553 -1.05503845 1.13897288
-0.56910020 1.05249107 -1.19590604
-1.20557261 -0.93432683 1.04805088
0.55700153 1.22732365 1.46700585
-0.25261354 0.42532176 -1.19373775
-1.42473686 -0.73519480 -0.97400022
-1.28426337 1.01470757 1.15228665
-1.01476645 1.43549359 0.30945218
0.95276552 0.16332369 -1.12050998
1.41312683 -0.69609106 -0.64382452
-0.23679912 0.22461604 -0.02242509
-1.33505094 -1.10342717 -1.21335363
1.21076953 1.38422441 -0.56753606
-0.41810161 -0.58758694 1.81544030
1.09249949 0.57193542 -1.11039126
0.25266540 0.61190003 -1.19142020
1.42618299 -0.73481381 0.34061182
-0.63154465 0.57193542 -1.18533087
0.22002247 1.50127053 0.15425403
-0.94298202 -1.39248478 -0.18585157
0.72100478 0.93901199 1.75060058
1.23055041 -0.30235305 1.10937369
0.89713740 0.89313102 1.54180503
-0.81643742 -0.68643391 -1.18330050
-1.43059826 0.83230662 -0.27468118
1.30615950 -1.06219912 -1.41926467
-1.23727083 0.44189495 1.15592659
-0.25416768 0.57193542 -1.19242549
1.40709317 1.17490375 -0.27104980
-1.15551603 -1.27367985 0.54084027
-1.39991832 -0.98964196 -0.99511200
0.93397480 -1.39112782 0.17546730
1.16239274 1.15000236 1.26368117
-1.03241909 -1.05503845 1.04078102
1.27890551 1.33887100 0.77624565
0.09756538 -0.95319271 -1.21261382
-0.93196344 -0.95319271 -1.33128190
1.42136526 0.08055543 -0.65619415
-1.32680881 1.13386929 -1.48083675
1.38430941 -1.06982243 -0.44376811
1.40788472 -0.80902290 -0.97843993
0.54208493 1.41465282 1.20938993
1.42136526 0.08055543 -0.65619415
0.84665525 -1.32184100 -0.99764019
-0.84808779 1.40628922 1.16926599
-1.11183894 -0.00260630 -1.11161113
-0.07092153 -1.34072173 0.77906686
-1.42020333 0.52104282 -0.28833622
-1.43264496 -0.08242658 0.20380755
-1.39793777 1.01107669 -1.36088240
-1.39453304 -0.77003753 0.86372995
-0.55315316 -1.15239239 1.03750813
-1.18024397 1.40313995 0.77478170
-0.59466469 0.84912795 1.22682822
-0.79439658 0.30816242 -0.02816865
0.22148514 -1.25775647 -1.13017535
1.36667931 -0.70790684 -1.22523701
-1.43001831 0.83239132 -0.59228873
0.91428822 1.23561549 -1.14254403
1.41171587 -0.39591911 0.66709912
-1.03898692 0.03843896 0.27238795
-0.99253142 -0.54242927 1.76902390
-0.66063893 0.61190003 -1.18433011
-1.43317187 -0.00260630 -0.28887710
-0.63324958 -1.48693347 -0.09446260
-1.43762350 -0.73481381 -0.08866135
1.23660100 1.37643003 0.52873147
-1.05538845 -1.29517603 -1.03785050
-1.23690844 1.38394034 0.50519490
1.42184031 0.78825164 0.46417186
1.36666715 0.33925471 -0.99865091
1.39454746 -0.69887632 -0.98266023
-0.59023803 -0.92769098 1.22019303
1.10690343 -1.32028723 0.28689611
-1.27351260 0.88221961 1.22202933
1.08982623 -0.23858924 -1.11080801
-1.42631459 0.57193542 0.21071619
0.70423269 -1.10544789 1.07574797
-0.92519009 -0.82323056 1.21689343
0.21702208 -1.05503845 1.13897288
1.38430834 1.25787914 0.21131523
0.38111299 -1.35137618 -1.00452483
1.21582818 1.38739204 0.37405241
-0.56986344 1.01107669 -1.21030438
-0.23890688 -0.41787255 0.52977747
-1.24719632 1.33955908 -0.89144182
0.72258544 1.48580825 -0.67290604
-1.12480688 -1.32028723 0.09751564
0.25820148 -1.50476897 0.12457431
0.94621062 -0.39591911 -1.11786962
1.00036108 1.43549359 0.30945218
1.06340861 1.04991925 1.40088320
-1.15025914 0.75799847 1.27102888
-0.31812641 -1.46657979 -0.87057996
1.09311616 0.52104282 -1.11136270
1.42525411 0.08055543 0.73082125
0.27057856 -1.47966361 0.44310701
1.40753043 0.57197100 -0.28794423
1.36989629 -0.65310395 -0.98841280
-1.43533683 -0.00260630 -0.02797107
-0.17678802 -1.45669866 0.52254361
1.17227972 -1.02563751 -1.52998555
1.04327440 1.09344423 -1.53886187
0.21965073 1.51526523 -0.07211274
0.64623350 0.61190003 -1.18433011
1.40950346 0.33925471 -0.65620595
1.14547515 -1.10880411 0.91572994
1.36172211 -0.64475161 0.95473474
-0.59335774 -1.47766423 0.43332428
1.35995042 -0.93623084 0.85399342
-1.07737088 1.12552607 1.37113762
-0.79620570 -0.98964196 -1.22793233
0.07271838 0.42532176 -1.19373775
-1.37257218 -1.11695111 -0.27430728
-0.74873728 1.46351814 0.40023673
-0.08166984 1.06583250 1.59814644
-1.39871359 1.25787914 0.21131523
-0.86981386 -0.56406903 -1.15158594
1.15586972 -1.25749838 -0.99111694
0.56775570 1.48098934 0.30176899
0.72150201 1.45257163 -0.84877133
1.22909355 -0.69088382 1.31288290
0.94342273 -1.35081017 -0.94804943
1.03796291 -0.95319271 -1.60146558
-1.06020105 0.48311305 0.27060938
0.78236395 -1.02536428 -1.21507800
0.38471931 -1.32184100 -1.06498992
0.36974353 1.44435167 1.10805738
-0.56807739 -0.98964196 -1.20739579
1.07287109 1.43247855 -0.05936603
1.28386045 1.33583772 -0.59774333
1.38798046 -0.23858924 1.06728947
-1.11289287 -0.37508336 1.04579437
0.79486322 -1.19523168 0.95170313
1.05659318 1.43023813 0.81462133
-0.21635295 -1.40120435 -0.93365353
-0.74898273 1.48035657 0.15990928
1.01539230 -1.30811942 0.57996213
-0.99409789 0.96832049 -1.51327896
0.25904283 -1.49988389 0.27427119
0.08345779 -1.16918194 -1.16235507
-1.31686318 1.33603084 -0.02383709
0.56756359 1.46647608 0.48162869
-1.41299069 -1.02780914 -0.06598321
1.35926545 -1.11695111 -0.10688809
-0.60130948 -0.71176898 1.47853601
-0.98530209 1.44697988 -0.71916258
-1.33042574 0.52169633 1.17999434
-1.17178667 0.94397002 1.32235551
0.55742413 1.46868908 -0.82493353
-1.42480969 0.33925471 -0.28840256
-0.08274383 -0.85584623 1.25030529
-0.89732826 0.67090285 -1.15617537
0.76240903 -1.12986302 -1.16299808
-1.01406944 -0.74366236 -1.33743739
1.40950346 0.33925471 -0.65620595
0.42066410 0.33925471 -1.19376338
-1.06506968 0.47964811 0.67094588
1.03354716 -1.00813448 1.07580531
-0.55417293 1.44620347 1.09046185
1.41933954 0.87819564 0.45194712
0.88710105 -1.39512324 -0.83959770
-1.25464475 0.48599443 -1.11969924
-1.00221121 1.13622510 1.41528761
-1.26605916 0.67555922 -1.12340009
-1.36240840 0.16736069 1.13784826
-1.42562497 0.54349875 0.72811639
0.57319677 0.98471832 1.72585130
-1.38016522 -1.02713203 -1.29556954
0.59432191 0.67078000 0.00002876
0.69042224 -1.46621716 0.19600730
1.41698468 0.78835726 -0.27638382
0.39148635 -1.25775647 -1.13017535
1.01451230 -0.63345027 1.58422673
-0.08250744 -0.89123642 1.23884964
-1.33620644 0.48650825 1.18012941
0.22583653 -0.43391857 1.18074691
1.31562912 1.05249107 -1.60074341
-0.43504840 0.16332369 -1.19374013
1.41223180 -0.51854324 0.17264459
0.71961111 1.45246255 0.74085486
1.40373850 0.74303222 -0.97201967
-0.70558727 1.46767020 0.87251586
-0.75077051 -1.25775647 -1.09607828
-1.33138299 -1.16733742 0.16370839
0.22790904 -0.67287862 1.59622967
-1.36898720 -0.23858924 -0.99684680
0.95707309 0.77288133 -1.21825349
-0.32914287 -1.02536428 -1.19850028
1.38498724 1.25787914 0.58554465
0.92846209 1.13867795 1.44008446
-0.43506944 0.33925471 -1.19376338
1.34234715 1.29935503 -0.27548292
1.40753043 0.57197100 -0.28794423
1.41477692 -0.64973772 -0.32357925
0.79646397 -1.43574822 0.18158634
-0.72402573 1.27380109 1.40764475
-1.42376709 -0.46266714 -0.05083816
0.97969246 0.96832049 -1.51327896
0.71961111 1.45246255 0.74085486
-0.60954022 0.57823670 -0.02528546
1.02390695 0.75481075 -1.18772113
1.15214932 1.30628538 -1.04393363
1.18424404 1.39308536 0.72016215
-1.17889750 1.40384746 -0.76648432
-1.36761880 -0.31933218 -0.99615830
1.26487100 -1.21425831 0.14239624
-1.23023367 1.38739204 0.37405241
-1.21673357 -0.77161562 -1.53638983
-0.49253789 -1.16918194 -1.16235507
-1.38040495 1.25691366 -0.60802555
1.42118537 -0.69530648 0.65022278
1.26985788 1.01470757 1.15228665
0.09952803 -0.77181321 -1.20491946
1.08453989 1.42408478 0.16184594
0.97738177 -1.10564911 -1.19036758
0.09837438 -0.84367943 -1.21662462
-1.06754136 -0.82632166 1.18456113
-0.74652821 -0.42482671 1.72155201
-0.58196896 1.46013975 0.57442391
1.15593398 -0.56028283 1.46352732
-0.58309227 -1.40788972 0.63679975
-0.79212147 -0.30844268 0.10601233
1.37352216 -1.06877542 -0.99308258
0.06400236 1.37138247 1.31427896
-1.33505094 -1.10342717 -1.21335363
1.42184448 0.16332369 -0.02670099
0.88801026 -0.60429633 -1.15052021
1.41479814 0.96833271 0.64906734
-0.16076966 -1.51043952 -0.75588948
-1.43152809 0.92393988 0.65919870
-0.92869359 1.23561549 -1.14254403
0.55471539 -1.05771983 -1.18970895
0.40089753 0.54287499 -0.02396047
0.73511094 -0.43008161 2.02983379
-1.32124579 1.30264068 0.82078302
-1.06023657 1.21747756 -1.19462299
-0.84661019 1.44676578 0.91681898
1.38075590 -1.06933641 -0.69765985
0.06949892 0.60155314 -0.02428810
-0.32891035 -0.95319271 -1.21261382
-1.22309780 -1.25707555 0.23099387
-0.83017236 0.75476801 -1.18972325
-0.07996663 1.44561839 -0.90751600
1.14168477 -1.29405785 -0.51929206
-0.08006772 1.46110296 0.74565911
0.31991971 0.87819368 -1.21453893
-0.57366550 -1.05503845 1.13574314
-0.24114966 -0.75234228 1.36834049
0.82179183 -0.51854324 -1.15277517
1.30809021 -0.95319271 -1.60231698
-1.36984694 1.05250192 0.93850493
-0.56986344 1.01107669 -1.21030438
-1.11020136 -1.32040751 -0.52555859
1.07863951 -1.25772297 -1.06542706
0.37743053 1.32274294 1.37927270
-1.37367094 -1.11695111 -0.10688809
-0.39155766 -1.10544789 1.09083200
1.09482896 0.12402600 0.98238927
1.04920876 -0.84367943 -1.60527122
-0.15679283 -1.51549625 -0.41035348
0.99086732 0.67091030 -1.12040186
0.39415038 0.30816242 -0.02255514
-0.24117257 0.79884553 0.52805525
-1.37647963 0.48599443 -0.99853975
1.20907378 -1.25707555 0.12378436
-1.09179795 0.61229801 1.00697851
0.72991282 -1.44494784 -0.81612837
-1.10690498 0.57193542 -1.11039126
-1.24027133 1.37991619 0.67990845
-0.11215749 1.13301659 -1.18995249
-1.43301845 0.83228546 -0.02607281
1.04606068 -1.34898412 0.18490402
0.76240903 -1.12986302 -1.16299808
-1.05409729 -1.08515704 -1.31205118
0.73048604 1.49352360 -0.32466781
-1.37172663 -1.11679018 -0.45946613
-0.55417293 1.44620347 1.09046185
0.41821766 -1.45669866 0.52204359
-1.19864953 1.39308536 0.72016215
-0.07338650 -1.28822494 0.86951435
-1.42610002 0.42515895 0.46410340
0.71920210 -1.32184100 -1.03233647
0.65896827 -1.45264840 0.46824184
-1.35328436 -0.08505750 1.12777388
-0.58309227 -1.40788972 0.63679975
-1.42836237 0.96832049 0.21097572
1.10181642 -1.32028723 -0.35448658
-0.62821400 0.24726647 -1.18664443
1.09488499 0.33925471 -1.11166072
1.42284155 -0.00260630 0.20931345
1.24973202 0.16332369 -1.11980569
1.38751876 -0.81055099 0.82267016
-1.37495065 -1.11695111 0.05261611
1.41496885 1.09344506 0.60237086
0.97856045 0.98142362 1.50129700
1.36832738 1.17553759 -1.23578453
0.04468678 -1.47966361 0.44310701
-0.80218410 -1.39648020 -0.86377466
0.55798584 -0.84367943 -1.21662462
0.22239377 0.22461604 -0.02242509
-1.42005980 0.48599443 -0.28837398
-0.93574053 -1.08485460 -1.21677303
1.40909147 -0.51854324 0.74480700
1.39737475 1.17490375 -0.58319211
-1.42943692 0.83248496 -0.96168417
0.95745033 0.39856631 0.02708743
1.40765440 -0.39591911 0.86757767
0.78599286 0.73237485 0.10732044
1.41917944 -0.00260630 -0.65613723
-1.01832902 -1.32179701 -1.00495017
0.30372104 -1.46657979 -0.87057996
-1.26571178 0.08055543 -1.11980569
0.31991971 0.87819368 -1.21453893
1.16196918 0.98796016 1.30975521
-0.11502457 -0.72326612 -1.19815969
-1.12932706 -1.25026643 0.66441220
-0.57398188 0.92392868 -1.21974242
-1.43374491 0.87819564 0.45194712
0.23736061 -0.31933218 -1.19211066
1.41821182 -0.81381530 -0.32781306
-0.41814724 -0.54242927 1.92741179
-0.23637360 0.03843896 -0.01995469
-0.58760208 0.98471832 1.72585130
1.10690343 -1.32028723 0.28689611
0.14396282 -1.50968695 -0.12166839
1.08281386 0.79829115 -1.38407898
0.31510144 1.05249107 -1.19590604
1.09696090 -1.30032742 0.50031960
1.31602967 -1.16733742 0.03108690
1.25032818 -1.21349370 -0.75235820
0.22475886 -0.85584623 1.25030529
-0.41802752 -0.46080756 2.10987353
0.56536478 1.45593703 0.67637354
-0.11212397 1.09344423 -1.18897808
-0.74185967 -1.29521155 -1.06683719
1.42421544 -0.69536984 0.14903939
-0.79699194 -0.91703856 -1.23980772
-1.25947750 -0.08242658 -1.11962235
1.34096694 0.34170270 1.16246879
0.77822399 0.22461604 -0.02817774
-1.40152919 -1.06994390 0.07116751
1.39011252 -0.31933218 1.04823720
-1.42500961 -0.91780537 0.40315443
-0.73699093 1.48580825 -0.67290604
-1.40317249 -0.15946773 1.07499468
0.21965073 1.51526523 -0.07211274
-1.41411650 0.08055543 1.08403015
-0.38576216 1.41406262 1.21867049
0.06856398 -0.82245785 1.26276004
0.04301278 -1.49214303 0.36342964
-1.37257218 -1.11695111 -0.27430728
-1.42637026 0.61190003 -0.02652938
0.76312739 -0.75234228 1.34711158
0.98539811 0.92392868 -1.49604547
-1.11582685 -1.31629539 0.38384777
-1.43963110 -0.69536984 0.53117055
-0.99404013 -0.84367943 -1.48408973
-0.26799464 -1.51549625 -0.41035348
-0.60190541 -0.67287862 1.59097493
1.36172211 -0.64475161 0.95473474
-0.11632036 0.75476801 -1.19047534
1.04210591 -0.71176898 1.40140045
1.41546988 0.24726647 -0.28839865
0.97793847 1.45807183 -0.52086723
0.30789128 -0.64820480 -1.18523455
1.30497193 -1.16326106 0.55270958
-0.96640640 1.41651607 1.05400062
0.10061919 -0.72326612 -1.19815969
0.94342273 -1.35081017 -0.94804943
-0.15901987 -1.50635338 0.02170007
-0.64936829 -1.47213459 0.40012190
-0.75282341 -1.28844988 0.83602011
0.21965073 1.51526523 -0.07211274
-0.43494627 0.48599443 -1.19362772
-0.23679912 0.22461604 -0.02242509
-1.43381727 0.78825140 -0.02619173
1.41815174 -0.69551402 -0.32688358
-1.00369167 1.06286466 1.45866156
-1.41337335 -0.88178152 -0.99310547
-1.40071392 -1.06994390 -0.08642934
-0.32891035 -0.95319271 -1.21261382
-0.69573629 -1.45047927 -0.80421644
0.58005786 0.14184806 -0.02393486
-1.26605916 0.67555922 -1.12340009
1.06736243 1.43894792 -0.54400426
1.40939724 0.96832049 -0.27319497
-0.98556501 -0.91703856 -1.50347817
1.41477692 -0.64973772 -0.32357925
-1.05167902 -1.34918153 -0.35928372
-1.11622190 -1.32028723 -0.35448658
1.04355407 -1.12955034 -1.13092113
1.00235844 0.83434588 -1.39048576
0.40340132 -0.63345027 1.70042217
0.69355088 1.46169972 0.92828602
-0.11449844 0.83435899 -1.20717955
-1.19227791 -0.79662764 1.19069982
1.13724208 -0.52018160 1.50779712
-1.42594326 0.42467052 0.72882414
-0.79676938 -1.02536428 -1.21507800
0.57789183 -0.89123642 1.23517764
1.05833900 1.16811717 1.35505450
-0.38924536 -1.50536633 0.02341800
0.06955311 -0.58758694 1.81544030
1.30030048 -0.94912952 0.95172334
-1.42557847 0.42532176 0.21068984
1.40005171 -0.31933218 -0.65469611
1.19287658 -1.23670900 0.59300262
-1.37489426 -0.15946773 -0.99751520
0.56718653 0.83435899 -1.20717955
-1.11177158 0.16332369 -1.11163878
-1.10448885 -0.68669325 -1.15029764
0.56759101 1.47274888 0.40006641
-1.38410604 -0.08242658 -0.99815714
0.31482545 -0.91703856 -1.21411169
0.79600132 -1.43610454 0.10997117
-0.79907984 -0.88058347 -1.24127531
-1.43158245 0.67253935 0.21076572
-0.57242292 -1.49393630 -0.70304215
0.97439373 1.23553956 -1.12251878
-1.09949350 -0.46266714 -1.10767746
-1.43074203 -0.77260470 -0.62442362
-0.77605838 -1.44377148 -0.77204859
-0.11581586 0.77288133 -1.19413459
0.53784430 1.46186519 1.00295818
-1.13149571 1.40490854 0.53126127
0.09837438 -0.84367943 -1.21662462
-0.55649030 1.41465282 1.20938993
0.86927098 -0.43898365 1.11294353
0.79478616 0.63038027 -0.02705589
-0.43262303 -1.45669866 0.52204359
0.14636427 -1.51043952 -0.75588948
-0.99079007 1.22448111 1.37355590
1.03077745 0.66756016 0.69301111
-0.25054941 -1.21442854 -1.15264750
-0.38837281 1.37162364 1.31332171
-1.43404865 -0.77349192 -0.32460305
1.40853834 1.09344423 -0.27197361
0.33390507 -1.34072173 0.77906686
0.90610987 -0.67287862 1.53457940
0.06955311 -0.58758694 1.81544030
-0.08309478 -0.43391857 1.18074691
-1.42731762 -0.51854324 0.40084821
1.38809741 -0.98591536 0.66863430
-0.76145124 -0.50222683 1.99105382
-1.33075070 -1.16733742 0.27638149
0.14396282 -1.50968695 -0.12166839
-1.35125482 -0.16945735 1.12017167
-0.80246723 -0.84367943 -1.24033856
1.42301071 0.08055543 -0.02670099
-0.81086946 -1.43574822 0.18158634
1.41561294 0.83239132 -0.59228873
-0.80870652 -1.43504429 0.22446184
-1.12130892 -1.32028723 0.28689611
-0.75625187 -0.46089977 2.07163310
1.41633677 -0.77260470 -0.62442362
-1.41910255 0.92394978 0.83900905
-0.93447012 1.09344423 -1.29500806
1.09482896 0.12402600 0.98238927
1.41011167 0.48599443 0.21069206
-1.10975099 -0.08242658 -1.11150110
1.08519375 -0.70810038 -1.23536015
1.39160883 0.33812767 1.09651840
-0.08006772 1.46110296 0.74565911
0.09766974 -0.91703856 -1.21411169
0.09932875 0.87819368 -1.21453893
-0.08190786 -0.96586657 1.20278454
-0.24128874 0.54287499 -0.02396047
-1.42996228 0.73906171 -0.61539179
1.41160250 -0.91780537 0.28562716
1.08567786 1.37537861 1.10078299
0.23787445 0.54415286 -1.19309711
0.99086732 0.67091030 -1.12040186
-1.43286312 -0.64948130 -0.07754639
0.91196293 1.32132876 1.30805790
1.19925284 -1.25300217 0.46452194
1.41031742 -0.91780537 -0.18298545
-0.07996663 1.44561839 -0.90751600
-1.27700722 1.36201608 0.55211347
1.37490880 0.54198068 1.10431170
-1.38309205 -0.98964196 -1.32668531
0.09837438 -0.84367943 -1.21662462
1.05066431 0.47964811 0.67094588
-1.13149571 1.40490854 0.53126127
-0.11216884 -1.05771983 -1.18970895
-1.42836237 0.96832049 0.21097572
-1.43914568 -0.77371377 0.43941700
0.30789128 -0.64820480 -1.18523455
0.31790158 0.92392868 -1.21974242
-1.38931417 0.54198068 1.10431170
1.13724208 -0.52018160 1.50779712
-1.40451777 -0.31933218 1.04823720
1.41657305 -0.85135216 0.45202041
-1.39169657 1.25768602 -0.27534816
0.37864712 -1.50902581 -0.75072813
-0.08343570 0.54287499 -0.02396047
0.78331470 -1.05771983 -1.20175815
-1.02891767 -0.63345027 1.58422673
-0.88879234 -1.25883150 0.82445657
0.37396747 1.37162364 1.31332171
0.76473182 -0.41873714 0.51171690
-0.49449459 -0.56406903 -1.18693984
0.06566884 1.50467682 -0.68440068
1.41120446 0.92392868 -0.58887106
1.40769041 1.05249107 -0.27239853
-0.23405609 1.51526523 -0.07211274
1.41136694 0.54398936 0.46392828
-0.41781044 0.62996727 -0.02077432
1.40791655 0.96832049 -0.58800930
-0.49355513 -1.49983323 0.13088687
-1.03267539 0.72680813 -1.13981485
-0.05664383 -1.50635338 0.02170007
0.42524025 -0.46266714 -1.18956518
0.38916901 -1.00801361 1.17566848
0.92129785 -0.88058347 -1.34404361
-1.01789033 -0.64821219 -1.11678326
-0.10285146 1.26727188 -1.14711261
1.26105917 1.36186194 0.64005065
-0.93570322 -0.88058347 -1.34404361
-0.23457821 1.10054719 1.55307853
-0.23843837 -0.89123642 1.23884964
1.09696090 -1.30032742 0.50031960
0.62368882 -1.48241651 0.13917132
-1.38712382 -1.06589186 0.62186140
-0.94298202 -1.39248478 -0.18585157
-1.05755436 -0.88058347 -1.63437116
-0.79782611 1.13301659 -1.20614135
0.35742506 -1.40120435 -0.93365353
-0.85633659 -1.39543855 -0.87941152
-1.25953960 0.79226279 1.28059518
-0.99404013 -0.84367943 -1.48408973
0.95273352 -0.00260630 -1.12048233
1.38712382 -1.06994390 0.07116751
-0.68597728 -1.19523168 0.97770876
-0.49449459 -0.56406903 -1.18693984
0.07639022 1.31389487 -1.11627305
-1.23139727 1.38328218 -0.28230947
-0.11216884 -1.05771983 -1.18970895
0.92433351 -1.39329851 -0.34280300
-0.57180339 1.47586083 -0.78853387
-1.42631459 0.57193542 0.21071619
0.69355088 1.46169972 0.92828602
-1.28426337 1.01470757 1.15228665
1.00392365 -1.32179701 -1.00495017
-0.80839366 0.33925471 -1.15825832
0.06955311 -0.58758694 1.81544030
-1.43850279 0.16332369 0.72969258
-1.41891670 0.52104282 -0.65604734
-0.70558727 1.46767020 0.87251586
0.21993646 1.46876168 0.48194891
0.38186812 1.47024632 -0.82768005
-0.73873329 1.10054719 1.52775884
1.04384494 1.05249107 -1.59801471
-1.31946695 1.33603084 0.57043487
0.94865876 -0.68643391 -1.16592598
1.40097582 -0.46266714 -0.65500915
0.20996459 1.41309774 1.22250009
-1.15025914 0.75799847 1.27102888
-0.97843343 0.63079792 0.02755531
-0.81105125 0.60228091 -0.03026523
1.04590511 0.57970333 0.26912910
-1.43190873 -0.60429633 0.38990003
-1.25569725 0.42532176 -1.11980355
1.02728534 0.22461604 0.27058619
1.31279957 -1.16733742 0.40295479
1.07287109 1.43247855 -0.05936603
-1.37229931 -1.00808537 0.80454659
-1.42562807 -0.60452551 -0.31773135
-1.37561584 -1.11695111 0.18505727
-1.42228997 -0.80902290 -0.97843993
1.41750336 -0.60429633 0.38990003
0.69597089 1.45415568 0.98953927
1.42474031 -0.77371377 0.43941700
0.67116731 -1.47294593 -0.71950829
1.00553560 1.42812574 0.41337219
-1.20052874 0.96832049 -1.70650709
0.78470331 -1.08485460 -1.18909621
0.89906830 -0.63345027 1.63144946
0.22219190 -0.96586657 1.20278454
-1.42683709 0.57180142 0.46421102
-0.08274383 -0.85584623 1.25030529
-1.33042574 0.52169633 1.17999434
-0.95959538 -0.30878663 0.15270975
-1.21048868 1.39403653 -0.04416486
-0.74005497 0.98471832 1.68587804
-1.42016399 -0.39591911 -0.29558203
1.22583270 -0.09558122 1.11096442
0.77313840 -1.23215079 0.90906805
1.42052591 0.83228546 0.21086052
1.09742880 1.41173625 0.74900109
1.40659952 -0.91780537 0.54618847
-1.02796078 -0.68648571 -1.14542460
-0.98211771 0.93571520 1.52768314
0.39674503 -0.41787255 0.52977747
0.74748045 -0.89123642 1.22048807
-0.55649030 1.41465282 1.20938993
-1.37681437 0.54415286 -0.99810499
-1.00068080 -0.80662674 -1.44477880
1.01451230 -0.63345027 1.58422673
-0.62146956 -1.45588851 0.50768298
0.06566114 1.22732365 1.47170913
-0.08321187 0.84912795 1.23528171
-0.58191323 -1.00801361 1.17227638
0.06756821 0.22461604 -0.02242509
1.04448128 -1.34903276 -0.04150690
1.41481555 0.33925471 0.21068947
0.84346330 -1.10544789 1.04749668
0.96262020 -1.15239239 0.94660348
1.41295981 1.05249107 0.21105643
1.17892992 1.39623630 0.45586088
0.57789183 -0.89123642 1.23517764
-1.19708848 -0.83381498 1.13915253
1.42160273 -0.64948130 0.55398560
0.97969246 0.96832049 -1.51327896
1.08508813 -0.46266714 -1.10767746
-1.25997937 -1.19388437 0.64729136
1.34765112 1.29954815 -0.02411222
-1.42880094 0.61180449 0.46458074
-1.20959496 1.37659121 0.93581098
-1.06050622 1.25659740 1.29461014
0.98445386 1.40115917 -0.91996783
-0.08395850 -0.58758694 1.81544030
1.35908473 -0.90225840 0.88520849
1.39561367 -1.02778482 -0.42807606
0.56016469 -1.32184100 -1.05845976
-0.07900010 -1.10544789 1.09083200
0.06533457 -1.35137618 -1.00452483
1.40005171 -0.31933218 -0.65469611
-0.32994461 1.01107669 -1.21030438
1.22888815 1.37686646 0.78848189
-0.56861901 -0.91703856 -1.21411169
-1.42044890 0.73810953 0.96632630
0.69965214 -1.44393146 0.40724054
0.79430103 -1.43504429 0.22446184
-1.02304161 1.38953841 1.14232635
-0.08358692 -0.71176898 1.48329055
-1.33505094 -1.10342717 -1.21335363
-1.43577063 0.08055543 -0.65619415
-0.49253789 -1.16918194 -1.16235507
-0.11207512 -0.91703856 -1.21411169
-1.24771011 1.37825418 0.39696264
1.18612325 0.96832049 -1.70650709
-0.41802752 -0.46080756 2.10987353
-0.84417433 1.45620191 0.80859447
1.39282823 -0.46266714 0.92138427
1.41422987 0.61151785 0.73070812
-1.11603785 0.72701639 -1.14134216
-0.96806967 1.43855453 0.86152762
-0.38924536 -1.50536633 0.02341800
1.40675950 0.57211339 -0.65465063
0.21638459 1.44281876 -0.91257346
-0.66063893 0.61190003 -1.18433011
-1.39564490 0.75495964 -1.21245539
-1.06227052 -0.89431643 1.14167225
1.41841269 0.73821199 -0.02630082
-0.58034378 -1.48714578 0.35953593
0.57981551 0.03843896 -0.02113275
0.98539811 0.92392868 -1.49604547
-0.55653018 -0.64820480 -1.18523455
0.62179428 -1.48400080 0.04156459
0.70628828 1.32274294 1.35780180
1.03937209 0.87544197 1.45710754
-0.11449844 0.83435899 -1.20717955
0.69118190 1.46767020 0.87251586
-1.43569636 -0.81429452 0.25205982
-1.11020136 -1.32040751 -0.52555859
-1.41205812 0.24704106 1.08906579
-1.41819978 0.54281574 0.95347929
-1.41705167 -0.51854324 -0.65908331
0.89602768 -0.92800760 1.17476332
-0.78754389 -1.23215079 0.90906805
-1.42967033 0.67253935 -0.02642178
-1.38851261 1.25819468 0.70588815
0.51006234 -0.60429633 -1.18584991
0.86565936 -1.05503845 1.09349346
1.40675950 0.57211339 -0.65465063
0.23787445 0.54415286 -1.19309711
-1.39793777 1.01107669 -1.36088240
0.22396670 0.39856631 -0.02304714
0.56668824 -0.68643391 -1.18764377
0.31497541 1.09344423 -1.18897808
1.19116724 -0.93432683 1.04805088
-0.76862252 -0.58758694 1.78431094
-1.42937410 1.09344506 0.60237086
-1.43109941 0.78924865 -0.96086174
-1.21054053 -1.25710440 -0.50657427
0.93126196 1.10054719 1.46427107
-0.76510543 -0.85584623 1.23169005
-1.31182241 -0.91591591 0.97874451
1.40352035 -0.91756576 -0.65794986
-1.03328431 -0.46497047 1.76611900
0.25633577 -1.50968695 -0.12166839
1.08629215 -0.39591911 -1.10901356
0.06639858 1.52688742 -0.33878404
0.20757960 1.47918904 0.84211135
0.58505148 -0.46082601 2.10222602
-0.98861027 1.13303256 -1.37404251
-1.18024397 1.40313995 0.77478170
-0.58109361 -0.68643391 -1.18764377
1.40405202 0.57083917 0.95541483
-1.42957532 0.33891532 0.72910577
-0.94560790 -0.80662674 -1.31528282
-1.04518294 0.66756016 0.69301111
-0.99409789 0.96832049 -1.51327896
-0.81105125 0.60228091 -0.03026523
-0.96279639 -0.12237110 0.04240519
0.97812593 -0.54242927 1.76902390
1.04582679 1.01107669 -1.63557410
-0.08321187 0.84912795 1.23528171
1.22583270 -0.09558122 1.11096442
1.40522659 0.67212951 0.96158695
0.61379945 0.42532176 -1.18663740
-0.07973997 -1.35137618 -1.00452483
0.56601381 1.10054719 1.54801488
0.95200098 1.41651607 1.05400062
1.39199376 1.09344423 -0.95740718
0.39562249 0.98471832 1.73584342
1.41171587 -0.39591911 0.66709912
-1.01676393 0.83434588 -1.39048576
-0.89380890 1.44730282 0.40303421
1.22745478 0.01091084 1.11140704
0.92363995 1.18198168 1.42113113
1.31562912 1.05249107 -1.60074341
0.38471931 -1.32184100 -1.06498992
-0.33993250 -0.70787358 -1.19372916
0.58450967 -0.78938991 1.28875732
0.27230769 -0.56406903 -1.18693984
0.09793844 -0.88058347 -1.21558583
1.41757333 -0.85134709 0.05701371
-0.98879689 -0.88058347 -1.50488496
-0.41002783 0.98471832 1.73584342
1.32235456 -0.84367943 -1.60645592
0.88245785 -1.35094666 -0.93201262
-1.43422949 0.24726647 0.21068984
0.28844845 -1.45669866 0.52254361
0.56094164 -0.80662674 -1.21270919
0.53825438 -1.12986302 -1.16725099
0.78468817 0.39856631 -0.02845621
0.55957651 0.92392868 -1.21974242
-0.76188582 -0.89123642 1.22048807
0.37203702 1.47442317 0.78512079
-1.19252217 0.62989980 1.17136955
1.30506146 1.33603084 0.57043487
0.59577781 0.60169870 -0.02548341
-1.26863635 -1.21410537 -0.49131486
1.29984009 1.33659887 0.67024392
0.94857264 0.22461604 0.02697241
1.33684945 -0.16945735 1.12017167
1.39309168 -0.91469598 0.72114670
-0.28559071 -1.16918194 -1.16235507
0.96990442 -0.95319271 -1.48026204
0.80203199 -0.68643391 -1.18330050
0.83368236 1.40628922 1.16926599
-0.39912465 -1.32184100 -1.06498992
-1.42473686 -0.73519480 -0.97400022
1.35560429 -0.51854324 -0.99529618
0.21703406 1.40562737 -1.00225914
-1.16149282 1.40835047 0.16367278
-0.88879234 -1.25883150 0.82445657
-1.43396580 0.16332369 -0.28839764
1.39858544 -1.02780914 -0.06598321
0.79478616 0.63038027 -0.02705589
1.04139543 -1.34910738 -0.19794692
-1.43636703 -0.69536984 -0.08427311
1.02913451 -1.23563576 0.77293187
-1.37076366 1.13429964 0.89989477
-1.42617202 -0.39591911 0.42236164
0.86060303 1.45322895 -0.77590483
1.03354716 -1.00813448 1.07580531
1.41011167 0.48599443 0.21069206
-0.96650910 0.42532176 -1.12050772
1.04327440 1.09344423 -1.53886187
-0.33638620 -0.68643391 -1.18764377
-0.24128874 0.54287499 -0.02396047
-0.33667201 0.83435899 -1.20717955
-0.22607885 1.47199571 0.78095305
0.52866691 -1.19523168 0.98800004
1.12625027 1.41754842 0.80741328
0.06581885 -1.05503845 1.13897288
-1.13384151 1.40200555 0.61767399
-0.60340106 0.48283699 -0.02467565
0.95082736 0.54415286 -1.11989653
-0.49761206 -1.34072173 0.77743095
1.12251627 -0.47859174 1.53790092
0.89602768 -0.92800760 1.17476332
-0.96717101 0.16332369 -1.12050998
1.03762162 0.63081676 0.27112827
-1.09841800 0.58394402 1.00471973
-0.41033360 -0.89123642 1.23884964
-0.08120136 1.50405610 0.15425403
0.79646397 -1.43574822 0.18158634
1.41117322 0.42532176 0.21068984
0.31566197 -1.08485460 -1.18217766
1.41367781 1.05249548 0.61602098
1.00869167 1.42257643 0.50044149
1.41602182 0.73838192 -0.27964130
-1.33003449 1.05249107 -1.60074341
-0.49761206 -1.34072173 0.77743095
1.41601825 1.13429964 0.59675813
1.04139543 -1.34910738 -0.19794692
-1.13386035 1.42297852 -0.70943290
0.98951340 1.42307520 0.73506212
-0.07996663 1.44561839 -0.90751600
-1.43757570 -0.00260630 0.73173457
0.57284588 -0.96586657 1.19927216
0.87492210 1.47240067 -0.05065478
-1.20213342 -1.12467480 -1.16607440
-1.33138299 -1.16733742 0.16370839
1.40565455 0.48599443 -0.28837398
1.30498242 1.33603084 0.42461258
-1.43314743 0.87819368 0.21089780
1.30696905 -0.98964196 -1.55506146
0.39307040 0.22461604 -0.02242509
-0.24235487 0.57807875 -0.02413430
0.06556124 1.44561839 -0.90751600
0.56212902 -1.49082649 0.27773303
-0.61967880 -1.49044883 -0.53012156
1.40456915 0.48599443 -0.65613747
-1.37612760 -0.64475161 0.95473474
0.97068036 -1.02537906 -1.38692510
0.10009632 -0.74371350 -1.19993436
0.32053164 -0.77181321 -1.20491946
-0.24175307 -0.71176898 1.48329055
0.78603923 -1.44139862 -0.29591534
-0.73454404 -1.05503845 1.12282288
-1.40343916 0.96832049 -1.36561012
-1.42093611 -0.95319271 -0.19961347
-1.38410604 -0.08242658 -0.99815714
-0.87505299 -0.46108320 2.00923300
-1.40510714 -0.94980037 0.69286990
0.40292385 0.67075932 0.00136785
0.91196293 1.32132876 1.30805790
-1.03494275 -1.34988606 -0.72808045
1.40097582 -0.46266714 -0.65500915
-1.40973890 -0.98964196 -0.67405266
-1.39939260 1.25787914 0.58554465
-0.77023441 -1.40772271 0.49543390
-1.43474650 0.24724950 0.46420583
1.42409754 0.16332369 0.72969258
1.40676785 0.42532176 -0.28839716
-0.22994035 -1.35137618 -1.00452483
-1.20598793 1.39734733 -0.29833174
-1.38967001 1.09344423 -1.31690907
-0.10981692 -0.64820480 -1.18523455
-1.28309655 0.67561865 1.20071220
1.01355529 -0.68648571 -1.14542460
1.42317045 -0.00260630 0.73173457
-1.36476958 -0.51484126 1.02193189
-1.39516127 -1.06933641 -0.69765985
1.24557400 -1.19388437 0.64729136
1.41698468 0.78835726 -0.27638382
0.75722468 -1.25854838 0.87694019
-1.42822576 -0.88441730 0.42732099
-0.95782816 -1.35081017 -0.94804943
-1.28933120 1.30044198 -0.92611545
-1.39483690 -0.88082308 -1.36463428
-1.04564059 -1.34935367 -0.52424276
0.61713934 0.57193542 -1.18533087
-0.62820786 0.08055543 -1.18663979
-0.74187887 -1.39799738 -0.87208307
-1.26579297 0.83630204 1.27697492
1.04584312 1.23523593 -1.12565935
-1.03267539 0.72680813 -1.13981485
-1.05236840 -0.95319271 -1.60146558
0.70093894 1.41218901 1.19141448
-1.42937410 1.09344506 0.60237086
-0.11556026 -0.70787358 -1.19372916
0.55981147 1.40990472 -0.99018008
1.37887561 0.67754298 -0.98434359
-0.11197394 -0.98964196 -1.20739579
-1.09949350 -0.46266714 -1.10767746
0.06804495 0.98471832 1.73584342
-0.45467231 1.31424189 -1.11575317
1.41227758 0.57139915 0.72923970
-0.58216107 1.48098934 0.30176899
0.37130159 -1.51182711 -0.26671055
-0.32522798 1.23561549 -1.16335249
0.62490237 -1.48174453 0.26759818
-1.01672113 -0.43846226 1.69226778
-0.79909360 0.39856631 -0.02845621
-0.57977015 1.45593703 0.67637354
0.87787521 1.36680448 -0.99279869
-0.22584684 1.37143075 1.31408751
0.37483999 -1.50536633 0.02341800
1.16797316 1.35803974 1.01657426
1.20116627 -1.25707555 -0.32862034
-0.40179768 1.45799959 0.67734474
-1.20807934 -0.80662674 -1.60933447
0.72740495 1.02788460 1.62382638
-0.23890688 -0.41787255 0.52977747
0.79430103 -1.43504429 0.22446184
-1.31946695 1.33603084 0.57043487
-1.42261350 -0.15946773 -0.29365262
-0.57097507 1.46086228 0.74613827
0.95082736 0.54415286 -1.11989653
-0.75433379 1.36783969 -1.02789545
-1.41897452 0.48599443 -0.65613747
0.92363995 1.18198168 1.42113113
-1.41838634 -0.95319271 -0.39962348
-0.52662969 -1.25847769 0.91009843
-0.94536912 1.06583250 1.49598181
1.09743357 -0.00260630 -1.11161113
-0.74652821 -0.42482671 1.72155201
0.79398817 0.33925471 -1.15825832
0.22385763 0.98471832 1.73584342
0.91860420 -0.91703856 -1.34260213
-0.08022425 -1.05503845 1.13897288
-0.90438455 -0.96598744 1.15446281
-1.09894538 1.42408478 0.16184594
-1.40343916 0.96832049 -1.36561012
0.95276552 0.16332369 -1.12050998
0.58025932 0.84912795 1.22682822
1.42525411 0.08055543 0.73082125
0.06556124 1.44561839 -0.90751600
-1.37348998 -0.90225840 0.88520849
-1.06227052 -0.89431643 1.14167225
-0.39030433 -1.50378191 0.12583679
0.99359685 -1.35050023 -0.90080643
-1.40723336 -0.46266714 0.92138427
0.22196825 0.03843896 -0.01995469
0.07204617 -1.21442854 -1.15264750
-1.18237865 1.35803974 1.01657426
-0.88019341 1.40975153 -0.92777407
0.68956232 -1.46566331 0.24394381
1.04786503 -0.89431643 1.14167225
1.39403439 1.21579325 0.71476161
-0.80820829 -1.43718684 -0.00017216
0.72631818 1.49279046 -0.54082429
-1.10848033 0.42532176 -1.11163652
0.73511094 -0.43008161 2.02983379
-1.19261432 1.09344423 -1.59634507
0.21772717 1.18198168 1.50089109
0.07272270 0.33925471 -1.19376338
-1.37229931 -1.00808537 0.80454659
1.16419351 -1.16565824 -1.10401106
-1.06024861 1.23523593 -1.12565935
-1.40192425 -0.81055099 0.82267016
-1.17027509 -1.25749838 -0.99111694
1.40870941 -0.56411487 -0.31127334
1.33887899 -0.08505750 1.12777388
1.03762162 0.63081676 0.27112827
-1.43001831 0.83239132 -0.59228873
0.47778356 -1.50141752 0.03029046
-0.10382766 -0.60429633 -1.18584991
0.74184638 -0.46089977 2.07163310
0.48039243 -1.50337052 -0.73008060
1.07863951 -1.25772297 -1.06542706
0.06459472 -1.10544789 1.09083200
0.77999109 0.30816242 -0.02816865
-0.23332883 1.13867795 1.52336979
-0.08125032 1.10054719 1.55307853
0.39463988 -0.30826977 0.11432091
1.33960652 -0.77112752 -1.50057590
1.26616693 1.17835641 1.08323205
0.73636502 -1.25775647 -1.09607828
0.37135679 1.41406262 1.21867049
-1.42703092 0.67403340 -0.63476771
0.78777868 -1.39648020 -0.86377466
0.53984946 1.44504893 1.09589887
-0.38784161 1.47256303 0.78076029
0.91986120 -1.37611222 0.37184453
-1.36092114 -0.39942044 1.07993901
1.02390695 0.75481075 -1.18772113
-0.75282341 -1.28844988 0.83602011
-1.43523943 0.73819947 0.46527907
0.22794951 0.57807875 -0.02413430
-1.42644143 -0.84895092 -0.63267368
-0.94838023 -1.39112782 0.17546730
0.40131992 -0.42327043 1.76237154
-1.20110428 1.39220250 0.56057030
0.39306384 -0.12237110 -0.00663128
1.41533434 0.33916986 0.46417391
0.38193110 1.48581433 -0.76527047
-0.62801671 -0.08242658 -1.18649542
0.92553753 -1.38755190 0.28726456
0.58217961 -0.82245785 1.25898230
1.17634630 1.16989291 -1.41651595
-1.34514093 0.42630914 1.17581344
1.39766908 -0.60415059 0.82381296
-0.98424697 0.54392159 0.02598451
0.65251428 -1.40794230 0.61956519
-0.39030433 -1.50378191 0.12583679
0.57646066 1.36645114 -1.05600846
0.38286120 1.22732365 1.47170913
0.23821183 0.24726647 -1.19374478
1.04583108 1.21747756 -1.19462299
1.05082250 1.40529501 1.05127120
-0.98981065 1.35941124 1.22546601
0.91809332 1.22732365 1.39476097
1.26368880 -1.21425831 0.01032223
1.30696905 -0.98964196 -1.55506146
-1.42560983 0.92392868 -0.58887106
-0.96490806 0.30816242 0.02714271
-0.88879234 -1.25883150 0.82445657
0.69011664 -0.56406903 -1.17986965
-1.43504274 0.73816186 0.73346776
-1.16653073 -1.29396105 0.30960578
-0.66093522 -1.25847769 0.90119320
-0.08712494 0.24726647 -1.19374478
0.58899570 0.48283699 -0.02467565
1.36989629 -0.65310395 -0.98841280
-1.39679658 1.25787914 -0.02440553
0.58247870 0.30816242 -0.02367773
-1.41356695 -0.95319271 -0.66596937
1.06736243 1.43894792 -0.54400426
-1.17783678 -1.21321404 0.71323866
-0.58159184 0.83435899 -1.20717955
-0.66093522 -1.25847769 0.90119320
1.35321331 -0.31933218 -0.99615830
-1.05157316 -0.50557536 1.72113562
1.19819713 1.39379239 0.34994039
0.48008919 -0.56406903 -1.18693984
-0.60062146 -0.50222683 2.01970315
0.92857653 -1.39248478 -0.18585157
0.17114300 -1.46657979 -0.87057996
1.41555703 0.73906171 -0.61539179
1.39985120 -0.98964196 0.49378794
-0.41732925 0.67075932 0.00136785
-1.03494275 -1.34988606 -0.72808045
-0.49355513 -1.49983323 0.13088687
-0.41021803 0.39856631 -0.02304714
-0.93714774 -0.43407789 1.55708241
-0.08045387 1.18198168 1.50089109
1.42636156 -0.73481381 0.49347535
-1.42901468 -0.88441730 0.02244012
0.97891992 1.21752310 -1.17472398
-1.36167002 0.78825319 1.14341760
1.08508813 -0.46266714 -1.10767746
1.19557452 -0.72270089 -1.36616480
1.38770926 1.21553695 -0.59288448
1.35025156 1.29954815 0.58097768
1.07661128 -0.72306609 -1.32731879
-0.70452207 -0.56406903 -1.17986965
0.06280180 1.47891629 0.84570485
0.84900141 1.06583250 1.53260696
-1.37561584 -1.11695111 0.18505727
1.20381880 0.87819368 -1.62066114
-1.05825031 1.05249107 -1.59801471
-0.25246316 0.52104282 -1.19344914
-0.49479780 -1.50337052 -0.73008060
1.23471034 0.26707512 1.12791467
1.41306269 -0.15946773 0.19484983
-0.98424697 0.54392159 0.02598451
-1.24186015 0.01091084 1.11140704
0.21653776 1.22732365 1.47170913
-1.43286312 -0.64948130 -0.07754639
0.68767035 -1.15239239 1.02633584
1.34734821 0.25098565 1.14735341
0.97848469 1.42351949 -0.85948390
-0.43491668 -0.08242658 -1.19359505
-1.28555083 1.09642589 1.11960220
1.29310536 -0.88326824 1.01285315
1.34571326 0.08459243 1.13359392
-1.00961137 -0.42387670 0.65181959
-1.43374491 0.87819564 0.45194712
-1.37145495 0.67187351 1.11633837
0.06280180 1.47891629 0.84570485
-0.23589049 -1.25775647 -1.13017535
0.73841798 -1.28844988 0.83602011
1.26497602 0.92796177 1.17764759
-1.10069764 -0.39591911 -1.10901356
0.76473182 -0.41873714 0.51171690
0.21638459 1.44281876 -0.91257346
-0.58196896 1.46647608 0.48162869
1.21320307 -1.21362817 -1.00095201
-0.33029717 1.19739640 -1.17842364
1.30809021 -0.95319271 -1.60231698
0.82179183 -0.51854324 -1.15277517
1.02869844 -0.67287862 1.49819052
-0.97205991 1.43248188 0.91569453
1.40796220 -0.95319271 0.25853971
-1.15164757 -0.52018160 1.50779712
1.41243184 0.57180142 0.46421102
-1.12130892 -1.32028723 0.28689611
-0.23589049 -1.25775647 -1.13017535
0.96802688 0.60301709 0.02468660
0.22805893 -0.42943603 2.07075500
-1.05202711 0.63081676 0.27112827
-1.15988052 -1.10880411 0.91572994
0.40131992 -0.42327043 1.76237154
1.14730573 1.32493138 1.09815192
-1.38040495 1.25691366 -0.60802555
1.26869106 0.67561865 1.20071220
0.07244236 -0.31933218 -1.19211066
0.39969927 0.84912795 1.23528171
0.31794688 0.72675610 -1.18930662
-1.21365821 -1.25300217 0.46452194
-0.74576485 1.44694233 0.67176813
-0.25416768 0.57193542 -1.19242549
0.09541154 -0.64820480 -1.18523455
1.00509989 0.79554194 0.97755778
0.97439140 -0.88058347 -1.50488496
-1.20360315 -0.90097135 1.07240725
-0.97843343 0.63079792 0.02755531
1.39858544 -1.02780914 -0.06598321
1.04740429 0.92133456 1.45400262
-1.42612112 -0.39591911 0.66709912
-0.93931764 1.21753454 -1.17026985
0.88997912 -0.96598744 1.15446281
0.07260970 0.54415286 -1.19309711
-0.58199644 1.47274888 0.40006641
-1.20557261 -0.93432683 1.04805088
-1.01672113 -0.43846226 1.69226778
1.03741384 0.83142745 1.36110520
-0.15943837 -1.50476897 0.12457431
1.35457909 0.92395645 1.00752628
-0.32951862 -1.05771983 -1.18970895
-1.18570209 1.41006601 -0.57303363
0.23822147 0.33925471 -1.19376338
0.21519460 1.27380109 1.43024433
0.86025286 1.46171677 -0.72476548
1.33841002 -0.25134200 1.11205411
-0.93031132 -0.42045680 0.52528781
0.37589899 -1.50378191 0.12583679
0.22805893 -0.42943603 2.07075500
0.06021393 -1.25847769 0.91232431
1.15131772 1.41320336 -0.74185961
0.14238745 -1.51549625 -0.41035348
1.24059331 0.57195663 -1.11845696
1.37352216 -1.06877542 -0.99308258
-0.08396631 -0.50222683 2.02686453
0.57989866 -0.85584623 1.24658263
1.40765440 -0.39591911 0.86757767
0.31698918 -0.84367943 -1.21662462
-1.41319406 -0.77066755 -1.29894400
-0.93129021 1.36632240 1.24549484
-0.41802752 -0.46080756 2.10987353
-0.75866759 -0.92769098 1.20577013
0.36635804 1.48009682 0.84180278
0.88245785 -1.35094666 -0.93201262
0.79345381 0.52104282 -1.15795112
-0.57264394 1.43824887 -0.92613995
1.41535997 1.13429964 0.21114473
1.09799314 0.08055543 -1.11163878
0.68413460 -1.47107899 -0.10864563
0.89713740 0.89313102 1.54180503
1.30809021 -0.95319271 -1.60231698
-0.49931157 -1.49060071 0.36445299
-1.20213342 -1.12467480 -1.16607440
-0.40360388 1.10054719 1.55307853
1.41362524 -0.15946773 0.45436612
-0.43505263 0.24726647 -1.19374478
-0.97185570 0.39856631 0.02708743
-1.16553736 -0.71516335 1.36054265
-0.88927180 -1.25775647 -1.05984843
0.95200098 1.41651607 1.05400062
1.40575862 -0.39591911 -0.29558203
-1.07781410 1.04991925 1.40088320
1.04408097 0.78113192 1.19965732
-1.12603498 -1.15574718 0.86643577
1.41929448 -0.81431997 0.49480072
1.18890893 -1.25722027 -0.75831938
-1.30751085 -0.88326824 1.01285315
0.99520588 -0.42387670 0.65181959
-0.08390430 0.60155314 -0.02428810
-0.11242240 1.19739640 -1.17842364
0.95273352 -0.00260630 -1.12048233
-1.38792753 -1.06877542 -0.99308258
-0.32681119 -1.40788972 0.64194369
1.05066431 0.47964811 0.67094588
1.42145932 -0.81429452 0.38079408
-0.57750022 0.87819368 -1.21453893
-1.42100191 0.78825271 0.96254796
-0.11393341 -0.77181321 -1.20491946
-0.77147925 -0.63345027 1.67184007
-0.81643742 -0.68643391 -1.18330050
1.32697904 1.21184897 -1.18980229
1.18772805 -1.12467480 -1.16607440
-0.43506944 0.33925471 -1.19376338
1.39985120 -0.98964196 0.49378794
-0.22218187 1.46761155 0.97193497
-0.07962911 1.27380109 1.43024433
-1.25106251 1.37440026 0.69710463
-0.96650910 0.42532176 -1.12050772
-0.75282341 -1.28844988 0.83602011
-1.42827260 -0.88441730 -0.15679716
0.98359251 -1.25775647 -1.05132866
-1.06371057 0.54011679 0.67082494
1.36989629 -0.65310395 -0.98841280
-0.57064658 -1.49696100 -0.09740228
-1.37223625 -0.56427968 -0.99511588
0.79380286 -1.43718684 -0.00017216
0.24084635 -0.46266714 -1.18956518
-0.22436994 1.41309774 1.22250009
1.30030048 -0.94912952 0.95172334
-1.43123400 0.87819368 -0.02593534
-0.07092153 -1.34072173 0.77906686
-0.59891504 -0.78938991 1.28875732
-1.42925358 -0.56406903 0.57941854
0.54902142 -1.10544789 1.08781540
-1.19943750 -0.84367943 -1.66509092
-0.39492494 1.27380109 1.43024433
-0.23434182 1.46242535 0.57515675
-0.08119807 1.48709774 0.30128905
0.97848469 1.42351949 -0.85948390
-0.96297801 0.22461604 0.02697241
-0.32938081 1.09344423 -1.18897808
-0.88932759 1.47240067 -0.05065478
0.39322463 -1.47960186 0.44295880
-0.11307690 0.92392868 -1.21974242
-1.40723336 -0.46266714 0.92138427
0.84200430 1.45012128 0.76905227
1.40376091 0.51956683 0.95286667
0.37319097 -1.50866520 -0.11931561
1.31562912 1.05249107 -1.60074341
-0.38784161 1.47256303 0.78076029
1.40753043 0.57197100 -0.28794423
-0.25262684 0.33925471 -1.19376338
-0.08064000 -1.29521155 -1.10027182
-1.10929048 0.33925471 -1.11166072
1.33073556 0.42630914 1.17581344
-0.79910874 -1.08485460 -1.18909621
1.34235156 0.00009713 1.13190567
-0.93488145 1.05249107 -1.31900668
-0.90491796 -0.58758694 1.73811603
0.79375756 0.48599443 -1.15812576
1.20538080 1.39057517 0.18723288
-0.55974317 -1.50085461 -0.53384966
-1.32597780 1.17275178 -1.39599383
0.39461383 -0.92769098 1.22379851
1.03969193 -1.08515704 -1.31205118
1.41179931 1.17490375 -0.02485505
1.41995645 0.08055543 0.95315593
-1.10975099 -0.08242658 -1.11150110
1.24019659 1.30957294 0.97013819
0.81914485 -1.15239239 0.99921626
-0.55265975 -1.12986302 -1.16725099
1.37174034 1.13442636 -1.28125834
-0.43504629 0.42532176 -1.19373775
1.40769041 1.05249107 -0.27239853
0.22545144 -0.82245785 1.26276004
1.40588474 1.21573007 0.42921758
-0.38091549 1.47735238 0.88216931
1.41194391 0.92392868 -0.27358031
0.22146103 1.06583250 1.59814644
-0.96306413 -0.68643391 -1.16592598
0.28950027 -0.60429633 -1.18584991
1.25154650 1.36372912 -0.27228490
0.95181930 0.48599443 -1.12040281
1.39765275 0.24704106 1.08906579
-0.08022639 1.40674949 -0.99986738
1.31697750 -1.16733742 0.16370839
0.85823184 0.84912795 1.15914559
-0.57902694 1.50603664 -0.33730283
1.04774737 0.54394531 0.26987192
-1.22595143 -1.17038107 0.76578170
1.34649372 -0.74028534 -1.43067622
1.04580021 0.39524490 0.66998917
-1.05538845 -1.29517603 -1.03785050
-1.10255694 -0.31933218 -1.11009276
0.06910922 -0.42327043 1.76237154
0.90637630 -1.35844541 0.49045730
0.77648503 0.03843896 -0.02584518
-1.27139902 1.36330354 -0.02623960
-1.40910423 -1.02780914 0.47438687
-1.42400396 0.61214918 -0.28667617
-1.40707517 -0.08242658 1.08175421
-0.94007325 -0.84367943 -1.33520401
-0.49761206 -1.34072173 0.77743095
-0.32007658 -1.12986302 -1.16725099
0.06786139 -0.30826977 0.11432091
-0.93574053 -1.08485460 -1.21677303
1.42522585 -0.69536984 0.53117055
1.11018896 -1.32028723 0.19841444
1.42166281 0.78825212 0.72902304
1.01254356 -0.70791900 -1.20878851
0.41916326 -0.31933218 -1.19211066
1.41196501 0.61190003 -0.02652938
0.06756821 0.22461604 -0.02242509
0.93620533 0.87819368 -1.32000291
-0.43504840 0.08055543 -1.19374013
0.83024937 1.32246006 1.33067441
0.06880648 0.84912795 1.23528171
-1.38619339 -0.95319271 -1.35034418
1.41116667 -0.15946773 -0.04080544
0.21760356 -1.32184100 -1.06498992
-1.43300438 -0.08242658 0.73032665
0.06219721 -1.19523168 0.99057263
0.34710085 -1.28822494 0.86951435
1.23665714 1.37440026 0.69710463
-0.57151031 -1.10570133 -1.17443705
-1.37489426 -0.15946773 -0.99751520
1.11492157 -1.25026643 0.66441220
-0.80558336 -0.31933218 -1.15664232
0.22482361 0.93901199 1.80969214
1.42456150 -0.77371377 0.29900566
1.37178814 -0.95319271 -1.35034418
-1.42822576 -0.88441730 0.42732099
0.78258651 -0.91703856 -1.23980772
-0.62244189 -1.34072173 0.77088648
1.32887554 -1.09656179 0.74005061
-0.08358692 -0.71176898 1.48329055
-1.43862081 -0.69536984 0.14903939
1.41084230 0.54415286 0.21070282
-0.59466469 0.84912795 1.22682822
0.39307040 0.22461604 -0.02242509
1.09534550 -0.08242658 -1.11150110
1.04590511 0.57970333 0.26912910
0.78470331 -1.08485460 -1.18909621
0.83563519 1.42835712 1.05968833
0.72740495 1.02788460 1.62382638
-1.43436158 0.08055543 0.95315593
-1.11177158 0.16332369 -1.11163878
-0.05693728 -1.49988389 0.27427119
-1.05996919 0.57561094 0.67027634
-0.07720718 1.47891629 0.84570485
-0.98434806 -0.98964196 -1.43970811
-1.27809429 -1.21425831 0.01032223
-0.49253789 -1.16918194 -1.16235507
-0.92869359 1.23561549 -1.14254403
0.83220476 1.44676578 0.91681898
0.60439461 -1.21442854 -1.14572918
-1.43396580 0.16332369 -0.28839764
0.76816815 0.79884553 0.50743026
-0.59422088 0.03843896 -0.02113275
-1.42920089 0.24726647 -0.65619659
1.23054576 -0.51854324 -1.11468208
-1.43896687 -0.77371377 0.29900566
0.84346330 -1.10544789 1.04749668
0.30789128 -0.64820480 -1.18523455
-0.57398188 0.92392868 -1.21974242
-0.93574053 -1.08485460 -1.21677303
-0.33088925 -1.10570133 -1.17443705
1.38770926 1.21553695 -0.59288448
0.06684495 1.10054719 1.55307853
-1.42883456 0.87819368 -0.27396536
1.22769535 1.37986100 0.19931273
0.86064750 -0.46108320 2.00923300
1.08508813 -0.46266714 -1.10767746
1.41132879 -0.31933218 0.43508971
-1.39349532 1.05249107 -1.34373844
1.09463298 0.52520680 1.00540197
-1.39083230 0.16332369 -0.99863189
0.31644490 0.96832049 -1.21966660
-0.16653788 -1.47966361 0.44310701
1.41804135 -0.85134709 0.33703253
-0.94560790 -0.80662674 -1.31528282
1.08281386 0.79829115 -1.38407898
0.31497541 1.09344423 -1.18897808
1.39931643 -1.02780914 0.21749774
-1.42631590 -0.46266714 0.40989795
0.38880533 1.47522640 0.40002376
1.41295981 1.05249107 0.21105643
-0.94827461 -1.39127243 0.08868797
-0.62586582 -1.48878813 -0.36880040
0.22482361 0.93901199 1.80969214
0.06280180 1.47891629 0.84570485
0.95745033 0.39856631 0.02708743
-0.98243237 0.60301709 0.02468660
0.24084635 -0.46266714 -1.18956518
0.39271849 -0.96586657 1.20278454
-1.43301845 0.83228546 -0.02607281
1.33841002 -0.25134200 1.11205411
-0.79909360 0.39856631 -0.02845621
0.79056466 0.92392868 -1.24425507
0.87438685 -1.25883150 0.82445657
-1.42663705 -0.51854324 0.17264459
1.40618038 -0.23858924 0.94239104
-1.42141330 -0.95319271 0.37488151
1.40410066 -0.98964196 -0.04557844
-1.23344123 0.75658774 -1.24732602
-0.70189536 -1.46812809 0.03064517
1.03636599 0.62709808 0.67233622
1.07559586 0.83429343 -1.47912455
-1.11669230 -1.29493773 -0.97217411
-1.42349994 1.13429964 -0.27152446
0.54723525 1.23561549 -1.16335249
1.17024958 1.40406644 -0.05506694
-1.42930746 1.09344447 0.43254566
0.97443038 1.05249107 -1.47329783
1.41083086 0.52086228 0.46383533
1.34571326 0.08459243 1.13359392
-1.05181932 0.83142745 1.36110520
0.96831787 -1.12980056 -1.12595773
1.16196918 0.98796016 1.30975521
-1.03794074 0.72906804 0.77169257
1.06429410 1.42629611 0.86564934
-0.39811090 -1.05503845 1.13897288
-0.58864450 0.77288133 -1.19413459
-0.33088925 -1.10570133 -1.17443705
0.55798584 -0.84367943 -1.21662462
-0.85035676 1.22732365 1.41868913
0.22532581 0.48280728 -0.02361020
-0.23094311 1.22732365 1.47170913
-1.19343328 1.05249107 -1.65870011
0.21638459 1.44281876 -0.91257346
1.16449201 1.40384746 -0.76648432
1.40659654 0.78825271 0.96254796
0.88997912 -0.96598744 1.15446281
-1.41645467 -0.73683530 -1.26440632
0.93723214 -0.77181321 -1.28767240
-0.09786317 -1.16918194 -1.16235507
1.37178814 -0.95319271 -1.35034418
-1.27530086 -1.21425831 0.37237623
1.14591253 1.41208279 0.85168773
-1.42363298 -0.77391672 0.68852627
0.75069994 -0.85584623 1.23169005
0.89844060 -1.23220742 0.85655046
-1.21365821 -1.25300217 0.46452194
-1.42918229 -0.64973772 -0.32357925
-0.87609786 1.44530702 -0.81818813
-1.44058836 -0.73481381 0.34061182
-1.42880940 0.92392868 -0.02579249
-1.43504274 0.73816186 0.73346776
-1.02421820 1.41777325 0.58746719
-0.77147925 -0.63345027 1.67184007
1.19367397 -0.80662674 -1.60933447
-1.41646767 1.05249929 0.76561636
-0.59446323 0.14184806 -0.02393486
-1.09101677 -0.72306609 -1.32731879
1.14562368 1.28073084 1.16213012
1.01826990 0.72680813 -1.13981485
-1.42502844 -0.77125961 -0.97395045
0.22329399 -0.30826977 0.11432091
1.00374591 -1.21442854 -1.07265031
1.33887899 -0.08505750 1.12777388
-1.43281806 0.73821199 -0.02630082
-1.42668283 0.57139915 0.72923970
-0.23203118 1.51813030 -0.55062544
1.08810484 -0.56406903 -1.10518670
-1.39931726 1.25787914 0.42836863
-1.20486283 -0.97047639 1.02507889
-0.89296997 1.45499480 0.30676082
0.06785652 -0.92769098 1.22379851
-1.06506968 0.47964811 0.67094588
-1.42504096 0.48580641 0.46393940
0.06835953 0.93901199 1.80969214
0.10061919 -0.72326612 -1.19815969
-0.41002783 0.98471832 1.73584342
-0.23637360 0.03843896 -0.01995469
1.23190153 -0.31933218 -1.11811650
0.82915449 1.45278776 0.86278808
1.41001225 -0.65076327 -0.65546727
-1.43762350 -0.73481381 -0.08866135
1.41068530 0.52032077 0.72774869
0.57000303 -0.72326612 -1.19815969
1.00392365 -1.32179701 -1.00495017
-1.43417346 -0.73485494 -0.32618910
0.10061919 -0.72326612 -1.19815969
0.07224943 -0.39591911 -1.19097340
-1.26865423 -1.21018350 0.51153642
1.26171768 1.36247218 0.41573092
-0.46353146 -0.51854324 -1.18815589
0.55002028 -1.49920344 -0.37298948
0.38916901 -1.00801361 1.17566848
-1.42116475 0.57211339 -0.65465063
1.41657305 -0.85135216 0.45202041
-0.40033653 -1.29521155 -1.10027182
-1.39939260 1.25787914 0.58554465
-0.80636829 0.67086256 -0.00532780
-1.43135607 0.92393142 0.44673043
1.08138490 1.41804194 -0.82254994
0.06280180 1.47891629 0.84570485
-0.98834223 1.09344423 -1.42861068
-1.39083230 0.16332369 -0.99863189
1.10586357 -1.32028723 -0.19135256
-0.24235487 0.57807875 -0.02413430
0.06941316 -0.42943603 2.07075500
-1.01881051 -0.44666812 1.11509800
-1.41816604 0.51956683 0.95286667
-1.36089921 -0.74028534 -1.43067622
-0.23434182 1.46242535 0.57515675
1.39985120 -0.98964196 0.49378794
-0.93715537 -0.64820480 -1.15186870
0.91502362 0.79884553 0.52804208
0.92012697 -0.75241715 1.32040191
-0.94007325 -0.84367943 -1.33520401
1.20381880 0.87819368 -1.62066114
0.96993965 0.57966733 0.02530698
1.37352216 -1.06877542 -0.99308258
-1.41850603 -0.98964196 -0.04557844
-1.41957641 1.01107669 -0.58713335
-1.11289287 -0.37508336 1.04579437
-1.43202591 -0.60429633 0.56822920
0.21519460 1.27380109 1.43024433
0.22532581 0.48280728 -0.02361020
1.19158256 1.39734733 -0.29833174
1.32589769 -0.75370896 1.06586909
-0.56846571 -1.02536428 -1.19850028
1.40909147 -0.51854324 0.74480700
0.22017282 1.10054719 1.55307853
-0.11197394 -0.98964196 -1.20739579
0.39306384 -0.12237110 -0.00663128
1.41995645 0.08055543 0.95315593
1.40056515 -0.98964196 -0.41260749
1.20500267 -1.25707555 -0.16589949
-0.79620570 -0.98964196 -1.22793233
-1.04108894 -1.16913736 -1.08820570
-0.81643742 -0.68643391 -1.18330050
-1.07238853 -0.54575890 1.65750110
-0.08645155 -1.21442854 -1.15264750
1.40676785 0.42532176 -0.28839716
-0.28559071 -1.16918194 -1.16235507
0.06940884 0.67075932 0.00136785
0.55957651 0.92392868 -1.21974242
-0.88019341 1.40975153 -0.92777407
-0.11373413 0.87819368 -1.21453893
-1.41178000 1.17490375 -0.58319211
-0.72402573 1.27380109 1.40764475
1.04181767 1.16888893 -1.37193751
-0.98823386 -0.56406903 -1.11402047
1.04327440 1.09344423 -1.53886187
-1.09960389 -0.59088641 1.58585942
0.32053164 -0.77181321 -1.20491946
-1.35703135 -1.11328065 -0.99892777
-0.08197237 -0.12237110 -0.00663128
1.03735483 0.39856631 0.27089989
-1.03494275 -1.34988606 -0.72808045
-1.20598209 1.23128414 -1.15273845
1.41191053 -0.46266714 0.40989795
1.15426660 -1.29396105 -0.02266274
1.04210591 -0.71176898 1.40140045
-1.43036282 1.13429964 0.43114868
-1.10433125 -0.60429633 -1.10415256
-1.16559029 1.23515224 1.20869577
0.72891742 -0.60429633 -1.17878461
-0.11277977 -0.84367943 -1.21662462
-1.18237865 1.35803974 1.01657426
1.41357160 1.05249214 0.43595240
-1.00777924 -0.77180296 -1.39305496
1.37352216 -1.06877542 -0.99308258
1.23096085 -0.39591911 -1.11704028
0.32631204 0.77288133 -1.19413459
1.05884993 1.43243277 -0.73608088
-1.40845752 -0.88119984 0.75151122
1.26089537 -1.21425831 0.37237623
0.50483644 1.26727188 -1.14711261
-1.00463223 1.09794188 1.43455291
1.37687159 0.51864493 1.10378599
0.14528650 -1.50358081 0.19717292
-1.43213105 -0.00260630 0.95485121
-1.01950526 0.79554194 0.97755778
-1.40820122 -0.51854324 0.87097865
-0.39912465 -1.32184100 -1.06498992
-0.25261477 0.08055543 -1.19374013
0.99966401 -0.74366236 -1.33743739
0.94839096 -0.12237110 0.04240519
0.78180027 -0.98964196 -1.22793233
-0.24272767 0.60155314 -0.02428810
-1.11049294 0.24726647 -1.11164308
-0.24153104 -0.42327043 1.76237154
-0.40803304 1.02788460 1.66089654
-1.30115497 -0.84883386 1.05597007
-0.07760672 1.44458365 1.10478544
1.30245769 1.33603084 -0.02383709
-0.26600030 -1.51853275 -0.57854760
-0.99980354 0.92392868 -1.49604547
0.06786139 -0.30826977 0.11432091
-0.24114966 -0.75234228 1.36834049
-0.80766177 -0.15946773 -1.15783751
-1.14843750 1.42223370 -0.56772834
-1.27426577 1.36287379 0.20846488
-0.64016879 -1.45616186 -0.81194746
-0.85786867 -1.10544789 1.04749668
-0.40319178 1.46242535 0.57515675
0.53825438 -1.12986302 -1.16725099
0.22271343 1.02788460 1.66089654
0.31794688 0.72675610 -1.18930662
0.95354003 -0.70787358 -1.19793713
-1.00200009 1.45292687 -0.05016861
1.37556767 -0.91708654 -1.36421609
-1.16181803 -1.29396105 -0.34461221
-0.09183193 0.61190003 -1.19142020
-1.11281133 0.67094004 -1.11303258
-0.80039835 0.73237485 0.10732044
0.79375756 0.48599443 -1.15812576
-0.80615044 1.31493604 -1.08096135
-1.43190873 -0.60429633 0.38990003
0.06815819 1.36263323 -1.06823409
0.97443038 1.05249107 -1.47329783
-1.42644143 -0.84895092 -0.63267368
0.14699221 -1.49214303 0.36342964
-1.43867683 0.16332369 0.46432066
-0.10250510 0.67090285 -1.19010353
-1.36761880 -0.31933218 -0.99615830
-0.98042268 0.48310629 0.02670897
1.32887554 -1.09656179 0.74005061
