0.79224950 0.97740877 0.89942563
-1.42804575 0.18136036 -0.22984165
-0.90391284 1.13422060 1.45677841
-0.43586341 0.07369162 -1.27031934
-0.88027894 1.06858742 0.78848094
0.39143607 -1.40317774 -1.25600159
-0.77675986 0.93663001 0.78817958
1.41438866 0.90661824 0.04786088
-0.94184256 -1.39788961 -1.27511668
-1.36767137 0.90661824 0.04786088
1.30987155 0.53407520 0.66065502
-1.01441777 0.68097115 -1.65144026
1.10504878 -0.56695169 -1.26911938
0.38986406 0.71606565 -1.27190673
0.39534310 0.53769481 -1.28571069
-0.34316033 -1.35407495 -1.26731575
1.00573385 0.36309135 0.96381056
1.17056799 0.44656932 0.75843072
-1.05602241 -0.63689011 -1.26837349
-0.71598387 0.90569800 1.19091189
0.25070950 1.14711928 -0.73572445
0.61810452 1.25346315 0.75158697
-1.02723014 0.27601427 1.03448975
0.98686057 -0.50559068 1.31119454
1.20762110 0.91194755 -1.17913079
1.37083745 0.99652648 -0.79644704
0.59268057 -1.84938979 -0.75065029
-1.39901888 -0.27568537 -0.59994453
-0.06217612 1.06508303 -1.05270636
1.44879758 -1.19046974 0.06303500
-1.24710512 1.14210188 1.40487468
0.08962840 -1.82100821 -0.90072048
-0.25561944 1.02533352 0.77714044
1.44662571 -1.19104373 -0.13301769
0.70746142 -1.66514981 -1.23700786
1.01939881 -1.56198275 -1.24056447
0.46703407 -0.92088795 0.89005077
1.16548884 1.05063236 -0.99099010
0.11128321 -0.37021771 1.36854196
0.47554383 -1.81008446 -1.13762438
-0.19020654 1.25938058 0.69134098
1.27317810 0.21296041 -1.25181448
-0.86173171 -1.12337732 0.51413190
-0.05767890 1.13194656 -0.83989924
-0.84888917 -0.04835180 1.31865168
-0.80763930 -0.99010801 -1.27798271
-0.74660838 0.98491538 1.05928242
-1.36767137 0.90661824 0.04786088
1.02913165 -0.65016228 1.19034231
1.40525305 -1.43296373 -0.08248635
-0.59724033 0.45251113 -1.27486873
0.57301694 1.13282371 -0.83989924
-0.30631724 -1.85770273 -0.67123431
1.44576633 -0.62834269 -0.08808346
-1.43835604 0.29039264 -0.22978985
1.31445920 0.89035589 1.22948432
0.11283218 0.45937881 0.89677966
1.44453847 0.69574314 -0.40459910
-0.99745476 0.16758382 1.14382184
0.96694607 -0.56956661 -1.26911938
-1.08465111 1.12727833 -0.46834996
0.77916771 0.49429893 0.86149830
1.42866755 -1.04999387 -1.11039841
-1.40596497 -0.98356867 -0.62651318
1.27190816 -1.60925138 -0.74338418
1.02676034 -1.00202739 0.70646888
0.46684048 0.38505599 0.96482325
0.97016132 -0.02563600 -1.27030563
-0.93590629 -1.74192965 -0.49406856
0.65470707 -0.35539040 -1.27019477
0.44268683 -1.47909880 0.22837724
-0.54596341 -1.84938979 -0.75065029
-1.01178992 0.92919230 -1.19563723
-0.40464208 -1.29783869 0.44426486
1.31852078 0.90612245 1.25930369
-1.38168311 0.44478360 -1.34653986
-0.78034866 -1.31045377 -1.29272497
1.34627330 0.40879720 0.54639858
-1.38821447 -1.26300263 -0.19897448
1.44763374 -1.01529944 -0.84746891
0.90532881 -1.36872220 0.35290170
-0.79387623 0.52911359 -1.30826247
-1.24751735 1.13364208 1.38060069
-1.39194071 -0.87981600 -0.44060585
-1.31216919 1.05736506 0.34955537
-0.93786663 0.19852269 -1.27008665
0.62243289 0.54424310 0.84177804
-0.43712491 0.15271223 -1.27030039
-0.94265014 -1.18707991 -1.57387412
-1.32572687 -0.56111908 -1.13363659
-0.73245054 0.49429893 0.86149830
0.65353394 1.12627375 1.30075312
0.69513136 -1.77692854 -0.90080017
-0.80350471 1.14133072 1.36008704
1.42158866 -0.88208169 -0.86543697
-0.34932181 -1.06148648 -1.27858424
1.23752773 1.05343461 1.30347347
1.17991841 1.02894914 0.68605936
1.29326582 1.10411668 -0.45568979
0.11117611 0.04503570 1.26965153
0.29287493 0.38846806 0.96482325
-0.72542512 0.98104602 0.90107405
0.47265628 0.29389158 1.06878471
1.39702177 -1.47457492 -0.13902460
-0.26290584 0.23746000 -1.26932812
-0.96452218 1.10608459 1.32312262
1.27959919 0.30101886 -1.25351501
-0.73211515 1.10137010 1.01051760
0.94693214 0.98084086 0.78191578
1.44692862 -1.12121749 -0.62689722
1.16374528 1.10070062 1.43135548
1.31339395 0.89149565 1.21353471
0.83563608 0.22839200 -1.26932812
-0.14468527 1.15267432 1.47078383
1.07522571 0.87209582 1.21701646
1.45115197 -0.19559684 -0.40571427
0.45295766 -0.29323250 1.37765908
1.44342732 -0.62834269 -0.42220476
-0.65545374 -1.78740740 -1.13802063
-1.38821447 -1.26300263 -0.19897448
-1.27760768 0.93020946 1.22319674
1.05880153 -0.74872035 1.05951011
-1.01430941 -1.39848864 0.29664564
0.58302194 -1.79995918 -1.01518619
-0.52028555 -1.67442942 -1.23700786
1.35604024 1.01796782 1.30825949
-1.39369500 -0.78997129 0.02906514
-0.92022902 -0.56956661 -1.26911938
-1.03567564 1.14575195 -0.28696018
1.41714334 0.84549308 -0.58663750
1.10112906 -1.69069350 -0.79414666
-0.04927801 1.17655230 -0.47023284
-0.23842955 0.04372880 1.26965153
-1.36847138 0.29686779 -1.12284267
-1.22301888 -1.57432675 -0.10654294
-1.40610564 -1.12121749 -0.44367394
1.21215439 -0.94128072 0.55609041
-1.31374645 0.92855191 1.24015343
-0.06304543 -1.40119147 0.35290170
-0.74051422 -0.95470750 0.82656187
-1.42425501 0.20594460 -0.59925348
0.98547101 0.39936987 -1.29313612
-0.65219957 0.98947197 1.14441657
-0.60616052 1.16100407 1.38581884
-0.54565567 -1.79989052 -1.13762438
0.62894720 0.62531525 -1.28950942
1.25258219 -1.04584312 0.50311226
1.36770689 0.98796570 0.48686597
0.88888299 -1.51181459 0.12434884
-1.39420843 -1.08567727 -0.84888750
-1.22221828 1.14166331 1.38970351
-0.41438806 -1.03133738 0.70841396
-0.14477217 1.13954878 1.46422482
0.57124496 -1.69783270 -0.22541676
0.11009260 0.78226292 0.77539778
0.62699336 0.82914257 -1.26544714
-0.07026027 0.07697643 -1.27031934
-0.08505133 -1.46668959 -1.24729800
-0.61977857 0.90876114 1.19323683
-1.37626088 0.61641937 -1.10346770
-0.38761961 -1.61835122 -0.03395039
-0.24296899 -0.58593339 1.26342797
0.81782550 -0.35500190 -1.27019477
1.39260912 -1.37217784 0.24575993
1.21553707 -1.43005764 0.21980087
-0.94063759 0.19487505 1.14334273
0.60039502 1.06689918 -1.05270636
0.89042145 1.05110157 -1.05266511
0.33244807 -0.82080340 -1.26575100
0.17577218 1.10563076 1.31301033
-0.58053553 0.66885310 -1.28257370
0.14651327 -1.17614758 -1.28648627
1.18623435 -1.21579349 0.46759146
-0.06617168 -1.00242579 0.77072817
1.10945749 -1.73174691 -0.65872562
-0.24945931 0.28061360 1.08744419
1.16851771 0.90428513 1.27762544
1.47203290 0.53250283 0.09900996
-1.33889759 0.73718083 -1.33436811
1.39271402 0.97272074 0.35311276
1.44850075 -0.94536018 -0.27113652
-1.27379632 -1.26502001 -1.50432932
-1.22570753 1.13918567 1.43431437
-1.39910328 -0.19559684 -0.59958935
0.28832981 -0.51357150 1.31119454
1.00808203 0.11178099 1.20384097
-1.37558651 -0.70320708 -0.86998045
-1.37279665 0.48844704 -1.37304199
-0.20339151 -1.77794409 -0.39242634
-1.18315256 1.13399303 1.36849785
-0.80661774 1.16035759 1.43686128
-0.48978597 -1.76274073 -0.39242634
-0.89840347 0.81558567 -1.33574998
-0.80564088 1.21388817 0.74416000
0.39036188 0.67368329 -1.28257370
-1.40866625 -1.12121749 -0.27354226
1.42109919 -0.87981111 0.14078119
0.18754758 0.98242557 1.22648144
-1.13256609 -1.56785262 -0.05342378
-0.60818434 -0.19031255 -1.27030206
1.18934381 0.95553041 -1.11799276
-0.88158411 -1.74130201 -0.81879973
-0.70643634 -1.42139149 0.29664564
-1.15742183 -1.48660588 0.11401427
-1.40317559 -0.42483565 -0.41616350
-0.55367786 1.06689918 -1.05270636
-1.32380617 -1.53213358 -0.46916613
-0.04936948 1.24187410 0.30962539
0.34674266 -1.81825089 -1.01518619
-1.37843430 -0.98322541 -1.10127747
-0.40684575 0.68718117 0.79530668
0.99209052 1.12994838 -0.61530519
-0.79387623 0.52911359 -1.30826247
1.45787990 0.61659795 0.30103102
1.05880153 -0.74872035 1.05951011
-0.06425092 -1.26335227 0.47091374
-0.97008097 -1.01416898 -1.44254363
-0.54596341 -1.84938979 -0.75065029
1.33805323 0.57841069 -1.61484671
-1.34391201 1.01288068 0.22590607
-0.43581259 -0.27441940 -1.27028060
-1.37687457 -1.08567727 -1.11417615
0.96642840 -1.02027774 -1.35116923
1.26973593 -1.57432675 -0.10654294
1.15762079 1.15217412 0.22955987
-1.37868929 0.78775978 -0.58633959
-1.40208066 -1.19046974 0.06303500
0.60331327 -1.42901683 0.29664564
-0.45207313 0.88850367 1.22962928
-0.04316009 -1.82200933 -0.82246614
-1.22643650 0.19806600 -1.25237858
-1.15567899 0.05589990 0.91603971
-1.12314236 1.04835188 1.39127755
0.70278299 1.10167575 0.88633448
1.40957880 -1.39181399 -0.46991652
1.38841999 -1.47457492 -0.66111046
1.44722295 0.57524329 -0.82155329
-0.19345747 1.22780371 0.02398736
0.76709473 -1.24337363 0.47091374
0.98936731 -1.18707991 -1.57387412
-0.23772086 -0.29320988 1.37765908
1.27242470 1.13918567 1.43431437
1.16245055 1.14156520 0.02712738
1.34821022 1.08097196 1.35653377
1.36135852 0.66023022 0.62426215
-1.36066961 -1.04999387 -1.37022340
-0.07168255 0.21332073 -1.27008665
1.39343226 0.35406080 0.44375470
-1.39784646 0.69574535 0.25814423
0.72630942 1.11248255 1.12024260
-0.94537342 1.12994838 -0.61530519
-0.92063743 0.47944093 -1.37304664
-0.58642089 -1.09313917 -1.28435528
1.06398654 -1.38709772 -1.28553843
1.40381706 0.75732207 0.49593124
-1.30273581 0.73951787 0.60895294
0.64734918 1.16809630 0.77953941
-1.03022540 0.23062721 1.08717430
1.06282079 -1.36476171 -1.35311067
-1.39336896 -1.22624576 -0.29558381
-1.43151033 0.20591031 -0.22982650
1.44034684 -0.78997129 -0.09623677
-0.90046394 -1.76754045 -0.58360726
-1.15204835 -0.03146476 0.95878142
-0.80350471 1.14133072 1.36008704
0.89560628 -0.04835180 1.31865168
-0.25098288 1.08515501 0.77845895
-0.04939704 1.19654584 -0.28858685
1.02830255 0.00716202 1.26846337
0.72178507 1.04130352 0.96181655
1.39518666 0.51230770 0.55404651
-1.10604072 1.16052508 0.36831650
-1.36389017 0.71497065 0.49998254
-0.06717135 -0.85536236 0.98367143
1.39184177 1.01116347 -0.07057055
-0.34471896 -1.40317774 -1.25600159
-1.15442860 -1.06577194 0.58057964
-0.92438513 -0.29337808 1.37765908
0.24017458 1.22780371 0.02398736
0.71279967 -1.68839526 -0.22541676
-1.40687203 0.65630448 -0.06296294
-1.27606630 0.94696254 -1.02025437
-1.38514709 -0.42483565 -0.87157017
0.99255836 -1.15071428 -1.57496607
0.14987631 0.45914602 -1.27486873
-1.24654877 1.10411668 -0.45568979
-0.97345513 0.47287753 -1.48436189
1.03930569 -1.18651915 0.48810470
-0.66458255 0.88380855 1.22606611
0.11353428 0.25571650 1.11156726
1.41438866 0.90661824 0.04786088
0.27834141 1.06605184 -1.05270636
-1.29523647 -1.35185540 0.31615648
-1.36502612 -1.39181399 -0.34199277
-0.72053671 1.11147249 0.92640454
-1.06099534 0.40466732 -1.41253257
-1.29328680 -0.49341521 0.56324965
-1.37042952 -1.15170145 0.36657801
1.07408392 0.98198891 1.34379530
-0.73003924 -1.09413242 0.55859739
1.48983085 0.35362625 -0.05490293
1.33833039 -1.33846653 -1.29272079
-0.06792615 0.33110538 1.03182030
0.62639034 0.79302227 -1.26749611
-1.37875450 -0.62834269 -0.87059426
-0.86220264 -0.50802273 1.31119454
0.62619764 0.75272661 -1.26677418
-1.35515654 0.23813081 -1.12984300
0.10961603 0.82429057 0.77032244
1.04855454 1.15149474 1.39255393
0.65493250 0.07171344 -1.27031934
-1.35078037 -1.43296373 -0.63424599
-1.22158277 0.92553407 1.28918707
-1.06262851 -0.92593324 0.74762547
-1.01150489 1.02843130 0.73190713
0.73744285 1.11773992 1.22039878
-0.95082152 -0.21906075 1.37074089
-0.92343485 -0.19193737 -1.27030206
-0.81032622 0.42244706 -1.28010309
-0.42958480 -1.86006927 -0.72059810
1.32751358 0.69934791 -1.54615963
-1.24504352 1.09553540 0.03321609
0.51748818 0.26565751 -1.26858342
0.90134299 0.88108230 1.24234974
-0.94565696 0.77083349 -1.47159684
-1.29559088 0.78185207 0.60706222
1.37675524 -1.30031979 -1.31781065
0.15021029 -0.99997032 -1.27106726
0.11117611 0.04503570 1.26965153
-1.38629627 -0.19559684 -0.87206733
0.74827784 1.11543131 0.92806298
1.34726310 -1.53057337 -0.98947501
0.99753869 -0.21906075 1.37074089
-1.40576315 -0.35255596 -0.23494470
-0.95669037 1.19688058 0.42998254
0.75203592 0.84617907 0.77005714
-1.32503080 -1.34532332 -1.12920487
1.45061338 -1.15632534 -0.27055514
-0.25561944 1.02533352 0.77714044
-0.41320342 -1.06730342 0.63382334
1.15369189 0.93321669 1.20410383
-0.82792103 1.15708387 1.39634156
-0.52452779 -1.69783270 -0.22541676
0.11858679 0.22386050 -1.26982582
-1.36572099 0.90895993 0.23266271
-0.75277817 1.10063934 0.90476924
0.94407696 0.77989995 -1.36028409
-1.16090393 0.91194755 -1.17913079
-1.40622628 0.40278897 -1.09777689
-1.40107763 -1.19074428 -0.02752177
-1.31746638 -0.79383934 -1.12651455
0.11128321 -0.37021771 1.36854196
-0.07022685 -0.35621136 -1.27019477
-0.09333984 -0.91618419 -1.26478815
0.11606295 0.96616691 0.77491051
0.94385642 0.95440578 0.77568668
-1.08465111 1.12727833 -0.46834996
-1.15742183 -1.48660588 0.11401427
1.42154527 0.73780221 -0.81838560
1.33805537 -0.78997129 0.39832160
1.37466264 1.04261839 -0.58258182
0.82803267 -1.34322536 -1.28257012
0.78896606 -0.74974716 1.09901261
0.51416254 1.21553683 -0.10611366
0.76685482 -0.04610719 1.31865168
0.97279954 0.14353739 -1.27030039
1.05461049 0.82225168 0.73931342
-0.44205612 1.17179477 1.44577539
-0.04915208 1.25164473 0.53536934
-1.29251921 -0.87979168 0.34902361
-0.70531881 0.84617907 0.77005714
0.92432153 -1.74056518 -0.89958692
1.48983085 0.35362625 -0.05490293
-0.73032618 1.10259557 1.11635220
-1.03757679 1.18165016 0.60955018
-0.50841695 -1.45644307 -1.24729800
0.64128357 0.29074073 1.06878471
-0.54489684 -1.83544230 -0.76848876
-0.71832186 1.02967250 -1.08708620
0.54657000 1.12303984 0.78654307
0.42551929 1.13641191 0.77950180
-1.37042952 -1.15170145 0.36657801
-0.06425092 -1.26335227 0.47091374
-1.01392245 0.82757610 -1.40087342
-1.35899770 0.84458035 -0.81857169
-1.38008249 -0.56016701 0.22762373
-1.38221788 0.57524329 -1.10498774
-0.04915208 1.25164473 0.53536934
1.19153583 -1.44869184 -1.23223341
0.28807956 0.55298126 0.84177804
1.45342481 -0.11588724 -0.05561303
-0.60314196 1.13950717 1.34256244
-0.40898672 0.64201289 0.80687743
-1.06727540 -1.14279854 0.50558722
-0.94265014 -1.18707991 -1.57387412
-1.08343995 1.10560691 1.33393037
-0.93846917 -0.80760270 -1.26575100
-0.59400719 -1.75178993 -1.21459043
-0.70025420 1.15744972 1.38312113
-1.13089168 0.98117900 1.33983910
0.64395738 0.45251113 -1.27486873
-0.57919991 -1.20556951 -1.28539419
1.44463456 -0.42483565 -0.60348248
-0.52245373 1.01204693 0.78470790
-0.55893600 1.14520931 0.78897011
-1.34480917 -1.43276894 -0.77047771
-0.45456043 1.15636253 1.47031260
1.26829994 0.92553407 1.28918707
-0.06491371 1.03250408 -1.08708620
-0.57373738 0.59071404 0.82244122
0.99649721 0.25418231 -1.26858342
1.25985420 1.12068546 0.48085797
-0.07186966 0.22386050 -1.26982582
-0.89825410 -1.15797341 -1.41760600
1.36770689 0.98796570 0.48686597
-1.39423013 -1.22622585 -0.16017061
0.95946908 -1.43283641 -1.25078034
-1.38824427 0.65630341 -0.82023388
-1.16634405 0.85361803 0.68700999
-0.10011404 -1.40740836 -1.25600159
0.14608003 -1.28818202 -1.28041875
0.95111227 1.15398228 1.39398766
1.34407854 1.11978328 1.40625560
1.45333183 -0.27568537 -0.05577189
1.02310646 0.98915941 1.23028314
-0.30403039 -1.82778120 -0.78345692
-0.14479695 1.17501318 1.42830169
0.94930607 -1.12084663 -1.41051745
1.43260789 -0.35255596 -0.87185627
0.75609970 0.92486548 1.19470549
1.34054804 1.08432591 -0.25326735
-1.22646093 0.21296041 -1.25181448
1.39271402 0.97272074 0.35311276
-0.06422124 -0.29319248 1.37765908
0.08962840 -1.82100821 -0.90072048
1.40180850 0.96422607 -0.22944698
-1.40534222 -0.42483565 0.09516958
-0.57860029 -1.24238467 -1.28428459
1.11882317 -1.70935166 -0.48522976
-1.17491996 1.14630306 1.39329779
-1.18095040 0.39721271 -1.41817927
-0.88893908 -1.79647636 -0.73874903
-0.43498740 -0.50459528 -1.26965356
1.43575776 0.69959062 0.37728575
-0.99494457 0.39354157 -1.32373321
1.10112906 -1.69069350 -0.79414666
-1.40397978 -0.35255596 -0.41041905
-0.97088319 -0.50621343 1.30663753
1.35968566 0.98448890 1.28263831
-1.29451025 -1.39188600 -1.13852656
-0.92302638 -0.96222645 -1.28138280
-1.38160884 -0.94533581 0.12793179
1.45109451 0.65630341 -0.40471607
-0.24048822 0.59993452 0.82244122
-0.96722108 0.30554101 1.03182030
0.23439510 -1.81740046 -0.50967062
-1.40662467 0.05321554 0.09955065
-0.17699464 -1.86549783 -0.67123431
-0.80557787 0.44851553 -1.28892803
1.35477841 1.05041969 1.35336840
0.94497126 -1.15797341 -1.41760600
1.25196648 -0.03137984 -1.25284767
1.44979846 0.12827656 -0.59958899
0.47650427 1.17052448 1.40654230
-1.30033505 -0.98878300 -1.45689189
-1.20111799 -0.56382942 -1.25157869
-1.01971388 -1.10604930 -1.65707123
1.40187347 0.23813081 -1.12984300
1.45294201 -0.19559684 -0.22984597
-0.97136134 0.18553039 1.14343190
1.19461095 0.66961926 -1.66484642
0.14326076 -1.43074656 -1.25073981
-1.15710795 0.91228771 0.68510020
0.24023671 1.21623194 -0.10611366
-1.11871433 0.88193411 1.18864548
-0.98158544 0.00716202 1.26846337
-1.36679327 -1.15632534 -1.11836946
-0.74967259 1.14471793 1.36209261
-0.70643634 -1.42139149 0.29664564
-1.14795601 0.55317956 0.74164909
1.06309175 0.64005589 -1.68083477
-0.70776355 0.99411064 0.97544825
-0.04939379 1.21583796 -0.10611366
-0.37501356 -1.70532858 -0.22541676
-1.20828545 0.42417520 0.67496520
0.28346652 -1.30283594 0.44426486
0.73837698 1.11185372 1.01430166
-0.40047294 -1.39151895 0.35290170
-1.40913856 0.53979194 0.43496919
0.51399857 1.23342931 0.13375482
1.10670328 -0.49843317 -1.26965356
-0.18767796 -1.81740046 -0.50967062
-0.39009494 1.11616027 -0.92997658
-1.20418859 -0.42660928 -1.25247431
0.70329005 -1.83629620 -0.75065029
0.64985907 1.13950717 1.34256244
-0.95047295 -0.65135044 1.19677651
1.34122753 -1.39188600 -1.13852656
-0.43569949 -0.35569894 -1.27019477
-1.14109492 -1.20361257 -1.66675067
-1.41109788 0.44655406 0.34892166
-0.67506790 1.04130352 0.96181655
-1.06379282 -1.73185027 -0.61942500
-0.10065482 0.58787513 -1.28956568
-1.39346075 -0.70275396 -0.42392141
1.42866755 -1.04999387 -1.11039841
1.23800242 0.23724674 0.80433840
-0.89785725 0.91517073 1.18871474
-0.10349317 -0.99997032 -1.27106726
1.45248008 -0.35255596 -0.23494470
1.34230793 0.78185207 0.60706222
-0.64861816 1.04205000 1.07158673
-1.32288420 -0.62954211 -1.13301992
1.48932993 0.35363826 -0.22976552
1.39453197 0.96195388 -0.58408326
1.36888218 -1.20647454 0.43167478
0.76767510 0.89162958 1.19373274
-1.02840114 0.69759166 0.75439996
0.11606295 0.96616691 0.77491051
-0.94813073 0.83797109 -1.36321306
1.06493604 0.99971730 0.73089999
0.50218451 1.11991024 1.45011115
-0.33407548 -1.42642701 -1.25073981
-1.42354631 0.48844704 -0.58889735
-1.36767137 0.90661824 0.04786088
1.33833039 -1.33846653 -1.29272079
0.22327982 -1.87613153 -0.75065029
-1.35140836 0.78794229 -1.07727778
1.38601077 -1.41334152 0.17853235
1.44041216 -0.78997129 0.02906514
-0.74752504 1.08495557 1.10257041
-0.61415136 -1.49168229 -1.24519610
0.72186637 1.15029895 1.46659923
-1.40652728 0.65631139 0.17459461
0.44865417 0.90777338 0.77210510
-1.29497993 0.05245696 0.55673802
-0.78115261 0.74713224 -1.28932595
-0.46271941 0.99921393 1.35770357
-1.11340988 1.11237681 -0.61479533
1.39518666 0.51230770 0.55404651
0.78291947 0.44371322 0.89677966
1.45294201 -0.19559684 -0.22984597
1.00706768 1.18034554 0.12379409
1.02786374 -0.95668018 -1.29909456
0.99702966 0.86917573 -1.30816495
0.19140734 1.17403865 1.44747818
-1.40021157 -1.12121749 -0.62689722
-1.11136436 0.91187036 1.19166541
-1.33022141 -0.03409333 -1.13546181
-0.24651527 -0.85323638 0.98367143
-0.06042508 -1.63002980 -0.03395039
-1.00242066 0.91297078 1.18879938
-1.35027778 0.80848640 0.49298373
-1.02534199 0.22036602 1.09768999
0.97836214 0.12019597 1.20383799
-0.18182240 1.24857712 0.77360106
-0.42539138 -1.80060184 -0.82246614
0.65493250 0.07171344 -1.27031934
1.42461550 -1.11998975 0.27865922
-1.41540670 -1.04999387 -0.45232871
-0.40450236 0.73067427 0.78477877
0.14630383 0.71994567 -1.27190673
0.83018333 0.20274626 -1.27008665
1.37266135 -0.88572317 -1.12122691
0.19280088 1.06938207 1.41141510
0.22853954 1.24857712 0.77360106
0.78135604 0.97693932 1.13287246
0.14641798 0.83910799 -1.26544714
1.00217330 -0.74053431 1.09901261
1.08429396 1.18165016 0.60955018
-0.57971632 0.71102470 -1.27190673
-1.38169229 -0.56016701 -0.87096965
1.34945309 0.73951787 0.60895294
1.26947141 -1.18564820 0.47603789
0.90173191 0.12508680 1.20383799
1.44539869 -0.35255596 -0.60136521
-0.05722634 -1.69403958 -1.23700786
0.14326076 -1.43074656 -1.25073981
0.51253188 1.25084066 0.53536934
1.11882317 -1.70935166 -0.48522976
-0.68538934 1.12574768 1.29360020
-0.99494457 0.39354157 -1.32373321
0.18754758 0.98242557 1.22648144
-0.42364213 0.26691946 1.09839416
1.22986972 1.13399303 1.36849785
-0.95302445 -0.29670545 1.37519836
0.84197640 -1.05364203 -1.29748058
-1.27180362 0.90612245 1.25930369
-1.00865376 -1.25025237 -1.61173725
1.06237125 -1.70271134 -1.15076864
1.36597836 1.05108583 0.12409357
-0.06973840 -0.65039486 -1.26837349
1.02379072 -0.57503396 1.25798035
-1.33713043 1.00823617 -0.58133525
0.23989151 1.17709613 -0.47023284
1.24990404 1.11783636 1.43620861
1.21981514 0.80484760 0.68867868
-0.79387802 1.05598104 1.17960978
1.13352120 1.05390942 1.29290009
1.20905375 -0.69883704 0.80307883
1.42270625 0.84743851 0.23783365
1.40512872 -1.43296373 -0.19596426
-1.36066961 -1.04999387 -1.37022340
-0.72542512 0.98104602 0.90107405
-0.89840347 0.81558567 -1.33574998
1.28879118 1.10092115 0.22047947
0.47035921 0.26691946 1.09839416
-0.23780939 -1.25967097 0.47091374
1.02913165 -0.65016228 1.19034231
-1.15489960 0.58742768 -1.70144415
-1.12928712 0.90440446 1.27734470
-0.46453810 0.94280267 1.31383073
0.83018333 0.20274626 -1.27008665
0.72630942 1.11248255 1.12024260
-0.61651993 0.95050687 1.20053005
1.38384748 1.00823617 -0.58133525
-0.71688604 1.15656424 0.77222961
-0.86173171 -1.12337732 0.51413190
0.81513345 1.12454414 0.78509539
1.48346031 0.44423622 -0.05504706
0.47113121 0.32559288 1.03182030
-1.05402815 -0.71322531 -1.26731217
1.36759520 -1.53105247 -0.57922149
0.74645352 1.11369765 1.12414324
-1.39904940 -0.62834269 -0.08808346
0.33244807 -0.82080340 -1.26575100
-1.26790464 0.95256388 0.60666150
-0.10180224 -0.97626501 -1.26680434
-1.36426866 0.69574314 -1.09521747
0.98804289 0.22395205 -1.26932812
-1.41667712 0.57524329 -0.40493530
1.22510600 1.14383233 1.43776798
-0.68761635 1.24131572 0.74407089
0.95125937 1.14529943 -0.47023284
-0.07186966 0.22386050 -1.26982582
-1.05047381 -0.54063249 1.19225681
1.43579233 -1.12121749 -0.85141331
-0.97814626 -0.07351771 1.31581450
-1.32065821 0.44820198 -1.50771070
0.10764684 1.11436510 -0.92997658
0.90532881 -1.36872220 0.35290170
-0.82469642 -1.44250381 -1.24885297
-1.17882121 1.13858759 1.44369626
0.84646696 -1.02518094 -1.29014540
0.61841989 -1.17380118 0.49596232
0.77889282 -1.05804563 0.63382334
1.44708693 0.69574410 0.06032643
1.34726310 -1.53057337 -0.98947501
-0.94563532 -0.57527661 1.26342797
-0.39833075 -1.43507361 0.29664564
1.12245250 0.35943967 -1.29361808
1.07400918 -1.06944323 -1.61567366
1.09150112 -0.47394609 1.23556292
-1.14452708 1.13301933 -0.09901754
-0.61646092 -0.72370243 -1.26731217
0.99190968 -1.35459924 -1.38416672
-0.34377137 -1.17279875 -1.28648627
0.65567374 1.01115620 0.81073040
-1.35853601 -1.43296373 -0.08248635
-0.70156068 1.11543131 0.92806298
-0.35589495 0.42992121 -1.27059448
1.45248008 -0.35255596 -0.23494470
-1.40389597 -1.15632534 -0.27055514
-1.33138001 -1.45496118 0.10395917
-1.19184351 0.29352376 0.75397432
-1.11573339 1.14156520 0.02712738
0.94718099 -1.76754045 -0.58360726
0.11127750 -1.22417974 0.48694545
-1.38833725 0.53249192 -1.10441399
-1.27606630 0.94696254 -1.02025437
0.72583133 1.11425626 0.91155684
0.30320725 0.15496327 -1.27030039
1.46934867 0.53249192 -0.40504131
-1.00306129 0.24908119 1.08739388
1.02495992 1.03822803 -1.05250013
-0.77066618 -0.43050787 -1.27000046
1.28330481 -1.61494982 -0.28974852
0.74598491 0.99022651 0.88853806
1.46528423 0.57524329 -0.22963424
-0.58656788 0.38141966 0.96482325
-0.80314237 1.11285508 1.44476604
1.46844780 0.49080718 0.33624396
-1.37808824 0.84572130 0.05040450
-1.33012819 -0.27560532 -1.13538849
-1.38174355 0.40339133 0.38827661
1.39226270 -1.47457492 -0.53790045
-0.25569257 -0.27430275 -1.27028060
0.76383436 0.71830195 0.78477877
-0.43953320 0.89787173 1.19847035
-0.41223270 0.54875118 0.84177804
-1.13089168 0.98117900 1.33983910
1.24969697 -0.49610564 -1.25210774
-0.53630489 -1.79995918 -1.01518619
1.29488754 1.14119124 1.42099822
0.92457938 0.37082449 0.96462071
0.28876600 0.50794971 0.86149830
-0.34364477 0.67368329 -1.28257370
0.92943013 0.98191774 -1.13252866
-0.23147899 -1.48500192 0.22837724
-0.83042073 1.19425201 0.02398736
-0.58987695 -1.05768907 -1.27858424
-0.71294564 0.75991666 0.77539778
0.77472335 0.58472520 0.82244122
1.45026624 -0.49337542 -0.24773082
-0.56907851 0.04022132 1.26965153
0.64985907 1.13950717 1.34256244
-1.33713043 1.00823617 -0.58133525
-0.87930131 1.13817680 1.35878849
-0.57171005 0.91976321 -1.22918200
0.10932583 -1.44513130 0.29664564
0.50365281 0.99671471 -1.13252866
-1.31668639 1.07707500 -0.42948085
1.02071404 0.47815457 0.84251153
0.11149819 0.65032351 0.80687743
-0.41336226 0.50394356 0.86149830
-1.25036395 1.04452550 -0.92438799
0.95929348 0.89606267 1.18359911
0.26546043 -1.71236241 -0.22541676
0.82944483 -1.37070906 -1.27287316
0.96333444 1.20881677 0.65436959
-0.56508410 0.72519732 0.78477877
-0.04316009 -1.82200933 -0.82246614
-0.25569257 -0.27430275 -1.27028060
0.62591696 -1.20556951 -1.28539419
1.43865800 -0.87981600 -0.44060585
-0.91024816 1.06303644 1.40668881
-0.94636911 0.80632746 -1.41990006
-1.43867803 0.29019952 0.10187997
1.45862758 -1.01529944 -0.62688798
1.02285624 -0.15355471 1.34708047
0.14987631 0.45914602 -1.27486873
1.17404544 1.01469135 1.36548579
-0.40047294 -1.39151895 0.35290170
-0.92479086 -0.99995100 -1.33000350
-0.97257584 1.05435240 1.27627933
0.71239191 -1.80579090 -0.59846216
1.44662571 -1.19104373 -0.13301769
-1.39787090 -1.11987007 0.15061685
0.11448591 0.27191305 1.09839416
-0.65545374 -1.78740740 -1.13802063
0.22350670 -1.87628257 -0.72059810
1.02840114 -1.03650928 0.64278263
-0.41223270 0.54875118 0.84177804
0.18454586 1.12719595 1.33568811
1.44196081 -1.15632534 -0.62844366
1.10074520 -0.71322531 -1.26731217
0.28108391 0.86350513 0.76999265
-0.98283398 -0.38322330 1.35177457
-1.37042594 0.84549308 -0.58663750
-0.67895937 1.22891080 0.76771283
0.82932073 0.66370535 -1.30912006
0.84001184 0.37572861 -1.26868725
-1.22275424 -1.18564820 0.47603789
-1.06727540 -1.14279854 0.50558722
1.34645641 0.90767598 1.22496474
1.44142795 0.48844704 -1.10168219
1.10203195 -0.60878205 1.13559544
1.24783516 -0.56382942 -1.25157869
-0.73620242 0.44371322 0.89677966
-1.27342021 -1.29980659 -1.44929254
-0.74688405 -0.90749860 -1.26537120
0.22853954 1.24857712 0.77360106
1.42663932 -1.30358028 -0.37301192
-0.74283266 0.96304595 1.17806542
0.86454856 1.15097392 1.37820649
0.91444111 1.05520654 1.24331105
1.43251109 0.78791595 0.14481355
-0.06304543 -1.40119147 0.35290170
0.72299922 0.94502586 0.78823674
-1.32169580 0.17905109 0.52146614
-0.77010518 1.05332041 0.96341246
1.09150112 -0.47394609 1.23556292
-0.74660838 0.98491538 1.05928242
-1.32412016 0.99652648 -0.79644704
-1.40258741 -0.94536018 -0.10463208
0.11149819 0.65032351 0.80687743
-0.06993838 -0.57767141 -1.26911938
1.45943773 0.16632631 -0.59957176
-0.87033969 0.43709967 0.89536220
0.80727506 1.15422642 1.38067472
-0.82792103 1.15708387 1.39634156
-0.10315920 0.45914602 -1.27486873
0.30723831 0.22187185 -1.26982582
-0.66705805 1.13763905 0.79981250
0.22853954 1.24857712 0.77360106
-0.07051744 0.15669590 -1.27030039
-1.39956272 0.49698231 0.44259748
-1.32349849 -1.52772176 -0.11328010
1.10919738 -0.77036434 0.95739257
1.31357110 0.90983599 1.20961452
1.44634247 -0.94536018 -0.44726741
1.28383946 0.81874901 -1.36835527
1.39480352 -1.12121749 -1.39601433
-1.37540901 0.79315400 0.36555371
0.45356283 0.68718117 0.79530668
0.11096806 -1.26335227 0.47091374
-1.21279562 0.90543735 1.27115309
1.38561463 0.73718083 -1.33436811
1.13880455 1.13470078 1.36188579
-1.27782798 -1.15944064 -1.60680473
-0.34404567 0.86599422 -1.25780451
-1.15567899 0.05589990 0.91603971
-1.00789332 0.82225168 0.73931342
-0.70025420 1.15744972 1.38312113
0.97015196 -0.19193737 -1.27030206
1.43513536 -1.26300263 -0.01437979
1.39205778 -1.30245507 -1.12119257
-1.43885529 0.29034433 -0.05513183
1.45975471 -0.98356867 0.01717003
1.45742953 0.12811978 -0.05577379
1.04026985 0.35167331 0.96279490
0.15058017 0.43270615 -1.27059448
-1.42258584 0.40233815 -0.83037466
0.22371177 -1.86549783 -0.67123431
-1.31197000 1.03368163 0.48631918
0.19188343 1.15612984 1.37334335
1.39458656 0.90091348 -0.81932724
0.88572091 1.18011701 0.75219041
1.45836246 0.57524329 -0.58832663
-1.29957044 1.10390460 1.37407434
1.43290198 0.78775978 -0.06719258
-1.29955614 0.40879720 0.54639858
0.79086882 0.37684160 0.96482325
-0.79991585 0.48471525 -1.29881465
0.75944740 -1.73987210 -1.21465969
1.43496132 0.65630341 -0.82023388
-0.45456043 1.16697943 1.46189594
-0.79387623 0.52911359 -1.30826247
0.38012347 1.22825813 0.02398736
-0.14828002 0.90645641 1.27510548
1.34627330 0.40879720 0.54639858
-1.09101856 1.02064073 1.26751935
-1.37088478 0.67555076 0.50765193
0.49657139 1.21409202 0.78085142
-0.67939347 1.12705743 -0.83989924
0.84063786 1.07881546 0.87295943
1.06044769 -1.14250851 -1.67987812
-1.42346716 0.35445666 -0.84183931
-1.01208436 -0.74872035 1.05951011
0.75315344 -1.42139149 0.29664564
1.48821151 0.40182924 0.10290605
-0.94211316 -1.07790005 0.57018870
1.25090575 -0.42660928 -1.25247431
-1.40610564 -1.12121749 -0.44367394
0.63618535 1.12266850 0.80907506
0.27961066 1.13484704 0.77948600
1.43023741 -0.11589520 0.27822089
0.67060125 0.23196262 -1.26932812
-0.45422563 -1.80179191 -0.50967062
-1.35161853 -1.34665430 -0.91558516
1.44017804 -0.70275396 -0.42392141
-0.20399238 1.14711928 -0.73572445
-0.97065717 1.10274410 -0.84106773
-1.35796714 0.73783875 -1.08819866
0.55513412 -1.45644307 -1.24729800
-1.26013267 -1.08136988 0.47198984
-0.72696310 -0.44023016 1.34621572
1.03594542 -0.45170984 1.32581162
0.14660530 0.87006128 -1.25780451
1.41131175 0.53249192 -1.39073014
0.52322841 1.16102099 -0.61503023
-1.39336896 -1.22624576 -0.29558381
1.40075660 -1.08567727 -1.38684130
1.21440971 -0.97933650 0.51731437
-0.06042508 -1.63002980 -0.03395039
1.43251109 0.78791595 0.14481355
0.30723831 0.22187185 -1.26982582
-1.31575751 0.92720306 1.25902295
1.46615183 -1.01529944 -0.27722755
-1.20523739 -0.11334888 -1.25284433
-0.04461321 -1.85072458 -0.59840077
-1.38185048 -1.08499873 0.17563543
1.10771251 0.40466732 -1.41253257
-0.10009916 0.63347822 -1.28950942
-1.40163839 -1.19052970 0.18772416
-1.37279665 0.48844704 -1.37304199
-0.89785725 0.91517073 1.18871474
-0.86364847 -1.16013491 0.49712145
0.74697137 1.15744972 1.38312113
-0.08867748 0.95349985 -1.18874466
-1.29695439 -0.94523889 0.31186965
-0.94813073 0.83797109 -1.36321306
1.24920607 0.91127640 1.19833839
-0.04743421 -1.82321644 -0.50967062
-0.90807915 -1.08357060 -1.39478564
-0.17560488 -1.83542681 -0.78345692
1.10837960 -0.35397279 -1.27019477
-1.32169580 0.17905109 0.52146614
-0.43581259 -0.27441940 -1.27028060
0.44935551 -1.34446859 0.40421912
0.38986406 0.71606565 -1.27190673
-0.83071530 -1.59147048 -0.03508747
1.35774302 -1.51175249 -0.00763344
0.11786827 0.19728379 -1.27021885
-0.90391284 1.13422060 1.45677841
-0.94132578 0.22395205 -1.26932812
1.30532503 1.09141266 -0.60869700
0.09415133 -1.82321644 -0.50967062
0.14629503 0.80266833 -1.26749611
0.78094304 -1.02251244 0.70841396
-1.43186212 0.20539385 0.09964989
-1.38841081 -1.26300263 -0.10332370
-0.18182240 1.24857712 0.77360106
-1.39899397 -0.62834269 0.04807343
1.32051349 -1.26502001 -1.50432932
0.50218451 1.11991024 1.45011115
-0.06456038 -1.22417974 0.48694545
-1.40495110 -0.42483565 -0.24158087
-1.06204832 0.06262541 -1.27031934
-0.78701222 1.12902689 1.33481920
0.88566256 -1.57408726 -1.24056983
-0.33294055 1.17780256 -0.47023284
-0.94584125 -1.15071428 -1.57496607
-0.86336601 -1.05126429 0.63498247
-1.42925322 0.44425580 -0.58942771
0.66323704 0.95050687 1.20053005
-0.96475464 1.08359957 1.30126929
-1.35710001 0.75732207 0.49593124
1.48963702 0.35359004 0.10278220
-1.17918384 -1.15016294 0.49578968
-0.57170284 -1.17380118 0.49596232
-0.41019151 -0.44196498 1.34621572
-0.41057605 1.02597260 0.77709949
-1.16904676 -1.02635109 -1.57139051
-0.24545945 0.25360641 1.11156726
0.94407696 0.77989995 -1.36028409
-0.18622677 1.21512091 0.78086185
-0.58737683 -0.84753102 0.98367143
-1.33003807 -1.30031979 -1.31781065
0.73433340 1.24131572 0.74407089
-0.82590973 1.21756756 0.49469140
-0.75211626 1.15931749 -0.47023284
-1.39782131 0.69574314 -0.40459910
-1.00929499 -0.94438177 0.78281528
-1.26774216 0.89035589 1.22948432
0.28623092 0.13624552 1.20383799
-0.14828002 0.89530253 1.25314212
-0.25837925 0.19539644 -1.27021885
-0.76662302 0.92177433 1.19236529
1.09150112 -0.47394609 1.23556292
-1.33319032 -1.26235056 -1.34528673
0.57549465 0.32246014 -1.26760805
1.07519972 0.87679160 1.23863912
1.40384936 -1.22624576 -1.11820364
1.15711820 1.08009732 0.68995595
1.45757103 -1.08567727 -0.44949520
0.10993637 1.13437831 0.77949274
-1.01430941 -1.39848864 0.29664564
-0.59404576 1.22698486 0.13375482
0.91119945 -1.27699447 0.44426486
-0.58505577 -0.75281447 1.09901261
0.51634258 1.17680299 -0.47023284
1.42078137 -1.34746003 -0.19289833
1.45061338 -1.15632534 -0.27055514
0.10394346 -1.69403958 -1.23700786
-1.42263162 0.53249192 -0.40504131
-1.39525425 -0.70275396 -0.25553045
-0.72696310 -0.44023016 1.34621572
-1.11705303 -1.66207099 -0.30219442
0.61310649 -0.21245220 1.37248886
-1.39281046 0.73780221 -0.22950904
-0.70776355 0.99411064 0.97544825
1.06790721 -1.10695672 0.53305179
1.03252375 1.00676787 -1.08708620
0.99268758 0.90289718 -1.25396550
1.42847598 -1.30358028 -0.05404099
-1.34781504 0.96195388 -0.58408326
0.84063786 1.07881546 0.87295943
-1.05436301 -0.80269766 -1.26575100
0.93538433 0.26574305 1.08744419
-0.81783140 1.15097392 1.37820649
-0.43984923 0.91193110 1.19564235
0.56212842 1.04244339 0.78586864
-0.86281866 0.20063972 1.14334273
-1.40036976 0.69574410 0.06032643
0.84936661 -1.67689490 -0.22663578
1.41295993 -1.39181399 -0.02777312
0.39802328 -1.03273010 -1.27489102
-1.31524634 1.02965891 -0.78582281
-1.01610374 -1.36476171 -1.35311067
-0.55673903 0.90216416 0.77207971
-1.39484894 -0.87981600 0.02164736
-1.28683555 0.95180798 1.29645514
1.44835544 -1.19052970 0.18772416
1.04689312 0.29482368 1.03231812
-1.39471948 -1.22611105 0.02169482
0.14651327 -1.17614758 -1.28648627
0.48970169 -0.72598296 -1.26731217
1.09651542 0.46556243 0.81063938
0.95356286 1.03852141 0.78002208
-0.69165987 1.11185372 1.01430166
1.42899871 0.74195606 0.37075371
0.59542286 -1.53096068 0.12451136
-0.06470176 -1.55307639 -1.24323404
-0.85146302 0.87777042 1.20156717
-0.24545945 0.25360641 1.11156726
-0.72053671 1.11147249 0.92640454
-0.58683413 -0.91756946 0.89005077
-0.68761635 1.24131572 0.74407089
-1.35444915 -1.43296373 -0.50627601
-1.07004023 0.38710904 -1.34510136
-0.74688405 -0.90749860 -1.26537120
1.44573629 -0.27568537 -0.59994453
-0.59404576 1.23471034 0.30962539
1.33656931 -1.39312792 0.25433683
1.37675524 -1.30031979 -1.31781065
0.49599242 1.26008725 0.75158697
-0.60763854 -0.43140873 -1.27000046
-1.17882121 1.13858759 1.44369626
-1.04368675 0.07116974 1.14630616
-1.03937161 -0.40574348 1.26545441
-0.90443510 1.12113607 1.45025051
1.44017744 0.73780221 0.05616832
1.41433883 0.85297716 0.36009437
1.44519663 -0.62834269 -0.25391337
-0.04936948 1.24187410 0.30962539
0.38024154 1.19762063 -0.28858685
1.02250183 -0.23400146 1.36311746
-1.32776177 -0.49408516 -1.13413119
0.69155490 1.07621384 1.08792627
-0.90359312 1.15139663 1.44864690
-0.92022902 -0.56956661 -1.26911938
-0.81813449 -0.81194162 -1.26575100
0.83722317 -1.08890331 -1.30643940
-1.39899397 -0.62834269 0.04807343
-0.06617168 -1.00242579 0.77072817
0.39745840 1.14797485 -0.73572445
-1.39910328 -0.19559684 -0.59958935
-0.69072580 1.11773992 1.22039878
-1.40687203 0.65630448 -0.06296294
-1.35444915 -1.43296373 -0.50627601
0.45694840 1.01016092 1.21686935
1.09077692 -1.69717050 -1.02126992
-1.35403931 -1.08567727 -1.38684130
1.41714644 -1.15170145 0.36657801
-0.85426444 1.01944005 -1.08708620
0.50943655 0.99921393 1.35770357
-0.41057605 1.02597260 0.77709949
-0.58656788 0.38141966 0.96482325
-0.96451390 0.51660943 -1.53381288
0.87463808 1.15708387 1.39634156
1.12790930 1.11848664 0.69434988
0.72567654 1.22891080 0.76771283
0.63355124 -0.91756946 0.89005077
-1.15442860 -1.06577194 0.58057964
-1.41920102 0.57524621 -0.05685057
1.05753243 1.13169026 1.45408082
0.09133033 -1.85072458 -0.59840077
0.87141359 -1.44250381 -1.24885297
0.71744287 1.07579398 0.97241044
-0.99494457 0.39354157 -1.32373321
-0.73217565 -1.05804563 0.63382334
-1.12411582 0.88849199 1.25814474
0.19499716 0.89530253 1.25314212
-0.43010482 1.16430056 1.38832068
0.84449726 -0.96673578 -1.26971984
-0.81813449 -0.81194162 -1.26575100
0.61796862 0.63700813 0.80687743
0.24162574 1.16115046 -0.61503023
0.29323238 -0.85323638 0.98367143
0.28444225 -0.04177008 1.31865168
1.05675948 -1.17852414 -1.67878604
-0.71399671 1.21508741 0.13297130
-1.44149446 0.40182924 0.10290605
1.46528423 0.57524329 -0.22963424
-0.04366931 -1.83162713 -1.13762438
1.29423451 1.13364208 1.38060069
1.06041181 1.10155904 1.43534839
-1.32098985 0.98796570 0.48686597
0.85704339 0.42244706 -1.28010309
-1.43666375 0.44423869 0.10218108
0.82706583 -1.31045377 -1.29272497
1.44637668 -0.56016701 -0.42184702
1.43254888 -0.79042441 -0.61267310
1.42099166 -1.29962909 0.24242401
-1.03937161 -0.40574348 1.26545441
-0.65545374 -1.78740740 -1.13802063
-0.78057498 -1.20073497 -1.31161606
0.78723139 -0.95470750 0.82656187
-0.47651130 1.16102099 -0.61503023
-0.59407526 1.22058892 0.02398736
0.45295766 -0.29323250 1.37765908
0.91119945 -1.27699447 0.44426486
-1.09101856 1.02064073 1.26751935
-0.33350858 1.21674371 -0.10611366
0.73744285 1.11773992 1.22039878
1.20758033 -0.62443054 0.86729836
-0.76841635 1.12454414 0.78509539
1.43505418 0.53249192 -1.10441399
0.19537154 0.89995760 1.20005333
0.44268683 -1.47909880 0.22837724
-1.32349849 -1.52772176 -0.11328010
-1.10925364 -1.17868054 0.48684269
-1.33242190 0.93036652 0.48807430
-1.08343995 1.10560691 1.33393037
-1.12595260 1.02398634 -1.04076314
-1.43674338 0.44423622 -0.05504706
-0.59456646 0.29074073 1.06878471
0.44647136 0.81445485 0.77032244
-1.12546468 0.87506407 1.20031345
-0.04927801 1.17655230 -0.47023284
1.44722295 0.57524329 -0.82155329
-0.06470176 -1.55307639 -1.24323404
0.27462581 1.11514592 -0.92997658
-1.36593151 -1.39181399 -0.23989552
-1.36736381 -1.26288557 -0.88189244
-1.17838895 1.14383233 1.43776798
-0.99355274 0.35167331 0.96279490
0.63705778 1.01052248 1.15615940
1.43820691 -0.62834269 -0.60493743
1.39495802 -1.47457492 -0.41836792
1.17266965 1.02398634 -1.04076314
0.96986073 -0.35451883 -1.27019477
-0.77977544 -1.27427185 -1.30250311
1.43968415 0.73783350 0.14970921
-1.38590276 0.73780221 -0.58700955
-0.85036749 1.11542630 0.76398641
0.11184197 -1.14840817 0.51181370
0.65493250 0.07171344 -1.27031934
-1.17918384 -1.15016294 0.49578968
1.17978418 0.92518163 1.29633868
0.11495419 0.29912373 1.06878471
-0.93373746 0.41759247 -1.31814158
-0.77975023 -1.23735404 -1.30893481
-1.30386293 -1.01844800 -1.50972104
1.44011748 0.73780221 -0.06652155
-0.60406172 1.15139031 1.36767936
-1.27307212 1.07872248 1.39358234
1.39458656 0.90091348 -0.81932724
-1.01150489 1.02843130 0.73190713
-0.41264445 -0.51249844 1.31119454
-0.94537342 1.12994838 -0.61530519
1.32370889 -1.43618727 -1.14507341
1.13773572 1.02064073 1.26751935
-0.06514955 0.60337007 0.82244122
0.99237406 0.77083349 -1.47159684
1.43186402 -0.42483565 -0.87157017
1.11675727 0.38710904 -1.34510136
0.62533569 -1.27950025 -1.28041875
0.89818019 0.87777042 1.20156717
0.99210948 0.73133099 -1.51487648
0.78237039 0.98335534 0.98052490
0.76060849 -1.33187628 0.40421912
-1.39585280 -0.70275396 -0.09196264
1.02830255 0.00716202 1.26846337
1.07365084 0.55395842 -1.66909909
1.45909393 0.48844704 -0.82282984
-0.33407548 -1.42642701 -1.25073981
1.32948732 0.65976495 -1.58484554
-1.32980752 -0.35275477 -1.13510633
-1.43353117 0.23472708 0.10073776
1.37244403 -0.56111908 -1.13363659
1.21178889 -0.87586039 0.62755263
1.06493604 0.99971730 0.73089999
-1.01178992 0.92919230 -1.19563723
1.43261993 0.73780221 -0.58700955
0.11093836 -0.29319248 1.37765908
0.63618535 1.12266850 0.80907506
1.45966995 0.61646771 0.19926152
0.77197421 0.88715094 1.24695563
-0.58074379 -1.16844785 -1.28648627
0.40437362 0.41138464 -1.26788342
1.39124346 1.01116347 -0.22988600
1.04913783 0.91297078 1.18879938
0.62894720 0.62531525 -1.28950942
-1.39022911 -0.98352021 0.12653160
-0.89457607 -1.26768970 -1.39084911
-1.33220804 1.04676378 -0.40888667
-0.33407548 -1.42642701 -1.25073981
-1.40652728 0.65631139 0.17459461
0.84663296 0.48471525 -1.29881465
-0.07025566 -0.10375525 -1.27030206
-0.41296986 0.21124870 1.14334273
-1.19128525 0.23724674 0.80433840
0.70406163 -1.83644354 -0.72059810
1.41951382 0.48844704 -1.37304199
1.42435884 -1.25904846 0.28476784
1.43503046 -1.26300263 0.11857638
0.47676596 -1.84939516 -0.67123431
-1.40609968 -0.35255596 0.10045518
1.48338068 0.44423869 0.10218108
-1.38170862 -1.30358028 0.07845952
0.60625952 -1.38569415 0.35290170
0.99753869 -0.21906075 1.37074089
1.32370889 -1.43618727 -1.14507341
1.23935831 0.19217481 0.83485645
-1.01608217 1.07859433 1.41778386
1.05461049 0.82225168 0.73931342
0.42086604 1.13358784 -0.83989924
-1.43353117 0.23472708 0.10073776
0.19151407 1.17501318 1.42830169
-0.06993838 -0.57767141 -1.26911938
0.94671106 0.84744179 -1.30579901
0.11858679 0.22386050 -1.26982582
-0.59261817 1.04221916 0.81060433
-0.90183496 0.87879533 -1.27503598
1.01760042 -0.50621343 1.30663753
-0.67604375 1.12470460 1.45264626
-0.05785517 -1.71777618 -0.22541676
-1.14705300 -1.13271046 -1.69339335
-0.60469472 -0.64544219 -1.26837349
0.39802328 -1.03273010 -1.27489102
0.94229931 -1.19464839 -1.41651392
-1.27672923 1.04932904 1.37106192
1.43051088 -0.49337542 -0.87126994
1.07335603 0.90961725 0.72851264
1.39458656 0.90091348 -0.81932724
0.75041598 0.89654320 0.77215999
1.01076961 -0.43880329 1.34241045
-0.90046394 -1.76754045 -0.58360726
0.76383436 0.71830195 0.78477877
-1.42346716 0.35445666 -0.84183931
-1.04867876 0.39711308 0.86099482
-0.05290692 1.14646077 -0.73572445
1.42212605 0.79315400 0.36555371
1.13352120 1.05390942 1.29290009
1.41060722 0.71497065 0.49998254
-1.36767137 0.90661824 0.04786088
0.30762926 -1.50407267 -1.24519610
-1.18778026 0.72225946 0.69480783
0.60565311 1.14520931 0.78897011
1.43579233 -1.12121749 -0.85141331
1.42078137 -1.34746003 -0.19289833
-0.91303730 0.52354008 -1.39847803
-0.88944566 0.28156015 1.06878471
0.49599242 1.26008725 0.75158697
0.86102980 0.40410084 -1.27293360
-1.01224208 1.11868846 1.44756901
-0.92963892 -0.98544115 -1.30564725
0.28546596 -0.36994147 1.36854196
0.43931070 -1.53756320 0.12451136
0.62894720 0.62531525 -1.28950942
-1.24667573 -1.53516388 -1.15556479
0.82567227 0.18704113 -1.27021885
1.33856487 -0.35295370 0.59997559
-0.80365855 -1.76558912 -0.51120460
1.35604024 1.01796782 1.30825949
0.40437362 0.41138464 -1.26788342
1.25539029 0.13422272 -1.25284266
1.00496972 -0.90084320 0.89005077
-0.43951100 0.93152523 1.20106149
0.76725382 1.11147249 0.92640454
1.44144022 -0.87981600 -0.10130603
-1.40559816 0.61641937 -0.58803642
0.60006618 -1.47280741 0.22837724
-1.15851605 -0.55626005 0.91981357
-0.81129259 0.98860735 0.85768414
0.52450639 1.14677882 0.78260881
-1.20529735 0.05844547 -1.25286114
-1.06379282 -1.73185027 -0.61942500
-1.00800169 -1.31814337 -1.49524498
1.07650483 0.65549779 0.76492786
-1.40652728 0.65631139 0.17459461
1.06780028 0.88083708 1.18599606
1.26371002 0.17280351 -1.25276279
-1.40609968 -0.35255596 0.10045518
0.19228676 0.95718104 1.21423268
-1.10740376 1.15029573 1.42865837
-0.56747472 -0.29325658 1.37765908
0.80703032 0.99606586 1.05963993
1.43010795 -0.19563663 0.28116351
0.16636331 1.07691061 1.28731418
-0.07737669 0.27064002 -1.26858342
-1.29973936 0.90767598 1.22496474
-1.40576315 -0.35255596 -0.23494470
-0.66750813 1.01207435 1.06536317
0.19424909 1.00145280 1.35940289
-1.02840114 0.69759166 0.75439996
1.45106089 -0.27568537 -0.40665525
-0.81907225 0.88351512 1.24561846
-0.68538934 1.12574768 1.29360020
-1.17237484 1.14200354 1.38012588
-1.26790464 0.95256388 0.60666150
-1.42858517 0.48844704 -0.40514717
-0.54489684 -1.83544230 -0.76848876
-1.06465340 -1.72446299 -0.56338829
-0.77136087 -0.02332015 -1.27030563
-0.59058410 -0.97031742 -1.26680434
-0.42012337 0.38505599 0.96482325
-1.03757679 1.18165016 0.60955018
-0.78850996 1.14378273 -0.61508518
-1.43927181 0.40182865 -0.40533707
0.89418554 -0.13087633 1.35268831
1.45736516 0.19124103 -0.87182683
1.34230793 0.78185207 0.60706222
0.48255798 -0.10545584 -1.27030206
0.51253188 1.25084066 0.53536934
-0.57170284 -1.17380118 0.49596232
0.67623174 0.99667937 -1.13252866
0.58804989 -1.79047179 -0.82246614
-1.19264126 0.19217481 0.83485645
0.47265628 0.29389158 1.06878471
-0.76247519 -1.82149458 -0.75065029
1.45693970 0.12827656 -0.22984597
1.02676034 -1.00202739 0.70646888
1.27888501 -1.62230754 -0.57034278
-0.98168403 -1.03650928 0.64278263
-0.82469642 -1.44250381 -1.24885297
-0.73759347 1.13328719 1.33522677
1.44835544 -1.19052970 0.18772416
1.44069731 -0.87981600 -0.26668084
0.91206115 -1.23493922 0.47091374
-0.57153225 0.13178773 1.20383799
-0.17678958 -1.87628257 -0.72059810
-0.80096787 1.22640193 0.71400648
0.94385642 0.95440578 0.77568668
-0.14218955 1.14318120 1.35568500
0.79424220 1.08495557 1.10257041
-1.35766757 0.57524329 -1.39763021
-1.35140836 0.78794229 -1.07727778
0.48069072 0.98082179 1.21139193
1.45988917 0.23629466 -0.86663651
-1.38841832 -1.26300263 -0.01437979
-1.26856220 -1.47866559 -1.15159702
-1.19345903 1.13012874 1.44281089
-0.23978516 1.03359699 -1.08708620
1.46752918 0.18136036 -0.59954387
-1.01448143 0.56673771 0.79206240
-1.39340031 0.73780221 -0.06652155
0.99209052 1.12994838 -0.61530519
-0.76997846 1.11491561 1.29294121
-0.94519252 -1.35459924 -1.38416672
-1.36572099 0.90895993 0.23266271
1.45742953 0.12811978 -0.05577379
0.64096928 1.20921314 -0.10611366
1.23657608 0.64056504 0.71485126
0.94930607 -1.12084663 -1.41051745
-1.33020842 -0.11522738 -1.13545907
-1.26667678 0.89149565 1.21353471
-1.35165572 -1.26277757 -1.11942542
1.45325279 -0.19559684 0.10082158
0.87556022 1.20811963 0.29003882
1.21046603 -0.78604984 0.71957827
-1.17838895 1.14383233 1.43776798
1.06193066 -0.83889669 0.94025367
0.92943013 0.98191774 -1.13252866
1.47294450 0.18136036 -0.40569839
-1.36510825 0.90661824 -0.40401375
1.39453197 0.96195388 -0.58408326
0.66938245 0.88706452 1.20862103
1.27203119 0.24267490 -1.25062108
0.65287763 1.16100407 1.38581884
-0.74688405 -0.90749860 -1.26537120
1.48539495 0.29019952 0.10187997
1.03803265 -1.07147741 0.57968688
-0.57672960 0.20853800 1.14334273
-0.12905507 1.10563076 1.31301033
-1.16543722 -0.94128072 0.55609041
-0.40740672 0.04203085 1.26965153
-0.74553239 0.97740877 0.89942563
0.49111834 -1.49807465 -1.24519610
0.44292593 1.06731045 -1.05270636
-0.40209195 0.77279580 0.77539778
0.65567374 1.01115620 0.81073040
0.42595315 1.04315102 1.23172855
-0.95114464 -0.13810076 1.35164237
0.45690867 -0.44196498 1.34621572
1.32013726 -1.29980659 -1.44929254
0.74930686 1.23957670 0.68200171
0.76984262 0.31915718 -1.26784647
1.12679267 0.24887232 -1.26858342
1.29176068 1.09553540 0.03321609
1.12679267 0.24887232 -1.26858342
-0.14466354 1.16274762 1.47076011
-0.48523989 -0.81820273 -1.26575100
1.04324353 0.52152079 0.81367773
0.47042996 -1.79961467 -0.90072048
0.14647083 0.67740113 -1.28257370
1.44849598 -0.49337542 -0.42032251
-0.78891903 0.22839200 -1.26932812
-0.06709090 -0.92639846 0.89005077
-0.19279902 1.25190222 0.53536934
1.44763374 -1.01529944 -0.84746891
-0.95302445 -0.29670545 1.37519836
0.71623296 1.01026404 0.87102383
1.44879758 -1.19046974 0.06303500
0.24023671 1.21623194 -0.10611366
-0.75024140 0.26012623 1.09839416
-1.20529735 0.05844547 -1.25286114
1.43045938 -0.03518011 0.27493864
-1.35027778 0.80848640 0.49298373
0.45739019 -1.14095151 0.51181370
-0.06717135 -0.85536236 0.98367143
1.08197224 -0.33387432 1.28194225
1.45342255 -0.19559684 -0.05540400
1.27077794 0.35843620 0.66202492
0.45204085 0.96334171 0.77483273
0.54657000 1.12303984 0.78654307
0.30762926 -1.50407267 -1.24519610
-0.99609941 -0.51855493 1.28675902
0.45228210 -0.12732407 1.35268831
0.09038643 -1.83162713 -1.13762438
-0.70643634 -1.42139149 0.29664564
0.92699605 1.06858742 0.78848094
-1.04576778 0.46544370 -1.55843604
1.31746924 -1.13607979 0.47063127
-0.71389133 -1.33187628 0.40421912
0.11149819 0.65032351 0.80687743
-1.14735675 -0.98001951 -1.44814229
-1.03595424 0.50877476 -1.62404072
0.38919690 -1.28440607 -1.28041875
0.81616652 0.99183077 -1.13252866
0.63918608 0.32227325 1.03182030
-0.89558214 -1.19464839 -1.41651392
0.51125526 0.94280267 1.31383073
0.09133033 -1.85072458 -0.59840077
0.93538433 0.26574305 1.08744419
1.45325279 -0.19559684 0.10082158
-0.57726926 0.49967411 0.86149830
1.43699646 -1.19114351 -0.63412797
1.02495992 1.03822803 -1.05250013
-0.90371090 1.14427686 1.45674169
-1.27672923 1.04932904 1.37106192
0.64740998 0.42630306 -1.27059448
-0.82884312 1.20053303 0.12983751
-1.40128064 -1.15632534 -0.44126073
0.27614430 -1.54375863 0.12451136
0.48191166 -1.82891381 -0.59840077
-0.40263835 -1.34446859 0.40421912
-0.59400719 -1.75178993 -1.21459043
1.23496163 1.12201250 1.35662329
0.11842914 -0.72976983 -1.26731217
0.76503897 1.02967250 -1.08708620
-0.10445397 0.41409856 -1.26788342
-0.98947030 -1.50500202 -1.24323404
-1.09208739 1.13470078 1.36188579
-1.13342118 0.99266750 -1.07448304
-1.31569111 0.95421147 1.25952375
0.83638930 0.88092107 1.20395839
1.43338859 -0.88026917 -0.62182438
1.03524661 0.41154301 -1.37506115
1.43091404 -1.01523077 -1.10622692
0.11487604 0.28282711 1.08744419
0.28093281 -1.39698458 0.35290170
-0.05270535 -1.78360891 -0.39242634
-0.05785517 -1.71777618 -0.22541676
-1.38590276 0.73780221 -0.58700955
0.28049603 0.82001263 0.77032244
1.03930569 -1.18651915 0.48810470
-0.95345241 -1.11382782 0.52340502
-1.26534712 0.98646075 -0.98973966
0.75315344 -1.42139149 0.29664564
-1.03022540 0.23062721 1.08717430
0.50340527 1.09676099 1.43240654
-0.92231202 0.90827024 1.28459501
1.46591830 0.57524621 -0.05685057
-0.44023344 0.19294438 -1.27021885
-0.65606588 1.10167575 0.88633448
-1.23712230 0.81874901 -1.36835527
-1.17491996 1.14630306 1.39329779
0.59237272 -1.79989052 -1.13762438
-0.25570977 -0.18919750 -1.27030206
-1.38667119 -0.88026917 -0.62182438
0.30233657 1.02533352 0.77714044
0.69155490 1.07621384 1.08792627
1.04855454 1.15149474 1.39255393
1.47583437 0.19124103 -0.40567914
1.03594542 -0.45170984 1.32581162
-0.76055795 1.15422642 1.38067472
1.07056451 1.01551282 1.36945057
0.85333484 1.16035759 1.43686128
-0.93410748 -0.43732616 1.34621572
-0.66838193 -0.81543106 -1.26575100
0.11697279 -0.10375525 -1.27030206
1.46186185 -1.04997385 -0.11192426
-0.78534335 0.88863051 1.19145668
1.48220575 0.35380197 -0.59310240
0.45690867 -0.44196498 1.34621572
1.40240574 0.96422607 -0.06926014
0.91363257 0.70923918 0.77870286
-0.06564071 -1.07410884 0.63382334
0.81871927 0.91799450 -1.23141801
1.36420488 1.06907129 -0.59413308
-0.58987695 -1.05768907 -1.27858424
-1.33929384 -1.41334152 0.17853235
1.05997860 0.20514353 1.11141908
-1.01726949 -1.38709772 -1.28553843
-0.14908795 0.91423059 1.19738770
0.48258057 0.07369162 -1.27031934
-0.40624058 -0.29323250 1.37765908
-0.94785094 -0.97377986 0.77072817
0.35890710 0.32555944 -1.26760805
0.28093281 -1.39698458 0.35290170
-0.57935143 -0.58297342 1.26342797
0.89609283 -1.45447671 0.22837724
-0.79974991 -1.02518094 -1.29014540
1.06044769 -1.14250851 -1.67987812
-0.53630489 -1.79995918 -1.01518619
0.64079237 1.22058892 0.02398736
1.47789085 0.29068038 -0.59610665
1.20053935 -1.09667420 -1.66973758
-1.27307212 1.07872248 1.39358234
-1.24527919 0.89161813 1.24528074
1.24017608 1.13012874 1.44281089
1.36247456 0.92720306 1.25902295
-0.17419489 -1.81520081 -0.90072048
1.08313417 -1.00722969 -1.50289917
-1.37162113 -1.34746003 -0.42420331
1.20053935 -1.09667420 -1.66973758
-0.59261817 1.04221916 0.81060433
1.05065310 0.26452234 1.06898665
1.20413888 -1.48660588 0.11401427
-1.29133618 0.57841069 -1.61484671
0.59332675 -1.84953833 -0.72059810
1.45234811 -1.12041903 0.02809315
-0.98068315 0.96055597 1.21303201
0.83336473 0.96338874 1.18406391
-1.41164541 0.57524329 -0.58832663
1.43519247 0.12699451 0.26689121
1.27203119 0.24267490 -1.25062108
-0.78131551 -1.34322536 -1.28257012
-1.39022911 -0.98352021 0.12653160
-1.13951731 -1.21579349 0.46759146
-1.40142870 -0.56016701 -0.25185406
-0.93164498 0.12019597 1.20383799
1.45121980 0.05354239 -0.40571558
1.03524661 0.41154301 -1.37506115
0.11310601 -0.66633362 1.19677651
1.42841792 -1.30358028 -0.14655311
-1.11340988 1.11237681 -0.61479533
-1.36459756 -1.01532543 -1.34779799
-1.43413782 0.40193051 -0.59068906
-1.38590276 0.73780221 -0.58700955
-1.10697472 0.93321669 1.20410383
-1.36252689 -1.34729898 -0.71734363
-1.35861814 0.37162507 -1.29204559
-0.41019151 -0.44196498 1.34621572
-0.41067308 -1.14095151 0.51181370
-1.22643650 0.19806600 -1.25237858
1.37566757 0.28983456 0.48599619
-1.15529549 -0.48955321 0.96271592
1.44814575 -0.56016701 -0.25185406
-0.25416777 -0.64905041 -1.26837349
-0.07025566 -0.10375525 -1.27030206
-0.56478953 -1.42081499 -1.25073981
1.06279933 1.07859433 1.41778386
-0.06456607 -0.37021771 1.36854196
-0.88944566 0.28156015 1.06878471
0.76311201 1.19746554 -0.10611366
1.40180850 0.96422607 -0.22944698
1.43338859 -0.88026917 -0.62182438
-1.11090374 1.15217412 0.22955987
0.99308628 0.80632746 -1.41990006
-1.24527919 0.89161813 1.24528074
0.71422517 1.01207435 1.06536317
1.34319830 0.38684264 -1.38434577
-0.82405120 0.87779212 1.22149992
0.76360309 1.15656424 0.77222961
-1.27776778 0.95560718 1.24206173
1.20161664 0.58742768 -1.70144415
0.96986073 -0.35451883 -1.27019477
0.45729312 1.02597260 0.77709949
-1.03369653 -0.17654474 1.27427983
0.70406163 -1.83644354 -0.72059810
1.38040376 -1.43198967 -0.95848721
-0.41553015 0.45274192 0.89677966
1.10837960 -0.35397279 -1.27019477
-0.40545145 -0.21199547 1.37248886
-1.19019389 0.38175312 -1.35457790
-0.70889997 0.80107474 0.77032244
-0.94184256 -1.39788961 -1.27511668
-0.10180224 -0.97626501 -1.26680434
0.14641798 0.83910799 -1.26544714
-0.87883836 -0.83895451 0.98367143
0.99551088 -1.37524879 -1.32608867
-0.76247519 -1.82149458 -0.75065029
-1.16769254 -0.97933650 0.51731437
-1.05505192 -0.89256150 -1.27375174
1.06113493 0.68097115 -1.65144026
1.15711820 1.08009732 0.68995595
-0.18767796 -1.81740046 -0.50967062
1.47097218 0.20594460 -0.59925348
-1.40030396 0.69574350 -0.06548668
1.03813112 -0.82923120 0.97557396
0.92473418 -0.90790039 0.89005077
-0.75829262 -1.77384913 -1.13960552
-0.88995111 -1.79661548 -0.70749944
-0.71171534 1.23224580 0.52723378
0.98936731 -1.18707991 -1.57387412
-0.41023126 1.01016092 1.21686935
0.80280066 -1.76363564 -0.82246614
-0.87540299 -0.74571556 1.09901261
-1.40670538 -0.19559684 -0.05540400
0.29640937 0.29684806 1.06878471
-1.41654730 0.29001451 0.25998923
1.47026348 0.48844704 -0.58889735
0.61199337 -1.29251266 0.44426486
0.44292593 1.06731045 -1.05270636
-0.70258981 1.23957670 0.68200171
-0.43584082 -0.10545584 -1.27030206
-1.37972438 -1.22223401 0.31599492
-1.29902494 0.53550428 -1.59959912
0.79086882 0.37684160 0.96482325
0.09962406 1.14646077 -0.73572445
-0.76247519 -1.82149458 -0.75065029
-0.94144863 -1.25950480 -1.52337933
0.72284102 1.12226379 1.45107281
-0.82884312 1.20811963 0.29003882
-1.29783738 -1.05272317 -1.55501330
-1.22282577 0.95104212 1.30930161
0.57301694 1.13282371 -0.83989924
-1.10460925 1.13986766 1.45006847
-0.50883090 1.09941006 0.78766406
0.82786977 0.74713224 -1.28932595
0.74906737 -1.46488702 0.22837724
0.60501891 0.85311848 0.77002686
-1.33648241 1.01841462 0.35119960
0.29548252 0.32870781 1.03182030
-1.09920788 1.14915574 1.39259553
0.62299913 -0.51135480 1.31119454
-1.42263162 0.53249192 -0.40504131
-1.14851892 -0.19210461 1.00730288
1.05532718 -1.21424234 -1.65409994
-1.40697670 0.65630770 0.07043900
-0.42538700 1.12628984 1.31878138
0.61627233 -1.53544593 -1.24323404
-0.88027894 1.06858742 0.78848094
0.72468507 1.10127628 0.99270451
1.43230975 0.78775978 -0.22947375
0.89801866 0.03494881 1.26965153
1.02830255 0.00716202 1.26846337
0.14814177 0.54089218 -1.28571069
0.30240971 -0.27430275 -1.27028060
1.48932993 0.35363826 -0.22976552
1.31375504 -1.49133015 0.07277305
1.01929295 1.05435240 1.27627933
-0.42031693 -0.92088795 0.89005077
-1.12960827 -1.35220170 -1.36407161
-0.99652642 0.52152079 0.81367773
0.39143607 -1.40317774 -1.25600159
-1.40308142 0.12827656 -0.59958899
0.45694840 1.01016092 1.21686935
-0.81813449 -0.81194162 -1.26575100
-0.44298455 -0.72598296 -1.26731217
1.34206748 1.12086058 1.38717973
-0.57170284 -1.17380118 0.49596232
1.45677125 -1.04999387 -0.62739372
0.97397184 0.03110058 1.26965153
-0.59404576 1.22698486 0.13375482
-1.15851605 -0.55626005 0.91981357
0.73837698 1.11185372 1.01430166
0.09611093 1.21583796 -0.10611366
-1.36759710 0.90661824 -0.06858113
0.53650314 -1.76274073 -0.39242634
-1.35193360 0.61641937 -1.39412773
-0.97684914 1.02136195 1.25156450
0.86815995 1.04760253 0.85444248
-0.35589495 0.42992121 -1.27059448
-0.58324856 -1.13086915 -1.28725576
-0.92223161 0.87848026 1.24037492
0.14607631 -1.25073826 -1.28428459
-0.99018466 -0.89645535 0.88157415
1.45516086 -1.12101793 -0.11275226
0.81932628 -1.79140997 -0.59870762
-1.05794489 -1.70386493 -0.73483777
0.70278299 1.10167575 0.88633448
0.32365498 0.26847300 -1.26858342
0.76709473 -1.24337363 0.47091374
-1.00017607 0.29482368 1.03231812
-0.92348135 0.06612618 -1.27031934
-0.99887407 -1.46231496 -1.24519610
0.38022569 1.21674371 -0.10611366
0.74050605 0.99413931 1.06297028
-0.60701060 -0.50349379 -1.26965356
-0.75421679 0.28677389 1.06878471
0.64076287 1.22698486 0.13375482
0.29299259 -0.92400181 0.89005077
-1.41056538 0.12764940 0.09934203
-1.19019389 0.38175312 -1.35457790
1.10876548 0.06262541 -1.27031934
1.28850710 0.89484572 1.20123887
0.79883337 1.15931749 -0.47023284
-0.34410420 1.17594576 0.78038931
-1.39854026 0.16484557 0.26394832
-0.77895510 0.18704113 -1.27021885
1.45219493 -0.42483565 -0.06345212
0.91363257 0.70923918 0.77870286
1.41990626 -0.78997129 0.15919808
-1.31217313 0.61957484 0.63532573
0.84936661 -1.67689490 -0.22663578
-0.31218997 0.32555944 -1.26760805
-1.20815659 0.88072366 1.20539665
0.81871927 0.91799450 -1.23141801
1.44069731 -0.87981600 -0.26668084
1.15267527 1.15127504 1.41108632
0.74758959 0.96620083 1.18027604
0.11153979 0.13790648 1.20383799
1.31527936 -1.47866559 -1.15159702
1.12911248 1.08303964 1.31573689
1.21341133 -1.61697471 -1.15987194
-1.36847138 0.29686779 -1.12284267
-0.90021509 0.98084086 0.78191578
1.23856056 0.29352376 0.75397432
-0.40010291 0.85854435 0.77001053
-1.35568857 0.96422607 -0.06926014
1.18954253 -1.16830838 -1.69229901
-1.32607889 -1.53271818 -0.31157652
-0.44375789 0.21928814 -1.26982582
0.38955018 -1.21010590 -1.28539419
1.32505488 -1.26316321 0.42048758
0.92699605 1.06858742 0.78848094
-0.45668814 1.09676099 1.43240654
1.25581896 1.07792521 1.40640461
0.62881541 -0.66115713 1.19677651
-0.44440123 -1.49807465 -1.24519610
-0.32111615 1.21545565 0.78085643
-0.57571578 0.54424310 0.84177804
-1.37420464 -1.34746003 0.02835261
0.44292593 1.06731045 -1.05270636
1.00429225 -1.07693934 -1.52731586
-0.87760448 -1.74056518 -0.89958692
0.14660530 0.87006128 -1.25780451
-1.14980364 -0.11207855 0.98919892
0.12409382 0.27064002 -1.26858342
-1.33648241 1.01841462 0.35119960
-1.01640999 0.97103202 0.73192322
-0.58025074 0.44874510 0.89677966
0.92003399 -0.94884777 0.82656187
-1.37972438 -1.22223401 0.31599492
-0.70455974 1.11296785 1.02464986
0.66908181 -1.75286591 -0.39242634
0.27743435 1.09307063 -1.00341439
1.45081353 -0.49337542 -0.07176077
-1.41062641 0.61641937 -0.40482748
1.43091404 -1.01523077 -1.10622692
-1.40670764 -0.11588724 -0.05561303
-0.71433932 1.20874536 0.02398736
-1.32594442 -0.88572317 -1.12122691
1.25342226 1.10088348 1.42396438
-0.83661193 0.92928523 0.77712095
1.42520678 -1.04983485 0.17084956
0.11697279 -0.18878202 -1.27030206
-1.01521349 -0.83889669 0.94025367
1.42899871 0.74195606 0.37075371
1.45369411 0.65630770 0.07043900
-1.41341197 -0.98356867 -0.27323681
0.08987721 -1.82200933 -0.82246614
-0.18182240 1.24857712 0.77360106
1.34789932 0.90640324 1.24252737
0.59237272 -1.79989052 -1.13762438
-0.39259353 -1.53756320 0.12451136
-0.86448240 -1.27699447 0.44426486
0.81810927 0.06922296 -1.27031934
-0.34300363 0.75797582 -1.26677418
0.39801189 0.49283561 -1.28025866
-1.14123082 -1.27441025 -1.56651902
0.63355124 -0.91756946 0.89005077
0.65490144 -0.10647995 -1.27030206
-1.38907504 -1.12121749 -0.85141331
0.82813472 0.78721327 -1.28605223
0.39603895 -1.06148648 -1.27858424
-1.27532649 -1.19438505 -1.58602786
1.41131461 -1.01532543 -1.34779799
-0.97345513 0.47287753 -1.48436189
1.36647129 -0.70463979 -1.13127494
-0.57060999 1.03477788 -1.08708620
-0.34378433 -1.38184392 -1.26173627
-0.40209195 0.77279580 0.77539778
0.91432500 -1.75368869 -1.13994098
-1.01637459 0.64005589 -1.68083477
0.61150664 -1.42081499 -1.25073981
0.94512063 0.81558567 -1.33574998
0.83206052 0.88863051 1.19145668
-1.03334439 -0.25701699 1.28510737
-0.99141401 -0.82923120 0.97557396
1.03524661 0.41154301 -1.37506115
1.44556427 -1.19114351 -0.27703473
-1.11340988 1.11237681 -0.61479533
-0.86691540 0.70923918 0.77870286
1.39151978 -1.28382397 0.36433062
-0.74820000 -1.74072134 -0.39291599
-1.11340988 1.11237681 -0.61479533
-1.40050566 0.57524329 -0.82155329
-0.57170284 -1.17380118 0.49596232
-0.73217565 -1.05804563 0.63382334
0.11210617 -1.11095798 0.55859739
1.47872663 0.20578119 -0.05569429
-1.39784646 0.69574535 0.25814423
0.81359553 0.99437267 0.95768034
1.43390787 -1.26300263 -0.32754707
1.39271402 0.97272074 0.35311276
-0.89735985 0.77989995 -1.36028409
-1.38327110 -0.27576494 0.28305301
-1.36838162 -1.34746003 -0.56441349
-1.35948670 -0.98369843 -1.32043827
0.39140931 0.89314997 -1.24754703
-1.11945450 1.07774234 1.41379583
-0.24181043 0.21379223 1.14334273
1.25593162 0.87958932 1.22127545
0.45729312 1.02597260 0.77709949
-1.28849912 1.07228255 0.48511815
0.45464918 -0.36958256 1.36854196
-1.36700106 0.90661824 -0.22938275
0.77848864 0.20512526 1.14334273
1.34789932 0.90640324 1.24252737
1.44034684 -0.78997129 -0.09623677
-0.84323508 0.95075947 -1.19098091
-0.97399694 0.47815457 0.84251153
0.75203592 0.84617907 0.77005714
0.81810927 0.06922296 -1.27031934
0.78340036 -0.98784590 0.77072817
0.28191674 0.77814531 0.77539778
-0.43569949 -0.35569894 -1.27019477
-1.37767744 -0.62834269 0.20101041
-0.06792615 0.33110538 1.03182030
-1.14452708 1.13301933 -0.09901754
1.06282079 -1.36476171 -1.35311067
0.96005243 1.00829208 0.77772832
-1.32087803 -1.53105247 -0.57922149
1.45324421 0.65631139 0.17459461
-0.32111615 1.21545565 0.78085643
1.21046603 -0.78604984 0.71957827
1.43338859 -0.88026917 -0.62182438
-1.05908751 -0.68316936 1.06062746
0.29220676 -0.75753701 1.09901261
0.86102980 0.40410084 -1.27293360
-0.41802159 -0.96270698 0.82656187
1.39343226 0.35406080 0.44375470
0.10932583 -1.44513130 0.29664564
-0.09654365 -1.43074656 -1.25073981
1.09150112 -0.47394609 1.23556292
1.44342732 -0.62834269 -0.42220476
1.35477841 1.05041969 1.35336840
-1.03881097 -0.98732936 -1.44193280
-1.23712230 0.81874901 -1.36835527
-0.79778010 -0.96673578 -1.26971984
-1.32452679 -1.47438014 -0.97442639
1.39495802 -1.47457492 -0.41836792
0.16717377 1.04378092 1.26263058
-0.06815894 0.28282711 1.08744419
-1.00898397 -1.28567076 -1.55713427
-1.01241612 0.79625416 -1.47526312
1.09724462 -1.62851059 -1.22691858
-1.41855025 -1.01529944 -0.10874815
-0.31005868 -1.83711159 -0.59840077
-0.42371288 -1.79961467 -0.90072048
-0.40684575 0.68718117 0.79530668
-1.36286151 -1.39181399 -0.46991652
0.11186668 0.60337007 0.82244122
-1.20921457 0.87958932 1.22127545
1.45736516 0.19124103 -0.87182683
1.45115197 -0.19559684 -0.40571427
1.45061338 -1.15632534 -0.27055514
0.62433386 -1.79165387 -0.50967062
0.72299922 0.94502586 0.78823674
0.64985907 1.13950717 1.34256244
0.88023430 1.15945542 1.41649425
0.89947945 1.08531153 1.27255058
-0.65322953 1.12325621 0.83664036
-1.06910253 0.18174328 1.05935276
1.10837960 -0.35397279 -1.27019477
1.43261993 0.73780221 -0.58700955
1.03437173 -0.73823678 1.09164548
-0.55659622 -1.42901683 0.29664564
-0.94309771 -1.32754219 -1.43495250
1.24990404 1.11783636 1.43620861
-1.31746638 -0.79383934 -1.12651455
0.70329005 -1.83629620 -0.75065029
-0.86583155 -1.01604784 0.70864582
-1.29383099 1.08432591 -0.25326735
-0.98695678 0.09443094 1.20385480
1.20114577 -1.06577194 0.58057964
0.11824860 1.02454543 0.77713597
-1.27776778 0.95560718 1.24206173
-1.40697670 0.65630770 0.07043900
-0.09654365 -1.43074656 -1.25073981
0.64072430 -1.75178993 -1.21459043
-0.52028555 -1.67442942 -1.23700786
-1.36847138 0.29686779 -1.12284267
1.34000409 -0.49341521 0.56324965
0.89510053 0.83602142 0.76391453
0.90532881 -1.36872220 0.35290170
-1.04979825 0.46556243 0.81063938
1.41408098 -1.26288557 -0.88189244
0.99978036 -0.05752117 1.31812274
1.23513269 0.18198971 0.84125179
1.06398654 -1.38709772 -1.28553843
-1.40245569 0.62060446 0.40731734
-0.39833075 -1.43507361 0.29664564
1.31317377 1.05267537 1.31632471
0.40437362 0.41138464 -1.26788342
0.89640355 1.10821879 1.30612564
-1.27342021 -1.29980659 -1.44929254
1.37447894 -0.49408516 -1.13413119
-1.38079727 -1.18686414 0.33974349
0.81938815 1.16283631 1.41906047
1.44863176 -1.08527792 0.03973327
-0.97814626 -0.07351771 1.31581450
-1.08140051 -1.07959139 0.56811601
-0.40859768 -1.54207253 -1.24323404
1.34763169 0.12619373 0.53800935
-1.40021157 -1.12121749 -0.62689722
-1.38130569 -1.30358028 -0.24577318
-0.72779661 -1.13080776 0.51181370
-0.23874882 -0.36994147 1.36854196
0.47425249 1.14182603 1.34965158
1.41264844 -1.39181399 -0.23989552
-0.99183065 0.36559942 -1.28569627
0.64128357 0.29074073 1.06878471
1.34645641 0.90767598 1.22496474
-0.11964620 1.07691061 1.28731418
1.26893544 1.14166331 1.38970351
-1.39091897 0.73780221 -0.40447581
-0.97684914 1.02136195 1.25156450
-1.32412016 0.99652648 -0.79644704
0.86102980 0.40410084 -1.27293360
1.35868704 1.03368163 0.48631918
0.18454586 1.12719595 1.33568811
-0.94063759 0.19487505 1.14334273
-0.06709090 -0.92639846 0.89005077
1.48085475 0.40193051 -0.59068906
-0.93164498 0.12019597 1.20383799
1.42158866 -0.88208169 -0.86543697
1.39124346 1.01116347 -0.22988600
1.41431439 0.90661824 -0.06858113
-0.87349576 0.62242573 0.80080169
-0.09795450 0.92069948 -1.22918200
-0.65657288 -1.83629620 -0.75065029
0.18754758 0.98242557 1.22648144
0.96356511 1.00226271 1.36013997
1.38384748 1.00823617 -0.58133525
-0.56508410 0.72519732 0.78477877
0.97361559 0.94474262 1.31568825
-0.24181043 0.21379223 1.14334273
-1.19184351 0.29352376 0.75397432
-1.31197000 1.03368163 0.48631918
0.82646739 -1.23735404 -1.30893481
-1.10604072 1.16052508 0.36831650
0.91452605 0.31499884 -1.26880062
1.04324353 0.52152079 0.81367773
0.50127763 1.16033566 1.46892941
0.51748818 0.26565751 -1.26858342
0.14005694 -0.91618419 -1.26478815
-0.97578472 -0.23400146 1.36311746
0.45464918 -0.36958256 1.36854196
-0.06386688 0.73976898 0.78477877
0.11117611 0.04503570 1.26965153
0.70475906 -1.82593095 -0.67123431
1.11909556 0.17832541 -1.27021885
-0.40159306 1.08567715 0.77842301
1.48024833 0.23472708 0.10073776
0.99974161 -0.29670545 1.37519836
-0.14796117 0.97093093 1.33610260
-1.00183749 1.15149474 1.39255393
-1.11090374 1.15217412 0.22955987
-1.18858492 1.14780688 1.40924180
-0.90443510 1.12113607 1.45025051
-1.28462040 0.92627496 1.27653348
-0.81385851 1.00794649 1.36444139
-1.22570753 1.13918567 1.43431437
1.23496163 1.12201250 1.35662329
0.72468507 1.10127628 0.99270451
0.92003399 -0.94884777 0.82656187
-1.37042952 -1.15170145 0.36657801
0.98809457 -1.66456771 -0.23151170
1.38040376 -1.43198967 -0.95848721
1.24337137 -0.88879490 -1.25359440
0.24016424 1.23431015 0.13375482
-1.37992215 -1.30358028 -0.37301192
-0.83521461 0.88758481 0.76449126
0.94850200 0.61421049 -1.42225218
-0.86760789 -1.75368869 -1.13994098
-1.01448143 0.56673771 0.79206240
-0.14466354 1.16274762 1.47076011
1.02740026 0.96055597 1.21303201
-0.95101827 -1.11390090 -1.55844688
-1.11001492 1.13044560 1.45002711
-0.25572351 0.07554777 -1.27031934
0.91432500 -1.75368869 -1.13994098
1.32278347 0.94696254 -1.02025437
-0.40624765 -0.04304292 1.31865168
-0.81813574 0.94908774 1.31948960
-1.15201449 -0.42133540 0.99261147
1.32764626 1.01566565 1.34526789
0.87713784 1.19425201 0.02398736
-1.39899397 -0.62834269 0.04807343
-0.46484706 0.90426266 1.27344048
-0.42371288 -1.79961467 -0.90072048
-1.07237852 0.17832541 -1.27021885
-1.12771332 0.81744468 -1.40591729
-1.34512472 1.01116347 -0.07057055
-1.26645660 1.05267537 1.31632471
-0.04338426 -1.84131169 -0.78345692
-0.92438513 -0.29337808 1.37765908
1.21074462 0.12922744 0.87528116
-0.04985975 1.16054571 -0.61503023
1.42503297 -1.26297915 -0.66591865
1.09961176 0.43003526 -1.48474646
0.40261206 0.42992121 -1.27059448
-0.72013766 -0.04610719 1.31865168
-0.65008730 1.16695166 1.44185579
0.29217657 0.25360641 1.11156726
-1.10482347 0.50851953 0.76648933
-0.19352923 1.19701326 -0.28858685
0.99551088 -1.37524879 -1.32608867
0.72186637 1.15029895 1.46659923
1.40029442 0.19301526 -1.13506460
-1.05289459 0.43003526 -1.48474646
-0.25080764 0.96596408 0.77493268
0.48002061 -0.64730376 -1.26837349
1.43308115 0.05354239 -0.87207597
1.41182530 0.90661824 -0.40401375
-0.90371090 1.14427686 1.45674169
0.46007934 0.50394356 0.86149830
-1.40397978 -0.35255596 -0.41041905
-1.19128525 0.23724674 0.80433840
-0.24195236 -1.07114899 0.63382334
-1.04979825 0.46556243 0.81063938
0.65479350 1.17074025 -0.47023284
0.99209052 1.12994838 -0.61530519
0.77883232 1.10137010 1.01051760
-1.35140836 0.78794229 -1.07727778
-0.40790412 -1.21605897 0.48694545
-1.20664048 0.93172109 1.21112800
-1.30118239 0.90640324 1.24252737
-1.40177894 -0.49337542 -0.42032251
1.43743324 -1.22624576 -0.46010694
-0.57726926 0.49967411 0.86149830
-0.55855393 0.80853170 0.77032244
0.34964791 -1.80864799 -0.82246614
0.81659317 -0.50210696 -1.26965356
-1.01241612 0.79625416 -1.47526312
-0.83042073 1.19425201 0.02398736
1.07626450 0.95166397 1.32064462
-0.33338934 1.24255168 0.30962539
-1.43094063 0.19124103 -0.22983651
0.83372927 1.12902689 1.33481920
0.92432153 -1.74056518 -0.89958692
-1.12750709 -1.11477864 0.52212918
-0.94587964 0.69047856 -1.55022418
-0.06792615 0.33110538 1.03182030
-0.24969225 0.29684806 1.06878471
1.44144022 -0.87981600 -0.10130603
-0.75713497 -1.48363459 -1.24519610
-0.72305292 -0.36871848 1.36854196
-0.10010505 0.89577383 -1.24754703
0.40051386 0.45626026 -1.27486873
1.20905375 -0.69883704 0.80307883
-0.66951591 1.01026404 0.87102383
1.47639990 0.20591031 -0.40564236
-1.40596497 -0.98356867 -0.62651318
-1.02639627 0.87346828 1.19846225
0.44063115 -1.60057855 -1.24057126
-1.32748294 -1.11659336 0.41398934
1.40525305 -1.43296373 -0.08248635
-0.57919991 -1.20556951 -1.28539419
-0.92892402 0.87483889 1.19934213
-1.39447379 0.61641937 -0.82090431
